   -0.013794     -0.99918   -0.0380567
   -0.999833    0.0142408   -0.0114939
   0.0120265    0.0378917    -0.999209
           0            0            0
    0.877819     0.260209    -0.402152
    0.463921    -0.670817     0.578603
   -0.119213    -0.694475    -0.709572
 -0.00729928    -0.905485    0.0390272
   -0.271643     -0.61335     0.741628
   -0.481934     -0.58033    -0.656473
    0.833037    -0.535742    -0.137952
   0.0306244     -1.72971    0.0261415
    -0.54308     0.735562    -0.404985
    0.700092     0.662948     0.265277
    0.463611     -0.13946    -0.874995
   0.0328127     -2.78632    0.0549312
   -0.814998    -0.337509    -0.471027
    0.252932      0.52414    -0.813205
    0.521348    -0.781898    -0.341807
  -0.0268812     -3.76247    0.0398905
   -0.796809   -0.0590868     0.601335
    0.454611     0.596947     0.661047
   -0.398024     0.800102    -0.448792
  0.00147439     -4.76989   -0.0946355
   -0.593501     0.802497    0.0612829
    0.593529     0.384983     0.706761
    0.543581     0.455837    -0.704793
  -0.0677074      -5.9174   -0.0122692
    0.110872     0.946029     0.304528
    0.913614    0.0235863    -0.405899
   -0.391175     0.323223     -0.86169
  -0.0799861     -6.80424    -0.053687
   -0.725166    -0.688307    0.0191553
   -0.397841     0.396116    -0.827535
    0.562011    -0.607721    -0.561087
  -0.0528941     -7.80566   -0.0439954
   -0.585976    0.0242292    -0.809966
   -0.684746     0.519685      0.51093
    0.433307     0.854014    -0.287932
   -0.123915     -8.76727     0.108336
   -0.562642    -0.797194     0.218895
  -0.0153019     0.274779     0.961386
   -0.826559     0.537567    -0.166801
  -0.0793928       -9.813     0.154548
   -0.475707    0.0241316    -0.879273
    0.136507     0.989538   -0.0466953
    0.868947     -0.14224    -0.474024
   -0.100812     -10.7465     0.260255
   -0.880025    -0.405854    -0.246657
   -0.431961     0.468132     0.770884
   -0.197398     0.784943    -0.587281
  -0.0430388     -11.7719     0.207557
     0.42125     -0.80622       0.4154
   -0.361192        0.271     0.892244
   -0.831918    -0.525897    -0.177042
   0.0153391     -12.8297     0.342937
   0.0457807     0.701463    -0.711234
    0.625362    -0.575333    -0.527176
   -0.778991    -0.420644    -0.465008
  -0.0463229     -13.7077     0.372835
   -0.268873    0.0452563    -0.962112
    0.668566     0.727827    -0.152603
    0.693345    -0.684266     -0.22595
  -0.0442525     -14.7083     0.358079
    0.553023    -0.709069    -0.437478
   -0.319597    -0.665451     0.674561
   -0.769431    -0.233231    -0.594626
  0.00560412       -15.79     0.566449
  -0.0500603    -0.188501     0.980796
   -0.637236    -0.750139    -0.176695
    0.769041    -0.633844   -0.0825675
  -0.0364412      -16.777     0.630641
    0.242284     0.895141    -0.374193
    0.965935    -0.258701   0.00656438
  -0.0909281    -0.363037    -0.927328
  -0.0242386      -17.848     0.573876
   -0.834212     0.454834    -0.311795
    0.505486     0.856699    -0.102719
    0.220394    -0.243297    -0.944581
  -0.0680679     -18.8926     0.582659
   -0.859906     0.415299    -0.296798
   -0.229915     0.204008     0.951588
    0.455743     0.886514    -0.079944
   -0.997716     -18.7635     0.608837
   -0.860356     0.138374     -0.49055
    0.317199     0.898715    -0.302815
    0.398963    -0.416131    -0.817107
    -1.05935     -17.7812     0.633671
   -0.682659     0.195869     0.703997
  -0.0903943     0.933372    -0.347342
   -0.725124    -0.300753    -0.619469
    -1.06436     -16.7538     0.657131
   -0.481155      0.17924    -0.858116
    0.842103     0.366539    -0.395615
    0.243623    -0.912974    -0.327301
    -1.04102     -15.7994     0.526732
   -0.290503     0.954562   -0.0664813
    0.896556     0.247256    -0.367493
   -0.334357    -0.166362    -0.927647
    -1.08051     -14.7289     0.432594
   -0.556295    -0.764091     -0.32665
   -0.691983     0.208304     0.691209
   -0.460104     0.610552    -0.644617
   -0.977977     -13.7868     0.373843
     0.50844      0.82617    -0.242759
    0.697031     -0.22934     0.679376
    0.505605    -0.514632    -0.692472
    -1.04502     -12.7469     0.371305
   -0.161211    -0.202502    -0.965921
   -0.598479     0.798292   -0.0674738
    0.784751     0.567207    -0.249886
    -1.04185     -11.8231     0.317352
   -0.733339    -0.625777     0.265739
   -0.291554     0.642573     0.708588
   -0.614175     0.442158    -0.653671
    -1.12584     -10.8139      0.29983
     0.53612    -0.843109    0.0417471
   -0.826266    -0.514002     0.230404
   -0.172798    -0.158019    -0.972199
    -1.07413     -9.77188     0.296589
    0.481458     0.876298   -0.0173341
    0.143128   -0.0981189    -0.984828
   -0.864704     0.471673    -0.172663
     -1.0755     -8.80157     0.148122
    0.648066     0.668242     0.365326
    0.556305   -0.0877567    -0.826331
    -0.52013      0.73875    -0.428619
     -1.0745     -7.82089     0.135756
    0.369052     0.875889    -0.310837
    0.716618    -0.481138     -0.50494
   -0.591827   -0.0364025    -0.805242
   -0.997512     -6.71766     0.174854
    0.572559    -0.818264     0.051193
   -0.782156    -0.563879     -0.26509
     0.24578     0.111739    -0.962864
    -1.01835     -5.87357     0.120245
    0.055819    -0.860005    -0.507224
   -0.833521    -0.319811     0.450515
   -0.549661     0.397635    -0.734683
     -0.9771     -4.75666    0.0889824
    0.869823      0.44623    -0.210443
    0.135947    -0.626817    -0.767215
   -0.474263     0.638732    -0.605884
    -0.84483       -3.743    0.0514733
    0.362835   -0.0754347    -0.928795
     0.53247    -0.801188     0.273081
   -0.764739    -0.593639    -0.250533
   -0.955425     -2.79756     0.178127
    0.307354      0.89817     0.314364
     0.78323   -0.0511498    -0.619624
   -0.540448     0.436664    -0.719195
   -0.858735     -1.83523      0.10068
   0.0543656    -0.859852      0.50764
   -0.803533     0.264133     0.533449
   -0.592772    -0.436907     -0.67656
   -0.952411    -0.971993   -0.0933693
    0.837845    -0.529016    -0.134749
   -0.357378    -0.344932     -0.86793
     0.41267     0.775347    -0.478059
    -1.01229    0.0861597   -0.0741142
    0.407357    -0.835057    -0.369783
   -0.889152    -0.270199    -0.369327
    0.208494     0.479241     -0.85256
    -1.99409     0.201743   -0.0142842
    0.610237    -0.700103    -0.370765
   -0.282034      0.24536      -0.9275
    0.740316     0.670563   -0.0477253
    -1.95722    -0.891837     0.117574
   -0.252972    -0.631107    -0.733286
   -0.869553    -0.183951     0.458301
   -0.424126     0.753568    -0.502247
    -1.87285     -1.84235     0.186192
   -0.847812    -0.417085     0.327499
   -0.501932      0.83042    -0.241799
   -0.171111    -0.369382    -0.913388
     -1.9432     -2.84003     0.241285
   -0.456931    -0.786195     0.416067
   -0.862789     0.277963    -0.422294
    0.216354    -0.551937     -0.80533
    -2.04768     -3.87151     0.285166
     0.39873     0.891745      0.21402
    0.742545    -0.176979    -0.645991
   -0.538183     0.416496    -0.732728
    -1.97251     -4.80063     0.201682
    0.284717     0.942766    -0.173578
    0.665655    -0.324737      -0.6719
   -0.689811    0.0757584    -0.720015
    -1.96796     -5.79645     0.238622
    0.521995    -0.350602     -0.77756
   -0.548493     0.560155    -0.620791
    0.653204     0.750536     0.100095
    -1.93576     -6.77678     0.237128
   -0.672661    -0.237368     0.700845
   -0.716547     0.445284    -0.536919
   -0.184628    -0.863353    -0.469611
    -2.00936     -7.78923     0.190673
    -0.81189      0.47964    -0.332837
 -0.00936401     0.559339     0.828886
    0.583735     0.676081     -0.44963
    -1.97274     -8.76642     0.278479
    0.551685     0.488124    -0.676298
    0.284055    -0.872344    -0.397906
   -0.784192    0.0274128    -0.619913
    -1.99734     -9.83699     0.364118
    0.915404    -0.151968     0.372748
   -0.384029   -0.0521534     0.921847
   -0.120651    -0.987008    -0.106102
     -2.0856     -10.8813      0.38219
  -0.0769519     0.511947     0.855564
    0.964801     0.254666   -0.0656083
   -0.251471       0.8204    -0.513524
    -2.05639     -11.8221     0.374302
    0.559469     -0.49123     0.667599
   -0.748702    0.0460323     0.661307
   -0.355585    -0.869813    -0.342031
    -2.11267     -12.8209      0.45562
     0.27261     0.955844     0.109756
    0.886406    -0.205157    -0.414965
   -0.374124     0.210412    -0.903193
    -2.00492     -13.8068     0.434763
   -0.739813     0.261248    -0.620021
  -0.0915156     0.873898     0.477418
    0.666559     0.409941    -0.622613
    -2.02546     -14.7088     0.589363
    0.661685    -0.500879     0.557937
   -0.587043    -0.808998   -0.0300618
    0.466427    -0.307642    -0.829338
    -2.03289     -15.6835     0.558797
    0.618998    -0.513944    -0.593888
   0.0795642    -0.711242     0.698429
   -0.781352    -0.479579    -0.399366
    -1.98028     -16.7068     0.661627
   -0.699873   -0.0345079     0.713433
   -0.468994     0.775553    -0.422567
   -0.538723    -0.630339    -0.558972
    -2.01567     -17.6865     0.659868
    0.363479    -0.611857    -0.702506
   -0.618491    -0.722409     0.309183
   -0.696672     0.322112    -0.641009
    -2.07608     -18.7707     0.715038
    0.136529    -0.683922     0.716666
   -0.652849    -0.606235    -0.454166
    0.745083    -0.405868    -0.529266
    -3.05072     -18.7564     0.765509
    0.255386    -0.723826    -0.640979
   -0.766861      -0.5554     0.321644
   -0.588814     0.409398    -0.696916
    -3.02458     -17.7811     0.738749
     0.86591    -0.485283     0.121247
   -0.470837    -0.708943     0.525083
   -0.168857    -0.511762     -0.84237
    -3.01822     -16.7628     0.663175
  -0.0663413    0.0926365    -0.993487
   -0.471854       0.8744     0.113041
    0.879177      0.47628    -0.014298
    -2.97391     -15.7806     0.594209
     0.95165    -0.227625     0.206273
   -0.304846    -0.617136     0.725405
  -0.0378221    -0.753213    -0.656688
    -2.97285       -14.75     0.495106
    0.895566    -0.346617     -0.27896
   -0.350984    -0.165042    -0.921722
    0.273444     0.923373    -0.269464
     -3.1053     -13.7945     0.466852
   -0.418695      0.70319    -0.574646
    0.904497     0.379432    -0.194721
   0.0811132    -0.601294      -0.7949
    -3.08361     -12.7857     0.410356
   -0.786391    0.0408902     0.616375
    0.590811     0.341127     0.731146
   -0.180365     0.939127    -0.292417
    -3.09368     -11.8426     0.454298
   -0.456913     0.745896     0.484634
    0.565929    -0.176575     0.805323
    0.686262     0.642231    -0.341444
    -3.04512     -10.7917     0.359943
    0.631691    -0.169551     0.756452
   -0.775151    -0.125106     0.619265
  -0.0103608    -0.977548    -0.210456
    -2.99855     -9.89594     0.431918
   -0.299322    -0.690862    -0.658115
   -0.770496    -0.231825     0.593795
   -0.562798     0.684811    -0.462916
    -2.93159     -8.79002     0.374551
    0.402473     0.910804    0.0919281
    0.763801    -0.389464      0.51471
    0.504602    -0.136942    -0.852422
    -2.89247     -7.71538     0.289775
    0.835916     0.526447     0.155237
    0.498054    -0.608724    -0.617574
   -0.230623     0.593556    -0.771041
    -2.94852     -6.86145      0.27046
    0.579298    0.0359138     0.814324
    0.170688    -0.982224   -0.0781065
    0.797044     0.184243    -0.575131
    -2.96292     -5.74498     0.391931
   -0.921212    -0.184585    -0.342485
   -0.361047     0.733571     0.575776
    0.144957     0.654065    -0.742419
    -2.91635     -4.77449     0.320515
    0.498007   -0.0266773    -0.866763
    0.734193    -0.518925      0.43781
   -0.461464    -0.854404    -0.238842
    -2.99131      -3.8602     0.313469
   -0.502424    -0.507156    -0.700259
   -0.859691     0.379395      0.34204
   0.0922072     0.773856    -0.626614
    -3.06119     -2.77737     0.259986
   0.0488171     0.967476    -0.248208
    0.755451    -0.198327    -0.624467
   -0.653383    -0.157025    -0.740563
    -2.95697     -1.90702     0.173183
    0.816901    -0.551149    -0.170025
   -0.546152    -0.833932    0.0792154
   -0.185449    0.0281485    -0.982251
    -2.86492    -0.760152     0.149644
  -0.0970443     0.912571     0.397237
    0.658461    -0.240422      0.71318
    0.746332     0.330775    -0.577561
    -3.00887     0.247257   -0.0233428
   -0.992347    -0.123005   -0.0107995
  -0.0980429     0.731744     0.674491
  -0.0750636     0.670388    -0.738204
    -3.93754     0.232602    0.0895762
   -0.886542     0.113146     0.448598
   -0.268109     0.664571    -0.697469
   -0.377041    -0.738609    -0.558835
    -3.90971    -0.716667     0.202137
    0.680035     0.190528     0.707992
   -0.124667    -0.921535     0.367739
    0.722503    -0.338338    -0.602923
    -3.93278     -1.80497     0.255695
   -0.918104     -0.30419     0.254075
    0.139202     0.352731     0.925313
   -0.371091     0.884901    -0.281499
    -4.02205     -2.85589      0.28974
   -0.869554    -0.261413    -0.418975
   -0.489886     0.563742     0.664986
   0.0623576     0.783491    -0.618267
    -4.03246     -3.85577     0.314732
   -0.401209    -0.196708    -0.894616
   -0.317655     0.945939   -0.0655332
    0.859143     0.257887    -0.442004
    -4.01819     -4.78988     0.468318
    0.893008    -0.127183    -0.431695
    -0.44882    -0.181093     -0.87508
   0.0331182     0.975208    -0.218799
    -3.92419     -5.72849       0.3769
   -0.376867    -0.923923   -0.0658537
   -0.924229       0.3798   -0.0394027
   0.0614164    0.0460143    -0.997051
    -3.91392     -6.72817     0.404299
  -0.0468817    -0.595161     0.802238
   -0.970793     0.216324     0.103754
   -0.235293    -0.773943    -0.587919
    -3.98209     -7.80097      0.42583
   -0.900083    -0.275304    -0.337726
 -0.00205407     0.777772    -0.628543
    0.435715    -0.565047    -0.700625
    -3.92621      -8.8127     0.404763
    0.712697     0.399465      0.57662
    0.152552    -0.890604     0.428431
    0.684683    -0.217377    -0.695669
    -3.92486     -9.89093     0.415093
    0.189723    0.0804585    -0.978535
    0.842261     0.498849     0.204318
    0.504581    -0.862946    0.0268761
    -3.96542     -10.8278     0.428802
    0.522999     0.677978    -0.516544
    0.481408     0.265143     0.835432
    0.703362    -0.685598    -0.187714
     -4.0851     -11.7261     0.543632
   0.0234605    -0.846763     0.531453
   -0.998535   -0.0457706   -0.0288469
   0.0487514    -0.529998    -0.846596
    -4.07271      -12.777     0.524807
  -0.0655852    -0.686356     0.724303
   -0.815814     0.454852     0.357151
   -0.574583    -0.567473     -0.58977
    -3.98124     -13.8244     0.580528
    0.834906    0.0981233    -0.541576
    0.511651    -0.501007     0.698001
   -0.202843    -0.859863    -0.468498
    -3.97092     -14.7619     0.660498
    -0.61643    -0.435889    -0.655756
   -0.036705     0.847802    -0.529041
    0.786554    -0.302047     -0.53861
    -4.02883     -15.8095     0.647169
   -0.632796    -0.373627     0.678213
   0.0994824     0.829395     0.549734
   -0.767902      0.41534    -0.487668
    -4.01707     -16.6897     0.765665
   -0.496448    -0.708374     0.501742
   -0.610319    -0.126191     -0.78204
    0.617293    -0.694465    -0.369687
    -4.04677     -17.6677     0.694462
    0.115423    -0.139177    -0.983518
     0.70026    -0.690838     0.179941
   -0.704496    -0.709487    0.0177215
    -4.03467     -18.8204     0.830861
    0.839113    -0.113805     0.531918
    0.196223      -0.8487    -0.491126
    0.507332     0.516485    -0.689825
    -4.93085     -18.7648     0.873261
    0.438482    -0.158671    -0.884622
    0.509725    -0.766768     0.390189
   -0.740212    -0.622005    -0.255335
    -5.09316     -17.7292     0.809331
  -0.0964135     0.303666     0.947888
    0.466655     0.854963    -0.226431
   -0.879168     0.420506    -0.224137
    -5.11885     -16.6569      0.75095
   -0.892103    0.0585729     -0.44802
    0.403002     0.551514    -0.730357
    0.204311    -0.832106    -0.515612
    -5.12434     -15.7077     0.706443
    0.163594    -0.986373   -0.0174789
   -0.894859    -0.140911    -0.423522
    0.415288     0.084927    -0.905717
    -5.05195     -14.7127     0.689966
     0.52814    -0.385414    -0.756654
   -0.567372     0.502803    -0.652133
    0.631789     0.773722    0.0468774
    -4.96646     -13.8249     0.637212
   -0.972237     0.231995   -0.0305461
     0.20592     0.910259     0.359201
    0.111138     0.342939     -0.93276
    -5.00861     -12.7386     0.615809
    0.678007     0.734064   -0.0381639
    0.545863    -0.537591    -0.642674
    -0.49228     0.414905    -0.765189
    -5.02828     -11.8384     0.561399
   -0.551358    -0.569785    -0.609384
   -0.828633     0.289263     0.479264
  -0.0968051     0.769202     -0.63163
    -4.99879     -10.6895     0.575161
   -0.288819    -0.812721     0.506032
   -0.508087    -0.317866    -0.800505
    0.811438    -0.488309    -0.321127
    -4.96002     -9.74483     0.545509
    0.501987     0.848981     0.165048
    0.108388     0.127575    -0.985889
   -0.858056     0.512793   -0.0279785
    -4.97064     -8.86385     0.475547
  -0.0076438    -0.487615    -0.873025
   -0.596271    -0.698636     0.395434
   -0.802747     0.523582    -0.285411
    -4.94571     -7.89287     0.469143
    0.515233     0.703747    -0.489157
    0.851932    -0.482825      0.20271
  -0.0935211    -0.521171    -0.848313
    -4.90484     -6.73026     0.537354
    0.898612    -0.378857     0.221278
   -0.137304    -0.721844    -0.678299
    0.416706     0.579145    -0.700676
    -5.01883     -5.73531     0.423941
    0.587084     0.519023     0.621246
   -0.138696    -0.691583     0.708855
    0.797556    -0.502322    -0.334031
    -5.02378     -4.87917     0.373467
   -0.849779     0.326939     0.413504
     0.29064     0.945018    -0.149899
   -0.439777  -0.00720083    -0.898078
     -4.9829     -3.93152     0.437774
   -0.728928     0.118613    -0.674236
   0.0370254     0.990265     0.134181
    0.683588    0.0728441    -0.726224
    -5.00207     -2.76405     0.388138
   -0.950163      0.29351     0.105086
  -0.0738094     0.115706    -0.990537
   -0.302892    -0.948928   -0.0882762
    -4.92251     -1.82008     0.351327
    -0.34302    -0.383892    -0.857301
   -0.667369     -0.54267     0.510028
   -0.661027     0.747085    -0.070051
    -4.89347    -0.740298     0.308818
   -0.933532    -0.229537    -0.275374
   0.0293378     0.716649    -0.696816
    0.357291    -0.658579    -0.662281
    -4.85355     0.273164     0.166151
  -0.0888618    -0.971501     0.219747
   -0.590566    -0.126269     -0.79705
    0.802082    -0.200602    -0.562515
     -5.9108     0.270226     0.345603
   -0.618207    -0.763748    -0.185767
   -0.464242     0.164072     0.870379
   -0.634271     0.624315    -0.455994
     -5.9736    -0.816319     0.453949
   -0.917654    -0.238088      0.31816
    0.216287     0.372411     0.902513
   -0.333364     0.897008    -0.290249
     -5.9372       -1.851     0.406812
    0.937366    -0.294388     0.186228
   0.0555005    -0.401564    -0.914148
    0.343897     0.867227    -0.360074
     -6.0138     -2.84809     0.343656
     0.70617    -0.471499     0.528216
  -0.0329354     -0.76709    -0.640693
    0.707276     0.435041    -0.557225
    -5.95991     -3.82044     0.435672
  -0.0180913     0.143245     0.989522
    0.797929    -0.594294      0.10062
     0.60248     0.791388    -0.103548
    -6.13565     -4.79179     0.594884
    0.582207     0.437228     0.685468
   -0.418243    -0.561924     0.713663
    0.697214    -0.702191    -0.144289
    -5.98299     -5.70421     0.570732
   -0.328524    -0.140653     0.933964
   -0.686493     0.714713    -0.133841
   -0.648691    -0.685129    -0.331358
    -6.01692     -6.74301      0.48093
    0.999238    0.0277056    0.0275102
    0.014569    -0.918293     0.395634
   0.0362237    -0.394931    -0.917996
    -5.97404     -7.88117     0.595109
    0.649559    0.0694093     0.757136
   0.0465085    -0.997587    0.0515519
    0.758887    0.0017273     -0.65122
    -5.97525     -8.76119     0.649122
    0.354302    -0.714799     0.602936
   -0.843677     0.033757     0.535789
   -0.403335    -0.698514      -0.5911
    -5.79608     -9.73734     0.693231
    0.584921     0.618838     0.524316
    0.655449    0.0201313    -0.754971
    -0.47776     0.785261    -0.393841
    -5.96622     -10.8353     0.701863
   -0.607686     0.781026     0.143928
    0.722626     0.618957    -0.307739
   -0.329438    -0.083003    -0.940522
    -6.04059     -11.7677     0.652953
   -0.872196     0.466851    -0.146032
    0.345316     0.799086     0.492158
    0.346456     0.378831     -0.85817
    -6.05287     -12.8213     0.653919
   -0.856403    -0.454741      0.24451
   0.0666082     0.372307     0.925716
   -0.511994     0.809072    -0.288555
    -6.00626     -13.7692     0.702937
     0.80208     0.272585      0.53138
     -0.3733    -0.465691     0.802359
    0.466169     -0.84192    -0.271765
    -6.04114     -14.6626      0.76849
   -0.862909   -0.0955277    -0.496248
   -0.347384     0.825309     0.445183
    0.367031     0.556542    -0.745352
    -6.12546     -15.7664      0.74028
    0.577843      0.60209    -0.550986
    0.697251     -0.71507   -0.0501551
   -0.424191    -0.355194    -0.833006
    -6.04396     -16.7583     0.857255
    0.871757    -0.482357    0.0858572
   -0.366225     -0.52514     0.768184
   -0.325452    -0.701113    -0.634446
       -6.03     -17.7582     0.783241
    0.839907    -0.520315     0.154366
   -0.516352    -0.853675   -0.0679679
    0.167143   -0.0226202    -0.985673
    -6.02606     -18.6868     0.894621
    0.308756    -0.457703    -0.833774
   -0.587785     0.597363    -0.545588
    0.747782     0.658533   -0.0845919
    -6.93569     -18.8653     0.924969
    0.575462     0.807393    -0.130226
    0.567328    -0.508796    -0.647507
   -0.589052     0.298735     -0.75085
    -6.88507     -17.7808     0.929177
    0.591236   -0.0847955    -0.802028
    0.157773    -0.963082      0.21813
   -0.790916    -0.255505    -0.556031
    -7.03344     -16.7482     0.968661
    0.166268    -0.507358    -0.845543
   -0.933005     -0.35847    0.0316288
   -0.319149     0.783637    -0.532969
    -7.11469     -15.7082     0.887735
    0.745902    -0.483767     -0.45782
   -0.304128    -0.858896     0.412073
   -0.592567     -0.16813    -0.787779
    -7.01514     -14.7104     0.824741
    0.751106    -0.660089    0.0110064
   -0.627194    -0.718681    -0.300208
    0.206074     0.218585     -0.95381
    -6.98135     -13.7805     0.850991
     0.62834    -0.626867    -0.460681
   -0.701087    -0.199659    -0.684553
    0.337144      0.75311    -0.564942
    -7.02585     -12.7253     0.763433
    0.780478     0.316306    -0.539263
    0.415905    -0.906701    0.0701133
   -0.466773    -0.279004    -0.839213
    -7.02011     -11.7711     0.761894
  -0.0879409    -0.289928    -0.952999
   -0.626513    -0.727689     0.279196
   -0.774434     0.621619     -0.11765
    -7.00287     -10.7823     0.742542
   -0.982748     0.182317   -0.0310801
   0.0410399      0.37883     0.924556
    0.180336      0.90733    -0.379777
    -6.98004     -9.71202     0.755545
  -0.0713008    -0.995126    0.0681157
   -0.633346    0.0979242     0.767648
   -0.770577    0.0115932    -0.637241
    -6.95483     -8.74429     0.721163
   -0.401115     0.670524    -0.624103
    0.358539     0.741879     0.566626
    0.842945   0.00351752    -0.537988
    -6.83914     -7.69739     0.608262
   -0.341481     0.118717    -0.932361
    0.825744    -0.435921    -0.357937
   -0.448929     -0.89212    0.0508291
    -6.96241      -6.6793     0.593063
     0.49329     0.702683     0.512739
    0.295377    -0.689734     0.661074
    0.818179     -0.17465    -0.547796
    -6.96345     -5.66989     0.593725
    0.816854     0.288188     0.499696
    0.551626    -0.136927    -0.822775
   -0.168692     0.947733    -0.270821
    -6.86198     -4.63826     0.552082
   -0.744921    -0.573994    -0.340035
    -0.53465     0.208752     0.818885
   -0.399052     0.791804     -0.46239
    -6.87416     -3.75213     0.589487
    0.464841     -0.28148     0.839459
    0.604909    -0.591374    -0.533256
    0.646535     0.755676    -0.104626
    -6.94709     -2.68761     0.512925
 -0.00639755     -0.90198      0.43173
   -0.849108    -0.223141    -0.478773
     0.52818    -0.369649    -0.764451
    -6.92771      -1.6844     0.558146
   -0.747438     0.663883   -0.0243841
    0.335067     0.408424      0.84907
    0.573643     0.626457    -0.527717
    -6.93715    -0.775144     0.457632
    0.535964      0.75063    -0.386389
    0.808352    -0.588303   -0.0216125
   -0.243537    -0.300755    -0.922082
    -6.93268     0.200617     0.423223
   -0.878595   -0.0363266    -0.476185
   -0.364512     0.695222     0.619514
    0.308549     0.717876     -0.62406
     -7.8513     0.199528     0.481405
   -0.958112    -0.233268     0.166155
  -0.0664894     0.745487     0.663196
   -0.278569     0.624368     -0.72977
    -7.97767    -0.804437     0.522249
    0.833463    -0.481814    -0.270545
   -0.259617    0.0907613    -0.961437
    0.487789      0.87156   -0.0494412
    -7.94769      -1.7279      0.59216
    0.371165    -0.923289   -0.0988682
   -0.465338   -0.0928072    -0.880254
    0.803553     0.372727    -0.464088
    -7.92168     -2.72084     0.629097
    0.788712    -0.582763     0.195757
   -0.597507    -0.801587    0.0210745
    0.144635    -0.133588    -0.980426
    -7.91121     -3.76402     0.630867
    0.648281    -0.643161     0.407525
   -0.127824    -0.619566    -0.774467
    0.750595     0.449981    -0.483864
    -7.97952     -4.68368     0.641353
    0.868811    -0.405709     0.283845
   -0.469528     -0.85705     0.212153
    0.157197    -0.317594    -0.935106
    -8.03737     -5.72761     0.604001
   -0.269185     0.196803     0.942766
    0.587667     0.809102  -0.00110548
   -0.763011     0.553735    -0.333453
     -8.0481     -6.65098     0.624021
   -0.489599     0.859006    -0.149672
    0.847904     0.429001    -0.311476
    -0.20335    -0.279406    -0.938393
    -8.05247     -7.65611     0.757496
   0.0237937    -0.978064     0.206939
    -0.65051    -0.172329    -0.739689
    0.759125    -0.117016    -0.640341
    -7.95739     -8.73558     0.713155
    0.373219     0.124007    -0.919418
   -0.556619    -0.762913    -0.328846
   -0.742215     0.634497    -0.215709
    -8.00575     -9.78466     0.827168
    0.124588     0.868878     0.479092
     0.96044    -0.226814     0.161585
    0.249062     0.440008    -0.862764
    -7.93631     -10.7717     0.910818
   -0.529745    -0.343618    -0.775434
    0.430957     0.678393    -0.595028
    0.730511    -0.649391    -0.211291
    -7.98727     -11.6948     0.868787
    -0.06915      0.74216    -0.666646
      0.9969    0.0765525   -0.0181826
   0.0375389    -0.665836    -0.745153
    -7.96069     -12.7799     0.867037
    -0.41869   -0.0557604    -0.906416
   -0.460721     0.873169       0.1591
    0.782582     0.484218    -0.391277
    -8.01088     -13.7551     0.930305
 -0.00633848     0.323376     0.946249
    0.844684    -0.504748     0.178153
    0.535228     0.800411    -0.269951
    -7.98665     -14.7364     0.842808
    0.584872   -0.0782911    -0.807338
    0.788753    -0.177258     0.588598
    -0.18919    -0.981045   -0.0419211
    -7.92504     -15.7743     0.893846
   0.0118967     0.951335    -0.307929
    0.678236    -0.233959    -0.696606
   -0.734748    -0.200561    -0.648013
    -8.03534     -16.7549     0.947324
     0.80898     0.485441    -0.331509
 -0.00662951    -0.556377    -0.830903
   -0.587799     0.674382     -0.44688
     -7.9425     -17.7463     0.980652
   -0.848334     0.106207      -0.5187
   0.0300254     0.987748     0.153141
     0.52861      0.11434    -0.841129
    -7.87923     -18.7479      1.11356
   -0.362167    -0.866811    -0.342745
   -0.618718   -0.0514615     0.783926
   -0.697153     0.495975    -0.517674
    -8.94397     -18.6987      1.15325
   -0.595152     0.479038     0.645226
    0.792806     0.218769     0.568858
    0.131349     0.850096    -0.509985
    -8.94976     -17.7321      1.07604
   -0.618299     -0.48967      0.61476
   -0.750868     0.599094    -0.277999
   -0.232171     -0.63349    -0.738097
    -9.02304     -16.7571      1.17088
   -0.685071    0.0250545    -0.728045
    -0.71435     0.172752      0.67813
    0.142761     0.984647     -0.10045
    -9.08083     -15.7615       1.0483
   0.0127329     0.878798    -0.477024
    0.864063     0.230419     0.447553
    0.503223    -0.417877    -0.756402
    -8.95979     -14.6438     0.971458
    0.251912     0.113687    -0.961049
   -0.874989    -0.397505    -0.276376
   -0.413443      0.91053 -0.000661436
    -8.97986     -13.7317     0.918643
   0.0704937     0.500411    -0.862913
    0.457156    -0.785077    -0.417927
   -0.886589    -0.365025    -0.284109
    -9.01492     -12.7835     0.921472
  -0.0664235    -0.592198     -0.80305
    -0.93629     0.315183    -0.154983
    0.344889     0.741593    -0.575405
    -9.03903     -11.7181     0.890434
    -0.53565     0.215478     0.816486
   -0.304583     0.852509    -0.424804
   -0.787597    -0.476234    -0.391015
     -8.9926     -10.8051      1.01444
    0.505431    -0.776189     0.376921
   -0.598776    -0.630034    -0.494494
    0.621294    0.0242413    -0.783202
    -8.98478     -9.65305     0.880222
    0.821095     0.544135     0.172397
    0.553147    -0.833068  -0.00513269
    0.140825     0.099575    -0.985014
    -8.97219     -8.74203     0.834422
    0.976088     0.212197    0.0471649
    0.217235    -0.960008    -0.176619
  0.00780081     0.182641    -0.983149
    -8.95409      -7.7652      0.86609
   -0.395495    -0.914797   -0.0820324
   -0.830574     0.318091     0.457126
   -0.392084     0.248925    -0.885611
    -9.00607     -6.70372     0.780062
   -0.454216    -0.885267   -0.0999482
   0.0498594    0.0867531    -0.994981
    0.889495     -0.45692   0.00473428
    -8.97654     -5.74403     0.726876
    0.846929    -0.313378    -0.429541
    0.094127    -0.706728     0.701195
   -0.523308    -0.634294    -0.569052
     -8.8938     -4.73049     0.726713
    0.634605    -0.660755     0.400848
     -0.2448    -0.663826    -0.706688
    0.733041      0.35034     -0.58302
    -8.92304     -3.72104     0.778417
   -0.569168    -0.181203    -0.802006
    0.305664     0.858876    -0.410976
    0.763293    -0.479059    -0.433457
    -8.90559     -2.70093     0.728768
    0.646684    -0.727351     0.229696
   -0.405848   -0.0731415     0.911009
   -0.645823    -0.682357    -0.342493
     -8.9177     -1.77156     0.582577
   -0.246963    -0.639735    -0.727839
   -0.504818    -0.556194     0.660157
   -0.827145      0.53046     -0.18559
    -8.89337    -0.743713     0.479827
   -0.721745    -0.279899     -0.63304
   -0.312872     0.947748   -0.0623336
     0.61741     0.153072    -0.771605
    -8.88593     0.230789     0.506323
   -0.570053     0.314181     0.759164
    0.229021     0.948138    -0.220417
   -0.789043    0.0482155    -0.612443
    -9.91792     0.184745      0.62272
    -0.93157     0.362819   -0.0232328
      0.3028     0.738921     -0.60192
   -0.201221    -0.567765    -0.798219
    -9.89956    -0.853036     0.699293
   -0.266419      0.93262    -0.243394
    0.862777     0.343326     0.371138
    0.429694    -0.111116    -0.896112
    -9.82022     -1.78999     0.702485
   -0.556497    -0.775324    -0.298636
   -0.312046    -0.138082     0.939979
   -0.770025     0.616284    -0.165095
    -9.96245     -2.72319     0.763149
    0.489915    0.0660423    -0.869265
   -0.866062     -0.07705    -0.493963
  -0.0995994     0.994838    0.0194488
     -9.8928     -3.75451     0.752545
   -0.710006    -0.441891    -0.548291
   -0.390612      0.89498    -0.215482
    0.585929    0.0611758     -0.80805
     -9.9128     -4.79194     0.649396
   0.0673435     0.927028    -0.368896
    0.989285    -0.110045   -0.0959418
   -0.129536    -0.358482    -0.924506
    -9.87935     -5.77359     0.783953
    -0.35106   -0.0691255    -0.933798
    0.476966     0.844988    -0.241866
    0.805767    -0.530299    -0.263671
    -9.93698     -6.70956     0.837232
   -0.988599   -0.0840838     -0.12491
  0.00956745     0.792804    -0.609402
     0.15027    -0.603649     -0.78296
    -9.97145     -7.65145     0.875695
    0.198087     0.976051   -0.0899265
    0.651015   -0.0624238     0.756494
    0.732763    -0.208395    -0.647789
      -9.919     -8.69172     0.835121
   -0.775764   -0.0251613     0.630521
     0.43978      0.69501     0.568819
   -0.452531      0.71856    -0.528098
    -10.0451     -9.62457     0.864378
   -0.137896     0.990418   0.00754478
    0.686325     0.101043    -0.720242
   -0.714103   -0.0941401    -0.693682
    -10.0339     -10.7359      1.01352
   -0.232089    -0.426658     0.874127
   -0.918417    -0.199878    -0.341408
    0.320383     -0.88205     -0.34546
    -10.0161     -11.7023      1.04529
   -0.173025    -0.984608    0.0246689
   -0.477657    0.0619819    -0.876357
     0.86134    -0.163415     -0.48103
     -9.8612     -12.7969      1.07986
   -0.307407     0.579736    -0.754591
    0.811976     0.573296     0.109666
    0.496181    -0.578997    -0.646967
    -9.86614     -13.8056     0.907634
    0.769837    -0.396346      0.50026
    -0.59965    -0.180749     0.779583
   -0.218564    -0.900133    -0.376816
    -9.95889     -14.7712      1.03092
   -0.393371     0.873924     -0.28551
    0.341898     0.427328     0.836957
    0.853443     0.231619    -0.466891
    -9.98356     -15.6599      1.08251
   -0.813524    0.0785941     0.576197
    0.238336     0.948849     0.207079
   -0.530448     0.305792    -0.790643
    -9.92496      -16.728      1.13656
   -0.314147    -0.948455    0.0417658
   -0.667013     0.189194    -0.720624
    0.675578     -0.25424    -0.692067
    -9.97519     -17.6472      1.14555
   -0.706894     0.576721    -0.409503
    0.707269     0.569439    -0.418939
 -0.00842342    -0.585775     -0.81043
    -9.99539     -18.7108      1.24302
   -0.417081    -0.332775    -0.845757
   -0.871543     0.410383     0.268326
    0.257792     0.849027    -0.461191
    -10.9017     -18.7048      1.28089
    -0.41585     0.680002    -0.603876
    0.672915     0.676745     0.298664
    0.611762    -0.282157    -0.739009
    -10.8714     -17.6951      1.16627
    0.647827     0.753948     -0.10901
    0.670191    -0.496035     0.552081
    0.362167    -0.430711    -0.826634
    -10.9989     -16.7482      1.22139
   -0.899428    -0.267336     0.345775
     -0.4346     0.630995    -0.642626
  -0.0463854     -0.72827    -0.683719
    -10.9031      -15.805      1.16056
    0.047769    -0.848528    -0.526991
   -0.963317      0.10035    -0.248898
    0.264081     0.519549    -0.812607
    -10.9878     -14.7807      1.10419
   -0.633424     0.253275    -0.731181
    0.465197     0.879736    -0.098268
    0.618358    -0.402388    -0.675068
    -10.9011     -13.7581      1.13083
    0.982867    0.0266093    -0.182387
    0.135101    -0.777127     0.614671
   -0.125382    -0.628781    -0.767408
    -10.8884     -12.7337      1.18979
   -0.880355    -0.174317    -0.441122
   -0.444895     0.625917     0.640544
    0.164448     0.760159    -0.628582
    -11.0375     -11.7159      1.06502
    0.860782     0.498526    -0.102591
    0.441493     -0.63104     0.637865
    0.253253    -0.594356    -0.763284
    -10.9744     -10.6924      1.00474
   0.0292188     0.815231     0.578399
     0.90796     0.220353    -0.356446
   -0.418038     0.535578    -0.733758
    -11.0206     -9.68148      1.05639
    0.451343    -0.487576     0.747368
   -0.770213     0.210082     0.602194
   -0.450624    -0.847428    -0.280719
    -10.9854     -8.65347     0.972227
    0.171184     0.123872     0.977421
   -0.481366    -0.855081     0.192673
    0.859641     -0.50348   -0.0867484
    -10.9647     -7.64064     0.924266
   0.0965051     0.966412    -0.238189
    0.913844    -0.180862    -0.363563
   -0.394431    -0.182582    -0.900604
    -10.9313     -6.67484     0.840916
   -0.368405     0.636037    -0.678037
    0.642917     0.701119     0.308366
    0.671517    -0.322317    -0.667215
    -10.9286     -5.69954     0.878675
    0.139946    -0.986739    0.0822234
   -0.980804    -0.149533     -0.12515
    0.135786   -0.0631309    -0.988725
     -10.908     -4.73316      0.71837
   -0.596514     0.231699     0.768431
    0.147138     0.972767    -0.179092
      -0.789   0.00623502    -0.614361
    -10.9651     -3.81373     0.733309
    0.363362    -0.190509    -0.911962
   -0.423848    -0.905506     0.020282
   -0.829651     0.379164    -0.409773
    -10.9526     -2.72144     0.670725
    0.796369     0.564734     0.216498
    0.597102     -0.79109    -0.132837
    0.096252     0.235059    -0.967204
    -10.9618     -1.70571     0.692264
   -0.574656    -0.621042     0.532989
    0.170814       0.5459     0.820254
   -0.800371     0.562405    -0.207622
    -10.9118    -0.834871     0.728359
    0.285071    -0.854066     0.435093
   -0.803348     0.034716     0.594497
   -0.522844    -0.519005    -0.676216
    -10.9364     0.137952     0.639778
    0.372799    -0.713994      0.59265
   -0.821126    0.0436258     0.569077
   -0.432172    -0.698792    -0.570015
    -11.8927     0.218853     0.654632
   -0.573998   -0.0261078     0.818441
    0.659817     0.577169     0.481162
   -0.484941     0.816207    -0.314067
    -11.9158    -0.752792     0.767516
   0.0309871     0.656327     -0.75384
     0.85483     0.373449      0.36028
    0.517982    -0.655569    -0.549476
    -11.9568     -1.71307     0.755412
    0.347615     0.536872     0.768721
    0.607561    -0.753421     0.251448
    0.714167     0.379637    -0.588083
    -11.8998     -2.74683     0.797847
   -0.882142     0.369497     0.292057
    0.396273     0.917417    0.0362469
   -0.254545     0.147709    -0.955714
    -11.9456     -3.76117     0.836714
  -0.0793085     0.968422    -0.236365
    0.990402    0.0496235    -0.128999
   -0.113196    -0.244327    -0.963063
    -11.9332     -4.79826     0.869825
   -0.721304     0.624329     0.299889
    0.467453     0.119318     0.875929
    0.511086     0.771995    -0.377909
    -11.8959     -5.78729     0.920175
   -0.707213     0.672225    -0.219006
    0.405032     0.639121     0.653814
    0.579482     0.373681    -0.724268
     -11.877     -6.73515     0.936753
   -0.470655    -0.401837       0.7855
   -0.754007     0.645521    -0.121556
   -0.458211    -0.649484    -0.606806
    -11.9126     -7.66422      1.04799
   -0.499237    -0.309346    -0.809362
   -0.863368     0.256511     0.434509
   0.0731966     0.915701    -0.395139
    -11.8965     -8.66059      1.06518
     0.34444    -0.744973    -0.571294
   -0.930077    -0.353581   -0.0996815
   -0.127739     0.565682     -0.81467
    -11.9759     -9.72092     0.943887
   -0.670852     0.309877    -0.673746
    0.189801     0.949998     0.247949
    0.716891    0.0384598    -0.696124
    -12.0328     -10.6359      1.09985
    0.937685    -0.306615     0.163503
    -0.13158    -0.748799    -0.649605
     0.32161     0.587612    -0.742482
    -11.9404     -11.6705      1.15995
   -0.417011    -0.611369    -0.672554
   -0.890464     0.423097     0.167519
     0.18214     0.668743    -0.720839
    -11.8947     -12.6372      1.22465
    0.554687   -0.0315301     0.831462
   -0.338307    -0.921501     0.190748
    0.760178    -0.387094    -0.521811
    -11.9394     -13.6293      1.22393
   -0.920681     -0.37131     0.120313
   -0.213313     0.736805     0.641573
   -0.326869      0.56502    -0.757568
     -11.989     -14.6852      1.22581
    0.875426    0.0834557    -0.476092
