   -0.999609   -0.0198497   -0.0196793
   0.0191687    -0.999231    0.0342098
  -0.0203432    0.0338192     0.999221
           0            0            0
   -0.514554    -0.492832    -0.701677
    0.517776    -0.830868     0.203876
   -0.683478    -0.258407     0.682703
    -0.61561     0.747417      0.34016
   0.0346422     0.883343    -0.467446
    0.961922    -0.156358    -0.224185
   -0.271121     -0.44188    -0.855123
   -0.918061      1.62318     0.584921
   -0.768182      0.63479    0.0832977
   0.0105722     0.142665    -0.989715
   -0.640145      -0.7594    -0.116304
    -1.38629      2.46092     0.854019
   -0.280889    -0.294605    -0.913405
   -0.935075    -0.130373     0.329603
   -0.216186     0.946684    -0.238858
    -1.84683      3.22293      1.19315
    0.939543     0.237419    -0.246762
   -0.320171     0.864648    -0.387136
    0.121449     0.442737     0.888389
    -2.37151      4.19691      1.47814
   0.0924664     0.359881    -0.928405
    0.862083     0.437641     0.255505
    0.498259    -0.823988     -0.26978
     -2.9537      4.93676      1.80917
    0.837791     0.353278     0.416294
   0.0941786     0.657523    -0.747525
   -0.537807     0.665476     0.517596
    -3.35007      5.77796      2.17909
    0.126232    -0.991475     0.032304
    0.991291     0.124844   -0.0418959
   0.0375058    0.0373113       0.9986
    -3.76751      6.60724      2.48755
    0.703939     0.710233  -0.00620972
   -0.072295    0.0629514    -0.995395
   -0.706572     0.701146    0.0956603
    -4.40809      7.43046      2.70167
   -0.425771     0.497206     -0.75598
    0.242444    -0.742254    -0.624724
   -0.871746    -0.449272     0.195485
    -4.83645      8.35791       2.9972
   -0.758931     0.173634    -0.627595
    0.642722     0.354498    -0.679146
    0.104558    -0.918794    -0.380638
    -5.27819      9.13486      3.44135
    0.796863    -0.530109     0.289816
  -0.0836614    -0.571901    -0.816045
    0.598339      0.62603    -0.500077
    -5.73864      9.89715      3.78546
     0.41485     0.553422    -0.722235
    0.898101    -0.376412     0.227437
   -0.145989    -0.742992    -0.653184
    -6.30948      10.6878       4.0465
    0.368368     0.448897    -0.814123
    0.928164    -0.127584      0.34962
   0.0530739    -0.884429    -0.463648
    -6.00849      10.4871       4.9159
  -0.0475141    -0.936506    -0.347418
   -0.661338     0.290153    -0.691696
    0.748582     0.196895    -0.633133
    -5.50632      9.75968      4.65173
   -0.371395    -0.810004     0.453827
   -0.534058    -0.213466    -0.818055
    0.759505    -0.546191    -0.353309
    -4.92933      8.95734       4.3483
   -0.747256     0.185676    -0.638069
    0.635793     0.479091    -0.605176
    0.193327    -0.857902    -0.476056
    -4.58376      8.15845      4.04889
    -0.23614     -0.82196    -0.518286
     -0.6447     0.531597    -0.549333
    0.727048     0.204419    -0.655449
    -4.09358       7.2635      3.71918
    0.460726     0.820129    -0.339292
    0.522291    -0.559613    -0.643463
   -0.717596     0.119251    -0.686175
    -3.54173      6.48161      3.41901
   -0.227364     0.973705    0.0142801
    0.435143     0.114704    -0.893025
   -0.871181    -0.196827    -0.449781
    -3.05064      5.61679      3.02351
    0.338153    -0.937935   -0.0770085
   -0.657435    -0.176887    -0.732455
    0.673373      0.29831    -0.676446
    -2.57538      4.84454      2.74172
   0.0655853     0.724968    -0.685653
     0.91872     0.224294     0.325033
    0.389426    -0.651241    -0.651332
    -2.10526      4.06795      2.40162
   -0.651434     0.407753    -0.639821
    0.140637     0.893589     0.426287
    0.745557     0.187715    -0.639459
    -1.56102      3.06245      2.12893
   -0.366796    -0.595934    -0.714369
   -0.832808     0.552557   -0.0333397
    0.414598     0.582704    -0.698974
    -1.11264      2.20878      1.81779
   -0.864963     0.501012   -0.0287357
    -0.10606    -0.238472    -0.965341
     -0.4905    -0.831936     0.259406
    -0.67376       1.4437      1.53117
   -0.894755     0.265561    -0.359013
      0.2235     0.962331     0.154812
    0.386601    0.0582797    -0.920404
   -0.263283     0.670519      1.28906
    0.115351     0.148953    -0.982093
   -0.136575     0.981681     0.132849
    0.983891     0.118805     0.133582
    0.328565    -0.246246     0.917118
    0.932413    -0.356313   -0.0603994
   -0.348471    -0.842128    -0.411569
   0.0957832     0.404799    -0.909375
    0.735667     -1.14024     0.520953
   -0.549047     0.833052   -0.0676112
    0.402494     0.192643    -0.894923
   -0.732493    -0.518568    -0.441069
      1.3584     -1.88529     0.317668
    -0.15374      0.62749    -0.763295
   -0.303091    -0.765188    -0.567999
   -0.940478     0.144024     0.307827
     1.77322     -2.76904   -0.0206583
    0.792367    -0.116139    -0.598888
    0.489376     0.707151     0.510342
    0.364233    -0.697459     0.617159
     2.29864     -3.53673    -0.389606
   -0.325684    -0.313958    -0.891829
    0.441898     0.783346    -0.437144
    0.835856    -0.536469    -0.116386
     2.68534     -4.52272    -0.686262
    -0.57399     0.707126    -0.412927
   -0.574458    -0.707088     -0.41234
   -0.583552  0.000529553     0.812076
     3.17869     -5.32349    -0.978426
    0.370743    -0.334405    -0.866442
    0.825491    -0.308843     0.472419
   -0.425574    -0.890387     0.161547
     3.47407     -5.39134    0.0607752
     0.12248   -0.0175237    -0.992316
    -0.10378    -0.994589   0.00475437
    -0.98703     0.102401    -0.123636
     2.95715     -4.62617     0.371313
   -0.426551    0.0944915    -0.899514
    0.458552     0.879829    -0.125022
    0.779606    -0.465802    -0.418621
     2.59134     -3.66388     0.595931
   0.0340765     0.807326    -0.589121
  -0.0388033    -0.587951    -0.807966
   -0.998666    0.0503925    0.0112916
     2.09286     -2.85736      0.99604
   -0.939406     0.143712    -0.311229
    0.341291     0.306779    -0.888486
  -0.0322072    -0.940868    -0.337238
     1.63162     -2.09717      1.31228
   -0.990218    -0.129894    0.0509408
   0.0466612    -0.652373     -0.75646
    0.131492    -0.746684     0.652053
     1.02638     -1.21757      1.63226
    0.421918     0.906618   0.00544619
   -0.360667     0.173351    -0.916444
   -0.831808     0.384699     0.400127
    0.555136     -0.39538      1.85204
   -0.400453     0.912859    0.0795341
   -0.892254    -0.368704    -0.260654
   -0.208616    -0.175344     0.962151
    0.107894     0.399019      2.09213
   -0.190624    -0.539175    -0.820337
   -0.977543     0.180743     0.108359
   0.0898455     0.822571     -0.56152
   -0.383262      1.21444      2.50449
    0.306017    -0.582291    -0.753187
    0.765654    -0.319653     0.558207
   -0.565797    -0.747502     0.348014
    -0.87339      2.08457      2.71977
   -0.934492       0.2089    -0.288245
  -0.0166498    -0.834476    -0.550793
   -0.355594    -0.509913     0.783289
    -1.15285       3.0107      3.05896
    0.881146      -0.1816    -0.436581
   0.0760208     0.965705    -0.248262
    0.466693     0.185566     0.864733
    -1.80309      3.89088      3.39296
   -0.607249     0.646133     0.462342
   -0.745004    -0.260865    -0.613937
   -0.276076    -0.717259     0.639782
    -2.15539      4.64547      3.67877
    0.789286   -0.0604972    -0.611038
   -0.343759     0.781029    -0.521366
     0.50878     0.621557     0.595659
    -2.77994      5.43381      4.00789
   -0.335031     -0.80339     -0.49226
    0.938222    -0.332464   -0.0959568
  -0.0865676    -0.493997     0.865143
    -3.26316      6.32427      4.37281
    -0.83173    -0.374374     0.409963
    0.207774    -0.894669    -0.395472
    0.514835    -0.243746     0.821908
    -3.58741      7.31277       4.6022
    0.833863    -0.339502    -0.435213
    -0.43701    0.0755921    -0.896275
    0.337186     0.937563   -0.0853322
    -4.17777      7.99329       4.8891
   -0.544185     0.588245     -0.59819
   -0.773884    -0.627303    0.0871432
   -0.323985     0.510351     0.796602
    -4.75312      8.72799      5.27519
    -0.68335     0.702219    -0.199804
   -0.616717    -0.701671    -0.356816
   -0.390759    -0.120608     0.912557
    -5.30004      9.49774      5.57036
   -0.392281    -0.797839    -0.457786
    0.197869     0.412835    -0.889053
    0.898312     -0.43934  -0.00407916
    -5.76292      10.3103      5.93926
    0.316496     0.933659    -0.167666
    0.876678    -0.355405    -0.324225
   -0.362305   -0.0443726    -0.931003
    -5.39746      10.2033      6.85568
  -0.0948157    -0.702464    -0.705376
    0.672152     0.477494    -0.565872
    0.734317    -0.527773     0.426889
    -4.93573      9.47676      6.46057
    0.994462   -0.0973885   -0.0395138
  -0.0970909    -0.707338    -0.700176
   0.0402395     0.700134    -0.712876
    -4.47532      8.54998      6.23992
   -0.902663     0.428891    0.0353749
    0.322413     0.728426    -0.604521
   -0.285042    -0.534274    -0.795803
    -3.90113      7.77415      5.88652
   -0.245103    -0.872772    -0.422129
    -0.56354     0.482556    -0.670495
     0.78889    0.0735462    -0.610117
    -3.42649      6.93139      5.58576
   -0.538621     0.517788    -0.664668
  -0.0265236     0.778067     0.627622
    0.842131      0.35568    -0.405349
    -2.92408      6.11971      5.16738
   -0.137917     0.598808    -0.788928
    0.712565     0.613229     0.340883
    0.687917    -0.515149    -0.511265
    -2.47813      5.33018      4.94558
   -0.835438     0.154197    -0.527509
   -0.219468    -0.973584    0.0629909
   -0.503862     0.168396     0.847211
    -1.89777      4.41998      4.57131
    0.892614    0.0336057    -0.449567
   -0.144186    -0.923558    -0.355318
   -0.427142     0.381983    -0.819536
    -1.40329      3.62167      4.22162
   -0.528694    -0.554173    -0.642942
    0.495029    -0.816612       0.2968
   -0.689513    -0.161359      0.70607
   -0.950506      2.72577      4.02255
   -0.335787    -0.941774   -0.0175802
    0.625325    -0.208923    -0.751878
    0.704426    -0.263464     0.659068
   -0.653568      1.92937      3.69138
     0.69509    0.0343939    -0.718099
   -0.239202     0.953009    -0.185892
    0.677962     0.300983     0.670655
  -0.0644027      1.11619      3.33089
   -0.518317      0.68847    -0.507303
    0.710803     0.676659     0.192072
    0.475507    -0.261038     -0.84009
    0.414715     0.228844      3.01805
   -0.482793     0.265314    -0.834577
   -0.189802    -0.962052    -0.196041
   -0.854919    0.0637569     0.514829
    0.821293    -0.574331      2.87062
    0.744174    -0.587945    -0.317056
    0.362149     0.753947    -0.548098
    0.561295     0.293059     0.773992
     1.32454     -1.32741      2.61278
   -0.339029        0.372    -0.864104
   -0.252462     0.848835      0.46448
    0.906268     0.375625    -0.193864
     1.82481     -2.20461      2.28672
   -0.476549     -0.73204    -0.486846
   -0.644906     0.667439     -0.37232
    0.597493     0.136541    -0.790164
       2.349     -2.98567      1.88007
    0.370571     0.399719    -0.838393
    0.717689    -0.696208   -0.0147102
   -0.589575    -0.596254    -0.544868
     2.92992     -3.82783      1.56308
    -0.14072     0.722866    -0.676508
   -0.464386     0.555284     0.689931
    0.874382     0.411248     0.257549
     3.36507     -4.72609      1.33005
    0.529956     0.517378    -0.671912
  0.00835423    -0.795473    -0.605932
   -0.847984     0.315504    -0.425888
     3.78107     -5.64213     0.957008
    0.243018     0.899822    -0.362302
   -0.627197    -0.139163    -0.766327
   -0.739977     0.413466     0.530547
     4.07981     -5.66891        1.966
   -0.866795    -0.204834    -0.454653
    0.448864    0.0766819    -0.890304
    0.217228    -0.975788     0.025475
     3.65414     -4.78845      2.25676
    0.518693     0.395183    -0.758148
    0.356816    -0.905904    -0.228082
   -0.776943    -0.152215    -0.610893
     3.10919     -3.96758      2.59517
   -0.727745    -0.500559    -0.468858
   -0.235398      0.82439    -0.514752
    0.644186    -0.264239    -0.717776
     2.62776     -3.13824      2.90487
    0.376656     0.810158    -0.449192
    0.686988    -0.569584    -0.451244
   -0.621432    -0.138626    -0.771107
     2.10754     -2.31272      3.28592
    0.452975     0.619275    -0.641337
   -0.026169    -0.709826    -0.703891
   -0.891139     0.335628    -0.305327
     1.62607      -1.5494      3.52794
      0.4543     0.883951    -0.110644
   -0.888284     0.440067    -0.131498
  -0.0675466     0.158023     0.985122
     1.07408    -0.783873      3.81036
  -0.0909038    -0.980703    -0.173084
    0.853096    -0.166354     0.494523
   -0.513774    -0.102703     0.851756
    0.674071    0.0512755      4.09608
    0.110331    -0.170106     -0.97923
    0.334302     0.934191    -0.124616
    0.935986    -0.313609     0.159937
    0.154493     0.928393      4.28139
    0.425092    -0.780506    -0.458375
    0.820519     0.546089    -0.168923
    0.382159    -0.304298     0.872558
   -0.286944      1.69951      4.71171
    0.958942   -0.0730791    -0.274024
   -0.267413    0.0887811    -0.959483
   0.0944463     0.993367    0.0655936
   -0.670008      2.57384      4.95795
   -0.458285    -0.785963    -0.415015
    0.886753    -0.436034    -0.153439
  -0.0603637    -0.438334     0.896783
    -1.11032      3.50826      5.24892
    0.857557    -0.210795    -0.469214
   -0.200935     0.702426    -0.682805
     0.47352     0.679826     0.560014
    -1.63496      4.30711      5.52025
   -0.909808    -0.368859     0.190244
   0.0456368     -0.54452    -0.837505
    0.412514    -0.753286     0.512242
    -2.14633      5.14302      5.86099
 -0.00465403    -0.413641    -0.910428
    0.995561   -0.0875046    0.0346673
  -0.0940064    -0.906225     0.412212
    -2.69364      5.95765       6.1787
   -0.619489    -0.152118    -0.770126
      -0.118     0.987943    -0.100223
    0.776086    0.0287876     -0.62997
    -3.14941      6.74419      6.52247
    -0.45734     0.404277    -0.792086
    0.014655    -0.887146    -0.461257
   -0.889171    -0.222559     0.399803
    -3.66228       7.5074      6.74051
   -0.690759     0.140935    -0.709217
   -0.139383     0.936475     0.321851
    0.709524     0.321174    -0.627235
    -4.19545      8.43612      7.05438
  -0.0601271   -0.0162294    -0.998059
    0.176775      0.98389   -0.0266486
    0.982413    -0.178034   -0.0562895
    -4.67859      9.24649      7.44065
   -0.841286    -0.507772     0.185488
    0.499394    -0.861371   -0.0929813
    0.206987    0.0144075     0.978238
    -5.17775      10.0281      7.75905
   -0.271108    0.0164034    -0.962409
    0.541223     0.829424    -0.138324
    0.795976    -0.558379    -0.233741
    -4.80249      9.84716      8.71324
   -0.513904     0.724598    -0.459196
    0.842754     0.326471    -0.427998
   -0.160212    -0.606939    -0.778432
    -4.27138      9.01784      8.33815
    0.565254     -0.43311    -0.702071
   -0.295662     0.688168    -0.662578
    0.770111       0.5821     0.260936
    -3.85356      8.15003      8.08693
    0.554898     0.110624     -0.82453
-5.95991e-05     0.991125     0.132936
    0.831918   -0.0737165      0.54998
    -3.34893      7.34274      7.67011
   -0.874885     0.414374    -0.250739
   -0.248827    -0.828711    -0.501322
   -0.415525    -0.376208     0.828134
    -2.91082      6.63223      7.42076
   -0.695615    -0.248176    -0.674187
    0.712669     -0.35683    -0.603966
  -0.0906803      -0.9006     0.425084
    -2.41716      5.78457       7.1029
     0.44488    -0.401918     -0.80034
   -0.637001     0.486161    -0.598228
    0.629533     0.775957   -0.0397382
     -1.8181       4.9924      6.71645
    0.193074    -0.521151    -0.831338
   -0.824665     0.372902     -0.42529
    0.531648     0.767689    -0.357778
    -1.32938      4.11496      6.53767
    0.218275    -0.701764    -0.678147
  -0.0284385    -0.699182     0.714378
   -0.975473    -0.136646    -0.172571
   -0.762916      3.25657      6.26034
  -0.0927717    -0.848709     -0.52066
   -0.253261      0.52583    -0.812011
    0.962939     0.056531    -0.263727
   -0.383464      2.40367      5.88929
    -0.48573     0.186862    -0.853902
    -0.58763    -0.793005     0.160729
   -0.647115      0.57985     0.494992
  -0.0135236      1.52615      5.53948
   -0.551153    -0.363761    -0.750939
     0.83384      -0.2732    -0.479658
  -0.0306757    -0.890528     0.453893
    0.509405     0.782569      5.20268
   -0.221305    -0.148192    -0.963879
   -0.882357     -0.39048     0.262622
   -0.415295     0.908606   -0.0443432
     1.01055     -0.10075      4.92676
    -0.12454    -0.936828    -0.326869
    0.854041    -0.268908     0.445312
   -0.505078      -0.2237     0.833579
     1.41648    -0.905212      4.61044
    0.546087    -0.628135    -0.554288
     0.43774     0.778097    -0.450499
    0.714264   0.00337755     0.699868
     1.94928     -1.62529      4.45833
  -0.0775702    -0.288821    -0.954236
    0.996578    -0.049878   -0.0659155
  -0.0285576    -0.956083     0.291701
     2.41573      -2.4918      4.13974
    0.488159    -0.865021     0.115927
    0.777872     0.371002    -0.507222
    0.395749     0.337781     0.853983
     2.94286     -3.29735      3.74759
   -0.506628    -0.227685    -0.831557
   -0.193546     0.969917    -0.147651
     0.84016    0.0861405    -0.535455
     3.41036     -4.12731      3.49604
   -0.622433     -0.32511    -0.711956
    0.782494     -0.27795    -0.557177
  -0.0167445    -0.903907     0.427402
     3.99854      -5.0561      3.18555
   -0.322043    -0.922131     0.214388
    0.664796    -0.381494    -0.642269
    0.674044   -0.0643141     0.735886
      4.3146     -5.81374      2.89226
    -0.54218    -0.764935    -0.347729
    0.811477    -0.584057    0.0195523
    -0.21805    -0.271573     0.937391
     4.60671      -6.0814      3.85046
     0.61133    -0.483045    -0.626852
    0.134198     0.843909    -0.519432
    0.779915     0.233422      0.58073
      4.1856     -5.21649      4.09054
   -0.628044      0.45378    -0.632174
       0.177    -0.707783    -0.683897
   -0.757781    -0.541412       0.3642
      3.8188     -4.31582      4.34388
    0.377521     0.701566    -0.604387
    0.913231    -0.174057     0.368392
    0.153253    -0.691021    -0.706402
     3.22226     -3.47376      4.72228
   0.0151221    -0.989769    -0.141879
    0.950665   -0.0297393     0.308792
   -0.309852    -0.139549     0.940488
     2.64965     -2.63766      5.06377
    0.530143     0.721124    -0.446014
   -0.412902    -0.239875    -0.878619
   -0.740581     0.649954     0.170586
     2.20812     -1.84657      5.33774
    0.387904     0.821452    -0.418029
   -0.413862    -0.250016    -0.875334
   -0.823559     0.512551     0.242985
     1.71502     -1.03141       5.6435
    -0.66656    -0.675395    -0.315498
   -0.463076      0.70682    -0.534758
    0.584173    -0.210349    -0.783897
     1.22663    -0.216805      5.95165
    0.205179     0.355779    -0.911769
   -0.923492     0.378903   -0.0599669
    0.324137     0.854315     0.406302
    0.749236     0.589436      6.19558
    0.475311     0.856439    -0.201473
   -0.776521     0.516018      0.36158
    0.413635   -0.0154147     0.910312
    0.298255      1.40775      6.51678
     0.29423    -0.909438    -0.293857
     0.54898     0.412504    -0.726953
    0.782336    0.0525699     0.620634
  -0.0884058      2.30092      6.94596
   -0.219794    -0.975119    0.0288602
    0.963343    -0.212286     0.164027
   -0.153819    0.0638544     0.986034
   -0.497639      3.05057      7.06209
    0.298494     0.105557    -0.948556
   -0.594309    -0.757106    -0.271271
   -0.746792     0.644708    -0.163259
    -1.03638      3.91203        7.418
    -0.79763     0.439399     0.413177
   -0.305509     0.296322    -0.904907
   -0.520049     -0.84801    -0.102115
    -1.56682      4.66422      7.77277
   0.0557571    -0.604771    -0.794445
    0.406647     0.740455    -0.535131
    0.911882    -0.293221     0.287214
    -2.08653      5.52629      8.11673
    -0.99925    0.0386469  -0.00254283
   0.0361818     0.908055    -0.417286
  -0.0138178    -0.417065    -0.908772
    -2.64554      6.39759      8.34111
   -0.163754   -0.0824449     -0.98305
   -0.986121   -0.0139706     0.165437
  -0.0273732     0.996498   -0.0790129
    -2.96809      7.26262      8.63402
    0.765442      0.63996   -0.0674467
    -0.63748     0.768408    0.0562869
   0.0878479 -8.84563e-05     0.996134
    -3.48292      8.11771      8.89102
   -0.141855    -0.890612    -0.432073
   -0.270203     0.454749    -0.848642
    0.952296  -0.00363702    -0.305154
    -4.01892       8.9315      9.30174
   -0.351167     0.898695     0.262734
    0.333476      0.38225    -0.861788
   -0.874915    -0.215015    -0.433927
    -4.40325      9.78964      9.50846
     0.50266     0.254809    -0.826078
   -0.814647    -0.180145     -0.55127
   -0.289282     0.950063     0.117028
     3.86315     -6.49518      4.05217
   -0.281492    -0.957475   -0.0632729
    0.178773    0.0124549    -0.983811
    0.942763    -0.288247     0.167665
      3.3338     -5.66339      4.32127
    0.215949     0.971698   -0.0957515
   -0.976402     0.215112    -0.019107
  0.00203107    0.0976182     0.995222
     2.98635     -4.78907      4.51248
    0.673071    -0.311785    -0.670645
    0.362274     0.929546   -0.0685655
    0.644774    -0.196808     0.738603
     2.45085     -4.00229      4.85362
   -0.270842     0.935365     0.227458
    0.427714     0.328617    -0.842064
   -0.862384     -0.13078    -0.489072
     1.90897     -3.27887      5.25126
   -0.123374     0.938289     0.323098
    0.090936     0.334905    -0.937854
   -0.988185   -0.0863258    -0.126643
     1.35377     -2.36541      5.46426
   -0.418087      0.27695     -0.86516
   -0.403101    -0.910051   -0.0965228
   -0.814072     0.308392     0.492119
    0.898149     -1.46519      5.72949
   -0.272661    -0.833523    -0.480516
    0.783575    0.0974175    -0.613612
     0.55827    -0.543829     0.626566
    0.425499    -0.790494      6.09788
   -0.221474    -0.527091    -0.820442
   -0.712843     0.661619    -0.232627
    0.665436     0.533325    -0.522264
  -0.0121671    0.0959627      6.37612
   -0.455584     0.141661    -0.878849
   -0.157537     0.958844      0.23622
    0.876142     0.246069    -0.414517
   -0.456406     0.915951      6.75813
   -0.403333    -0.152024    -0.902337
   0.0397711    -0.988083     0.148693
   -0.914189    0.0240858     0.404573
    -0.93013       1.8331      7.11111
    0.465718    -0.884385   -0.0311451
    0.882767     0.461828    0.0862424
  -0.0618878   -0.0676585     0.995787
    -1.40209      2.65893      7.23396
    0.517013    -0.563333    -0.644479
   -0.326604    -0.825781       0.4598
   -0.791219   -0.0272332    -0.610926
    -1.84682      3.42505      7.60279
    -0.86068     -0.48719    -0.147907
    0.383682    -0.429658    -0.817424
    0.334692    -0.760289     0.556724
    -2.37201      4.16123      7.95661
   -0.308095    -0.189689    -0.932253
    0.906438     0.239016    -0.348198
    0.288873    -0.952307    0.0983018
    -2.91679      5.03404      8.16708
    0.465688     0.121672    -0.876545
    -0.11436     0.990472    0.0767287
    0.877529    0.0645102     0.475165
    -3.37448      5.78788      8.53115
    0.757438    -0.487729      0.43406
    0.543841     0.103427     -0.83279
    0.361283     0.866846     0.343587
    -3.81062      6.69525      8.79001
    0.985085    -0.128998    -0.113871
    0.133995     0.990278    0.0373496
    0.107946   -0.0520508     0.992793
    -4.29799      7.51372      9.11494
    0.787713     0.384601    -0.481239
   -0.436916    -0.201928    -0.876544
   -0.434295     0.900726   0.00897677
    -4.85112      8.45375      9.39975
    0.801843     0.406414    -0.438036
   -0.552369      0.22456    -0.802784
   -0.227897     0.885664     0.404552
    -5.26906      9.10878      9.75977
     -0.5309    -0.644149    -0.550652
   -0.494668     0.763155    -0.415809
    0.688076    0.0516373    -0.723799
    -5.60749      9.33472      8.81033
    0.603774    -0.787956    -0.120759
    -0.72435    -0.479049    -0.495812
    0.332828      0.38683    -0.859993
    -5.09614      8.54594      8.56436
    0.730108     0.681321   -0.0523942
   0.0489198    -0.128592     -0.99049
   -0.681579     0.720601    -0.127216
    -4.64436      7.67526      8.26146
    0.195044    -0.322264    -0.926339
    -0.94522    -0.313828   -0.0898424
   -0.261758     0.893117    -0.365821
    -4.13914      6.78721      7.86305
    0.462703    -0.414258     -0.78377
    0.564414    -0.544109     0.620792
   -0.683624    -0.729613   -0.0179479
    -3.59281      5.97834      7.59338
    0.415826     0.521142    -0.745319
  -0.0731007     0.836033     0.543787
    0.906502    -0.171637      0.38574
    -3.18064       5.1895        7.217
    0.908674    -0.412527   -0.0642792
   -0.105872   -0.0787482    -0.991257
    0.403859     0.907535    -0.115231
    -2.81246      4.46565      6.96882
   -0.309328    -0.812084    -0.494809
   -0.930166     0.150176     0.335019
   -0.197755     0.563885    -0.801827
    -2.16776      3.64635      6.71198
    -0.30496     0.911014     0.277585
   -0.252574     0.203666      -0.9459
   -0.918262    -0.358572     0.167989
    -1.68131      2.74748      6.35775
    0.234309     0.177927    -0.955741
   -0.203015     0.970389     0.130883
    0.950728     0.163363     0.263493
    -1.25694      1.94806      6.06104
    0.298329    -0.596969    -0.744733
   -0.635593     0.457843    -0.621611
    0.712054     0.658792    -0.242842
   -0.799339      1.08949      5.81672
   -0.106429     0.332475    -0.937088
   -0.955921     -0.29359   0.00440327
   -0.273656     0.896251     0.349066
     -0.2866     0.249729      5.51642
    0.238404    -0.237961    -0.941562
    0.713244    -0.615105     0.336049
   -0.659126    -0.751678    0.0230802
    0.161381    -0.600646      5.07103
   -0.269238     0.158941    -0.949868
 -0.00951745    -0.986679    -0.162403
   -0.963027   -0.0346847     0.267164
    0.576093     -1.46305       4.7979
   -0.641319     0.730706     0.234049
  -0.0175169     0.291016    -0.956558
   -0.767074    -0.617559    -0.173835
     1.10779     -2.24181      4.55819
    0.277826    0.0744922    -0.957739
   -0.953428    -0.100486    -0.284391
   -0.117425     0.992146    0.0431053
     1.62133     -3.08054      4.27907
  -0.0177988    -0.547473    -0.836634
   -0.616858     0.664546    -0.421739
    0.786873     0.508578    -0.349541
     2.18605     -3.89424      3.92477
   0.0732337    -0.821446    -0.565564
   -0.643491     0.394331    -0.656066
    0.761942     0.411982    -0.499715
     2.50161     -4.65799      3.66024
   -0.115164     0.173527    -0.978072
    0.975072     0.207745   -0.0779531
    0.189663    -0.962668    -0.193126
     3.07225     -5.55098      3.41782
   -0.127553    -0.177594    -0.975803
   -0.344709     0.930446     -0.12428
    0.930003     0.320516    -0.179899
     3.56834      -6.3229      3.06649
    0.208182     0.267864    -0.940696
    0.959027     0.133055     0.250126
    0.192164    -0.954225    -0.229189
      3.2654     -6.16119      2.19244
   -0.620567     0.260009    -0.739792
   -0.104919     0.907413     0.406932
    0.777102     0.330147    -0.535831
     2.73382     -5.38658       2.4698
   -0.373714    -0.918382    -0.130044
    0.926927    -0.364664   -0.0884669
   0.0338239    -0.153603     0.987554
     2.24152     -4.54212      2.70432
   -0.686621   -0.0586974    -0.724642
    -0.22622     0.964504     0.136224
    0.690924     0.257463    -0.675527
      1.8669     -3.72431      2.96678
    -0.64905     -0.61645    -0.445784
    0.267064    -0.733322     0.625233
   -0.712328     0.286755     0.640594
     1.34961     -2.88311      3.36077
   -0.897333     0.430644    0.0966411
   -0.069968    0.0773934    -0.994542
   -0.435773    -0.899197   -0.0393163
    0.826953     -2.18851      3.57651
    0.326114    -0.570478    -0.753793
     0.83771    -0.195104     0.510075
   -0.438055    -0.797803     0.414269
    0.407614     -1.37985      3.87629
   -0.582688     0.561231    -0.587788
   -0.518998     0.299594     0.800552
    0.625392     0.771533     0.116708
   -0.164561    -0.385744      4.17239
  -0.0481039    -0.970335      0.23693
    0.442822    -0.233337    -0.865715
    0.895318    0.0632736      0.44091
   -0.593699      0.46401       4.3992
   -0.177132     0.878186    -0.444312
    0.968982    0.0765633    -0.234972
   -0.172331    -0.472152    -0.864508
    -1.05205      1.25174      4.88229
    0.765968     0.483181     0.424063
    0.082647     0.580148    -0.810307
   -0.637544     0.655717     0.404441
    -1.53802      2.16476      5.17348
    0.421566     0.496758    -0.758626
    0.875582   -0.0053742      0.48304
    0.235877    -0.867872    -0.437218
     -2.0085      2.95282      5.44737
   -0.361085     -0.28467    -0.888021
    0.221717    -0.951168     0.214759
   -0.905792    -0.119343     0.406569
    -2.49942      3.84721      5.72615
    0.407001    -0.618203     -0.67244
    0.564102    -0.408901     0.717348
   -0.718428    -0.671287     0.182307
    -3.01584      4.51778      6.09755
   -0.294623    -0.921482    -0.253116
   -0.532965       0.3783     -0.75686
    0.793187    -0.088086    -0.602574
    -3.49487      5.44705      6.28105
    0.896819    -0.185198    -0.401767
   -0.441469    -0.433414    -0.785657
  -0.0286288      0.88196    -0.470453
    -3.92796      6.24426       6.6592
   -0.156746     0.758213    -0.632885
    0.945344     0.300699     0.126112
    0.285927    -0.578527    -0.763906
    -4.51443      7.04611      6.93999
   -0.884691     0.335788     -0.32337
    0.385392     0.136536    -0.912596
   -0.262287     -0.93199    -0.250202
    -5.01286      7.89127      7.27469
    0.535586     0.717298    -0.445681
   -0.540723    -0.114094    -0.833427
   -0.648665     0.687362     0.326752
    -5.41925       8.7796      7.54693
   0.0207348     0.651635    -0.758249
    0.113227    -0.755064    -0.645801
   -0.993353   -0.0724635   -0.0894385
    -5.96135      9.41394      7.82589
   -0.206383     0.959784    -0.190315
    0.977917     0.195782   -0.0731252
  -0.0329241    -0.201204    -0.978996
    -6.32115      9.64184      6.96087
   -0.121927     0.441557     -0.88891
   -0.115349    -0.895828    -0.429171
   -0.985814    0.0502072     0.160158
     -5.7359      8.81484      6.71028
  -0.0951905    -0.787245    -0.609249
    0.573475    -0.543631     0.612856
   -0.813674    -0.291051     0.503214
     -5.2592      8.08469      6.33035
  -0.0601826     0.876113     0.478335
   -0.720219     0.293681    -0.628519
   -0.691131    -0.382332     0.613319
    -4.78743      7.23822      6.01199
   -0.355532      0.43845    -0.825444
   -0.220499    -0.897563    -0.381786
   -0.908283    0.0462723      0.41579
    -4.25121      6.33589      5.72948
    -0.75874    -0.639565    -0.123573
    0.635843    -0.768381    0.0727618
   -0.141487   -0.0233658     0.989664
    -3.81821       5.6153      5.39083
     0.43912    -0.117878    -0.890662
    0.844691     0.391883     0.364589
    0.306059    -0.912432     0.271654
    -3.26942       4.8269      5.11725
   -0.594882    -0.347198    -0.724961
    0.132381      0.84727    -0.514402
    0.792837     -0.40198    -0.458063
    -2.75095       4.0025      4.75947
   -0.440392    -0.897748    0.0101404
    0.163111   -0.0911109    -0.982392
    0.882865    -0.430983     0.186557
    -2.30019      3.10672      4.48446
    0.606251     0.292458    -0.739546
    0.542219      0.52827     0.653398
    0.581771    -0.797119     0.161688
    -1.88264      2.31103      4.19539
 -0.00205373     0.160564    -0.987023
   -0.508911     0.849482     0.139248
    0.860817     0.502593    0.0799682
    -1.49208      1.32979      3.87589
   -0.238734   -0.0925113    -0.966668
    0.934459     0.248926    -0.254602
    0.264182    -0.964094    0.0270209
    -1.03078     0.488702      3.47908
   -0.484151    -0.830902     0.274226
   -0.548272    0.0438401     -0.83515
    0.681906     -0.55469    -0.476785
   -0.601678    -0.279966      3.20366
    0.999904   -0.0102343  -0.00934496
-8.19055e-05     0.669918    -0.742435
   0.0138586     0.742364     0.669853
  -0.0551011     -1.08703      2.90027
    0.254926    0.0441018    -0.965954
    0.966828   -0.0282001     0.253868
  -0.0160439    -0.998629   -0.0498278
    0.503633     -1.87897      2.71351
    0.274773     0.839882     0.468079
  -0.0299043     0.494047    -0.868921
   -0.961044     0.224758     0.160867
     1.01202      -2.7112      2.37453
     0.42893     0.638483     -0.63903
   -0.465679    -0.449882     -0.76207
   -0.774056     0.624457      0.10436
      1.5409     -3.64705       1.9346
   -0.428573    -0.287292    -0.856615
    0.557131    -0.830425  -0.00023005
   -0.711288    -0.477345     0.515957
     2.01517      -4.3845      1.73186
   0.0263765    -0.193925    -0.980662
   -0.548149     0.817564    -0.176416
    0.835965     0.542202   -0.0847354
     2.49125     -5.16846      1.52243
   -0.260691    -0.931897    -0.252205
   -0.902101     0.328186    -0.280192
     0.34388     0.154471    -0.926221
     3.00223      -5.9946      1.18869
   -0.648009   -0.0694444    -0.758461
    0.126743    -0.991782   -0.0174783
   -0.751013    -0.107455     0.651485
     2.70414      -5.8737     0.133645
   -0.295492    -0.874025     0.385699
     0.34831    -0.474502    -0.808411
    0.889587    -0.104536     0.444644
     2.17013     -5.06283     0.492925
   -0.134036    0.0674626    -0.988677
   -0.729148    -0.682355    0.0522909
   -0.671102     0.727901      0.14065
     1.69118     -4.20011     0.732842
   -0.264094    -0.402275    -0.876601
   -0.043492    -0.902977     0.427482
   -0.963516      0.15102     0.220975
     1.24141     -3.41238      1.06768
   -0.168764     0.436703    -0.883634
    0.260554     0.884369     0.387303
    0.950595    -0.164872    -0.263034
    0.744695     -2.59805       1.4303
   -0.929386     0.368312   -0.0242343
    0.148715     0.313554    -0.937853
   -0.337823    -0.875232    -0.346186
     0.22851     -1.75188      1.78814
   -0.280529    -0.787457     -0.54883
   -0.752389    -0.174639     0.635148
   -0.595999     0.591111    -0.543482
   -0.273376    -0.934422      2.12472
   -0.449497     0.842861    -0.295868
    0.886539     0.461543   -0.0320433
    0.109548    -0.276702    -0.954691
   -0.823214    -0.111125      2.37977
    0.337483    0.0122542    -0.941252
    0.483168    -0.860403     0.162037
    -0.80787    -0.509468    -0.296292
    -1.26145     0.771757      2.65721
    0.260384     0.596024    -0.759576
    0.576654     0.534981     0.617467
    0.774384    -0.598791    -0.204399
    -1.78335      1.54443      2.86731
   -0.899873   -0.0440656     -0.43392
   -0.178438    -0.870617     0.458461
    -0.39798     0.489985     0.775582
    -1.98088      2.46851      3.25195
    0.486346     0.284363      -0.8262
    0.673385    -0.724525     0.147022
   -0.556795    -0.627854    -0.543855
    -2.60965      3.36621      3.59606
    -0.14363      0.40911     -0.90111
   -0.895339     0.334183     0.294431
     0.42159     0.849088     0.318294
    -3.05399      4.15963      3.95708
    -0.86558    -0.230732    -0.444448
   -0.110216     0.953542    -0.280376
    0.488491    -0.193703    -0.850797
    -3.57085      4.99449      4.15301
   -0.269706    -0.948415     0.166636
   -0.499611   -0.0101127    -0.866191
    0.823194     -0.31687    -0.471111
    -4.12626      5.69431        4.483
   -0.332993     -0.50411    -0.796862
   -0.899706     0.422795     0.108502
    0.282213     0.753072    -0.594338
    -4.63211      6.64519      4.76817
     0.62379     -0.24566    -0.741982
    -0.59717      0.46267    -0.655229
    0.504256     0.851814     0.141908
    -5.15818      7.38889      5.01639
    0.623513     0.762477    -0.172801
   -0.774401     0.571964    -0.270481
   -0.107399     0.302466      0.94709
    -5.62551      8.10019      5.40482
     0.58583    -0.551764    -0.593599
   0.0911508    -0.682939     0.724766
   -0.805292    -0.478697    -0.349793
    -6.06823      8.98843      5.68577
   -0.378044    -0.575516    -0.725165
   -0.793599    -0.201909     0.573963
   -0.476742     0.792473    -0.380398
    -6.59729      9.78482      6.14843
  -0.0670019    -0.339618    -0.938174
   -0.611897    -0.728717     0.307495
   -0.788094     0.594669    -0.158986
    -6.80586      9.96611      5.06684
   -0.282844    -0.436369    -0.854155
    0.666029    -0.730174     0.152482
   -0.690221    -0.525764      0.49716
    -6.33046      9.13038      4.79739
    0.976251     0.207479     0.062337
  0.00772535     0.254219    -0.967116
   -0.216504      0.94463     0.246579
     -5.8268      8.40026      4.46761
   -0.348534     0.221324    -0.910791
    0.887787     0.389589     -0.24506
    0.300597       -0.894    -0.332273
    -5.40415       7.5899      4.11744
    0.469929    -0.469242    -0.747649
    0.622419      0.77674   -0.0962833
    0.625909    -0.420104     0.657077
    -4.91963      6.71742      3.82653
    0.389074     0.914597    -0.110149
    0.243481    -0.217416    -0.945223
   -0.888447     0.340943    -0.307278
    -4.37925      6.02039       3.5203
   -0.368573    -0.390015    -0.843826
   -0.879099     -0.14888     0.452792
   -0.302225     0.908693    -0.287989
    -3.90385      5.15173      3.25102
    0.828731    -0.303655    -0.470104
   -0.424336    -0.888617    -0.174062
   -0.364887     0.343733    -0.865277
    -3.45908      4.23301      2.94884
   -0.389321    -0.158798     -0.90731
    0.576023    -0.810624    -0.105292
   -0.718767    -0.563624     0.407065
    -2.93158      3.45598       2.7009
   0.0336383    -0.505746    -0.862026
   -0.466514      0.75484    -0.461065
    0.883874     0.417657    -0.210546
    -2.42604      2.65116      2.35112
   -0.409684    -0.700593    -0.584234
    0.908249    -0.253513     -0.33289
   0.0851092    -0.667009     0.740172
    -1.99621      1.79187      1.94767
  -0.0647217    -0.957154    -0.282254
    0.934259    0.0412756    -0.354199
    0.350673    -0.286623     0.891558
    -1.48482     0.960649      1.64131
   -0.682799    -0.699713    -0.210206
    0.443639    -0.168479    -0.880227
    0.580491    -0.694274     0.425457
    -1.09521    0.0569563      1.35665
   -0.129861    -0.631833    -0.764148
    0.980821    0.0311177    -0.192412
    0.145351    -0.774479     0.615674
   -0.496725    -0.739978      1.08657
   -0.563913    -0.686654     0.458813
    0.267676    -0.677556    -0.685031
    0.781251    -0.263484     0.565883
  -0.0527277     -1.62847     0.854288
    0.215286    -0.867733    -0.447987
  -0.0442161     0.449612    -0.892129
    0.975549     0.211871    0.0584274
    0.557539     -2.43104     0.487409
    0.499058    -0.289235    -0.816875
   -0.725407    -0.655112    -0.211218
   -0.474053     0.697976    -0.536752
    0.905736     -3.39203     0.129871
   -0.982193      0.18675     0.020534
  0.00701109     0.145653    -0.989311
   -0.187744     -0.97155    -0.144369
     1.48506     -4.12151    -0.149344
    0.254129    -0.464865    -0.848127
    0.813292    -0.371868     0.447515
   -0.523425    -0.803502     0.283569
     1.92002     -4.92372    -0.489041
    0.902351   -0.0138915    -0.430777
    0.270721     0.795978     0.541414
    0.335368    -0.605166     0.722013
     2.40995     -5.73001    -0.811627
    0.997333   -0.0126364   -0.0718849
  -0.0466618    -0.867723    -0.494852
   -0.056123     0.496887    -0.865999
      2.0406     -5.48217     -1.66608
     0.55219     0.491126    -0.673707
    0.308425     0.630412     0.712359
    0.774571    -0.601146     0.196631
     1.58708     -4.61384     -1.40714
    0.911661     0.264869    -0.314197
