   -0.011443     -0.99991  -0.00700754
 -0.00748211   0.00709342    -0.999947
    0.999907   -0.0113899  -0.00756261
           0            0            0
   -0.740801      0.56266     0.366916
   -0.638601    -0.420509    -0.644485
   -0.208335    -0.711748     0.670828
  -0.0358558    0.0764258     0.982799
    -0.77029     0.196162    -0.606774
    0.206397    -0.823603    -0.528278
   -0.603369    -0.532163     0.593926
-0.000985224   -0.0514561      2.02391
   0.0750615     0.560727     0.824591
    0.853786     0.391085     -0.34366
   -0.515185      0.72982    -0.449386
  -0.0536391    -0.179232      3.05196
    0.969936    -0.107633    -0.218263
    -0.23667    -0.626036    -0.743012
  -0.0566681      0.77233    -0.632689
  0.00464834    -0.192879      4.00568
    -0.90026    -0.428994   -0.0741327
   -0.253697     0.655336    -0.711458
    0.353793     -0.62169    -0.698808
  -0.0912454    -0.294316      5.06316
    0.878588    -0.460604    -0.126205
    0.379012     0.833251    -0.402545
    0.290575     0.305838     0.906658
 0.000486709    -0.211923      6.07768
   -0.693757     0.717988    -0.056519
   -0.686256    -0.682824    -0.250608
   -0.218526    -0.135075     0.966437
    0.084516    -0.302262      6.99428
    0.544217      0.50117    -0.672797
    0.472127     -0.84587    -0.248196
   -0.693487    -0.182573    -0.696952
  -0.0139284    -0.312225      7.97927
   -0.564732    -0.825149    -0.014407
   -0.215573     0.164344    -0.962559
    0.796622    -0.540482     -0.27069
   0.0717309    -0.430026      9.00013
    0.678637     0.381231    -0.627786
   -0.710619     0.124738    -0.692431
   -0.185667     0.916026     0.355562
   0.0172474    -0.322323      9.99695
    0.412482     0.855935     0.311824
   -0.628979     0.515207    -0.582192
   -0.658972    0.0440133     0.750879
    0.172574    -0.326803       10.977
    0.820376     0.354881    -0.448379
   0.0395825    -0.817481    -0.574594
   -0.570453     0.453635    -0.684688
  -0.0167929    -0.310985      11.9034
   -0.632873    -0.744219    -0.213566
   -0.627998     0.654746    -0.420625
    0.452868    -0.132084    -0.881739
   0.0534149    -0.357684      12.8928
    0.735299    -0.240015     -0.63382
   -0.241835     0.780714    -0.576196
    0.633127     0.576957     0.516014
    0.110599    -0.408768      13.9761
    0.166462    -0.515225    -0.840734
   -0.550917     0.658542    -0.512652
     0.81779     0.548511    -0.174224
    0.326348    -0.499883      14.8609
   -0.286607     0.957955    0.0133955
   -0.711871    -0.203583    -0.672156
   -0.641167     -0.20218     0.740289
    0.300597    -0.387931      15.8166
    0.411097     0.581613     0.701944
    -0.81497     0.579497   -0.0028648
    -0.40844    -0.570885     0.712226
    0.323852    -0.403041      16.8495
    0.158929     -0.49264    -0.855598
   -0.727853     0.527062    -0.438675
    0.667062     0.692467    -0.274804
    0.211966    -0.413078      17.8146
     0.99213   -0.0292753    -0.121739
 -0.00312748     0.966185    -0.257833
     0.12517     0.256184     0.958489
    0.231254    -0.340357      18.8339
   -0.346642    -0.151693     -0.92565
    0.863765    -0.436381    -0.251954
   -0.365717    -0.886883     0.282295
   -0.707668    -0.546947      18.8003
    0.869569    -0.476555      -0.1294
   0.0116846     0.281827    -0.959394
    0.493673     0.832748     0.250637
   -0.811933    -0.576014      17.8904
    0.960069     0.116665    -0.254279
   -0.245851   -0.0819326    -0.965839
   -0.133513     0.989786   -0.0499788
   -0.742229    -0.562188      16.8667
   -0.682652    -0.455022     0.571788
   -0.730587     0.408789    -0.546931
   0.0151252    -0.791105    -0.611494
   -0.762047    -0.448702      15.9251
   -0.668504     0.715255     0.203748
   -0.690361     -0.49492     -0.52769
   -0.276594    -0.493422      0.82464
    -0.82543    -0.462087      14.8818
   -0.636052    -0.771506    0.0147216
    0.175217    -0.162982    -0.970946
     0.75149    -0.614992     0.238846
   -0.931941    -0.393701      13.8973
     0.43225   -0.0769933    -0.898461
   -0.476504    -0.865385    -0.155087
   -0.765574     0.495157    -0.410751
    -1.03289    -0.448159      13.0249
    0.726332     -0.66024    -0.191114
    0.392635     0.626763    -0.673057
    0.564163     0.413825     0.714471
   -0.993892    -0.360287      11.9563
    0.611369     0.466896     0.638934
   -0.176978     0.867621    -0.464665
   -0.771302     0.171004     0.613067
   -0.934669    -0.407189       11.013
   -0.682178    -0.040835     0.730045
   -0.357647     0.889483    -0.284444
   -0.637748     -0.45514     -0.62139
    -1.04266    -0.320181      9.99162
   -0.344531    -0.511366    -0.787276
   -0.557531     0.786164    -0.266654
    0.755286      0.34706     -0.55596
   -0.918303    -0.333098      9.02077
    0.762967    -0.283634     -0.58089
   -0.572409     0.121131    -0.810972
    0.300383     0.951251   -0.0699359
   -0.975138    -0.413626      8.12683
    0.195274    -0.539309    -0.819154
    0.805838       0.5643     -0.17942
    0.559011    -0.625069     0.544789
   -0.921505    -0.416831      7.11895
    0.953509    -0.145272    -0.264038
   -0.272958     -0.78765     -0.55236
   -0.127727     0.598751    -0.790685
    -1.05336    -0.269832      6.05862
    -0.49796     0.852058    -0.161348
    0.848021     0.439531    -0.296096
   -0.181374     -0.28427    -0.941432
    -1.07539    -0.345013      5.05315
    0.947622    -0.253094    -0.194821
  -0.0349054     0.524254    -0.850846
     0.31748     0.813081      0.48796
    -1.09374    -0.286616      4.02894
   -0.717383     0.112446    -0.687545
  -0.0187769    -0.989651    -0.142263
   -0.696426   -0.0891473      0.71207
     -1.1324    -0.221558      2.98556
    -0.51782   -0.0657575     0.852959
    -0.43234     0.880464     -0.19459
   -0.738203    -0.469531    -0.484352
    -1.09671   -0.0859686      2.06361
   -0.998178    0.0473134    0.0374539
  -0.0348019    0.0556833    -0.997842
  -0.0492968    -0.997327   -0.0539353
    -1.11306    -0.023416      1.06713
   -0.939875     0.230288     0.252196
   0.0977423     0.888946    -0.447462
   -0.327234    -0.395908    -0.858007
    -1.07147    -0.102644     0.172273
    0.551818     0.621262     0.556355
    0.794411    -0.188566    -0.577368
   -0.253788     0.760576    -0.597591
    -2.03235     -0.14207     0.161065
   0.0577252    -0.895024     0.442267
    0.631141    -0.310527    -0.710798
    0.773517     0.320164     0.546962
    -2.03446   -0.0253804       1.0575
     0.10492    -0.132839    -0.985569
    0.264734      0.95901    -0.101077
    0.958597    -0.250308     0.135787
    -1.95925   -0.0987758      2.05603
    0.308388     0.540943    -0.782482
    0.678787    -0.701422    -0.217385
   -0.666442      -0.4641    -0.583495
    -2.06798    -0.237135      3.03822
    0.110778    -0.947748     0.299169
   -0.596694    -0.304154    -0.742594
    0.794786   -0.0962487     -0.59921
    -2.05978    -0.245493      4.01845
     -0.4499    -0.848652     0.278171
   -0.874886     0.356262    -0.328104
    0.179344    -0.390982    -0.902756
     -2.0393    -0.413255      5.07577
    0.938485    -0.272089    -0.212634
    0.240083     0.956701    -0.164571
    0.248205     0.103398     0.963173
    -2.03614    -0.285263      6.09618
     -0.8821      0.46756   -0.0573326
   -0.434849    -0.855033    -0.282533
   -0.181122    -0.224291     0.957543
    -1.94515    -0.455864      7.14801
   -0.834557     0.139329    -0.533012
    0.185281    -0.840154    -0.509718
   -0.518831    -0.524145     0.675342
     -1.9672    -0.465811      8.07997
    0.906624     0.419168   -0.0482715
   -0.207379     0.343041    -0.916142
   -0.367459     0.840608     0.397936
     -1.9412    -0.443941      9.11659
   0.0246276    -0.292474    -0.955956
   0.0852143      0.95338    -0.289491
    0.996058   -0.0743317    0.0484025
    -1.99559    -0.485811      10.0585
    0.693819     0.564866     0.446701
    0.708547    -0.646342    -0.283201
    0.128751     0.512999    -0.848679
    -2.05483    -0.499187      11.0779
    0.966288     0.157297     0.203826
    0.224349     -0.90282    -0.366858
    0.126312     0.400218    -0.907673
    -1.95721    -0.451653      12.0201
    0.463494    -0.579542    -0.670301
    0.659931     0.730581    -0.175336
    0.591324    -0.361085     0.721078
    -2.03633    -0.401992      13.0035
    0.500537      0.36645    -0.784332
   0.0750299    -0.920947    -0.382396
   -0.862457     0.132555    -0.488463
    -1.97648    -0.437966      13.9252
  -0.0183852     0.484709     0.874482
   -0.840666     0.465972    -0.275954
   -0.541242    -0.740221     0.398911
    -1.97263    -0.435814      14.9135
    -0.60249    -0.034124     0.797397
   0.0958476    -0.994949    0.0298417
     0.79235    0.0944079     0.602717
     -1.8463    -0.465328      15.9577
    0.725201    -0.163861    -0.668754
   -0.175953     0.894916    -0.410081
    0.665675     0.415061     0.620162
    -1.86286    -0.508906      16.9298
   -0.631552     0.709871     0.311809
    -0.44288 -0.000196664    -0.896581
   -0.636395    -0.704332     0.314512
    -1.76951    -0.425238      17.9045
   -0.439262    0.0131484     0.898263
    -0.59941     0.740484    -0.303958
   -0.669146    -0.671945    -0.317385
    -1.63979    -0.449782      18.8021
   0.0803847    -0.615736     0.783842
   -0.567301    -0.674859    -0.471948
    0.819578    -0.406737    -0.403556
    -2.54611     -0.51144      18.9789
   -0.326983     0.806781     0.492123
   -0.751607    0.0936546    -0.652929
   -0.572861     -0.58338     0.575759
    -2.66359    -0.513048      17.9281
   -0.859961    -0.454885    -0.231401
    0.447891    -0.455305    -0.769475
    0.244665    -0.765361     0.595283
    -2.78216      -0.5748      16.9724
    0.602533    -0.698996     0.385173
   -0.614592    -0.714269    -0.334808
    0.509146   -0.0349915    -0.859968
    -2.78131    -0.451346      15.9801
   -0.447143     0.093875     0.889523
   -0.479583     0.814287    -0.327011
   -0.755025    -0.572821    -0.319082
    -2.97381     -0.49455      14.9628
    0.995003    0.0802345   -0.0594276
   0.0524847    -0.926627    -0.372301
  -0.0849386     0.367321    -0.926208
    -3.07821    -0.461415      13.9629
    0.686649   -0.0101432    -0.726918
   -0.672344    -0.389194    -0.629668
   -0.276525       0.9211     -0.27406
    -2.95976     -0.48344      13.0277
    0.854519     0.516813   -0.0519771
    0.276082    -0.536675    -0.797345
   -0.439973     0.666996    -0.601282
    -2.88231    -0.552228      12.0848
    0.225479    -0.107606     0.968287
     0.74671     0.657465    -0.100817
   -0.625767     0.745761     0.228595
     -2.9398    -0.567085      11.0643
    0.867168      0.49565   -0.0484923
    0.274411    -0.556802    -0.784009
   -0.415595     0.666561    -0.618852
    -2.92439    -0.538663      10.1425
    0.318187     0.695575    -0.644152
   -0.318683    -0.561448    -0.763687
    -0.89286     0.448276    0.0430228
     -3.0561    -0.417863      9.05672
   -0.943994     0.229758    -0.236824
    0.283023     0.194847    -0.939113
   -0.169624    -0.953544    -0.248962
    -2.92566    -0.423097      8.10824
    0.873022     0.129589     0.470147
    0.444751     0.183937    -0.876563
   -0.200071     0.974358     0.102946
    -2.87662    -0.448021      7.03659
    -0.52636     0.293898    -0.797853
      0.7824     0.534766    -0.319179
    0.332858    -0.792243    -0.511425
    -2.96928    -0.329273      6.03897
   -0.383776    -0.467358     0.796425
   -0.745733    -0.351799    -0.565791
    0.544608    -0.811057    -0.213513
    -3.06421    -0.348913      5.06257
    0.457333    -0.649562     0.607384
    0.848363     0.523498   -0.0789295
   -0.266695      0.55138     0.790477
    -3.05957    -0.304844      3.99808
    0.555205    -0.557456    -0.617245
   -0.579058     0.273642    -0.767992
    0.597026     0.783813    -0.170872
     -3.1313    -0.252944      2.95073
    0.848845   -0.0613389    -0.525072
    -0.10233     0.955394    -0.277039
    0.518644     0.288894     0.804704
    -3.10949    -0.208829       2.1329
    -0.28693      0.89609     0.338664
     0.31419     0.422004     -0.85041
   -0.904962    -0.137603    -0.402628
    -3.08465    -0.210094      1.09005
    -0.50485    -0.419313     0.754522
   -0.781669     0.592914    -0.193512
   -0.366225     -0.68748    -0.627097
    -3.08651    -0.133474     0.175965
    0.514811   -0.0910974      0.85245
    0.252956      0.96621   -0.0495108
   -0.819135     0.241121     0.520459
     -4.0566    -0.106063    0.0932989
    0.478614     0.809866     0.339185
    0.816915    -0.269135    -0.510115
   -0.321838     0.521233    -0.790403
     -4.0709    -0.235396      1.11181
    0.412977     0.631685    -0.656067
    0.728993    -0.661074    -0.177624
   -0.545912    -0.404914    -0.733502
    -4.18723    -0.222968      2.11195
    0.491843    -0.203596     0.846545
    0.656174      -0.5524    -0.514091
    0.572298     0.808334      -0.1381
    -4.07947    -0.229356      3.07101
    0.372028     0.887888    -0.270648
    0.576695    -0.449568    -0.682138
   -0.727336    0.0976932    -0.679292
    -4.08489    -0.270728      4.02651
   -0.997967    0.0462206    0.0438747
  -0.0528304    -0.214991    -0.975186
   -0.035641    -0.975522     0.216996
    -4.03434    -0.477485      4.94792
    0.795348     0.487094     0.360778
   -0.515038     0.856898    -0.021496
    -0.31962    -0.168718     0.932404
    -4.00423    -0.413185      6.10302
  -0.0792563     0.692434    -0.717114
    0.499449     -0.59499    -0.629712
    -0.86271    -0.408071    -0.298679
    -3.89361    -0.412086      7.03747
    -0.69143     0.163575    -0.703681
    0.686103     0.453712     -0.56869
    0.226245    -0.876007    -0.425939
    -3.89513    -0.382997      8.07738
  -0.0553824    -0.671826     0.738635
   -0.231608    -0.710949     -0.66401
    0.971231    -0.207849    -0.116227
    -4.01517    -0.398783      9.16762
    0.646077     0.734525     0.207501
   -0.567318     0.643995    -0.513245
   -0.510621     0.213877      0.83278
    -3.95841    -0.527458      10.0653
    0.735903    -0.605799    -0.302414
   0.0646702     0.507485     -0.85923
    0.673991     0.612753     0.412637
    -3.93593    -0.523027      11.0235
    0.509353    -0.860325   -0.0200044
    0.636478     0.392266    -0.664096
    0.579185     0.325527      0.74738
    -3.99448    -0.408565      12.1557
    0.678904      -0.7339    0.0219002
   -0.483392    -0.469221    -0.739029
     0.55265     0.491144    -0.673317
    -3.98113    -0.532423       13.053
   -0.193699   -0.0192902     0.980871
    -0.28525    -0.955505   -0.0751215
    0.938676    -0.294344     0.179578
    -3.93806    -0.507027      13.9998
   -0.137655    0.0769372     0.987488
  -0.0175118     0.996634   -0.0800909
   -0.990325   -0.0283175    -0.135844
    -3.87107    -0.586631      14.9435
    0.305917     0.619096     0.723281
   0.0536264     0.747291    -0.662329
   -0.950547     0.241405     0.195409
    -3.80425    -0.584932      15.9651
   -0.446805    -0.865734     0.225544
    0.855325    -0.487283    -0.175993
    0.262267     0.114279     0.958205
    -3.84383    -0.557329      17.0257
 -0.00119243    -0.995413   -0.0956663
   -0.763497    0.0626886    -0.642761
     0.64581    0.0722745     -0.76007
    -3.72085    -0.519685       18.025
    0.807956     0.577169     0.118674
   -0.563631     0.815733    -0.129995
   -0.171836    0.0381417     0.984387
    -3.63998    -0.610161       18.994
    0.588136    -0.323957    -0.741045
    -0.69772     0.260133    -0.667471
    0.409002     0.909606   -0.0730373
    -4.72437    -0.694063      18.9305
    0.729806     -0.48985     0.476897
    0.250088    -0.457932    -0.853085
     0.63627     0.741853    -0.211696
    -4.70042    -0.518569      17.9899
   -0.210823     0.972479    0.0991892
   -0.645042    -0.062156    -0.761615
    -0.73449    -0.224547     0.640393
    -4.81873     -0.63278      17.0419
   0.0115018    -0.973123        -0.23
   -0.566894     0.183133    -0.803177
    0.823711     0.139624    -0.549551
    -4.79772    -0.629934      15.9131
    -0.70019    -0.547215     0.458574
   -0.697325     0.661988    -0.274789
   -0.153201     -0.51218    -0.845104
    -4.87054    -0.650663        15.04
   0.0972103     0.258486     0.961111
     0.67594     0.691659    -0.254385
   -0.730517     0.674383    -0.107485
    -4.87826    -0.569269      14.0587
    0.541103    -0.717154    -0.439201
  -0.0389097     0.500354    -0.864946
    0.840056     0.485114     0.242839
     -4.7625    -0.455061      13.0423
    0.426685       0.9044 -0.000438741
   -0.365969     0.172216    -0.914554
   -0.827047     0.390387     0.404465
    -4.92239    -0.499634      12.0697
    0.757009     -0.64803    0.0836346
   -0.145709    -0.292199    -0.945192
     0.63695     0.703333    -0.315621
    -4.92801    -0.527185      11.0116
   -0.919657    -0.107106     0.377836
  -0.0108946    -0.954764    -0.297166
    0.392572    -0.277407     0.876888
    -4.99659    -0.528189      9.94883
    0.568255    -0.744913     0.349559
    0.395893     -0.12491    -0.909762
    0.721357     0.655364     0.223925
    -4.98974    -0.514935       9.0817
   -0.681974     0.487961    -0.544799
   0.0439416    -0.716213    -0.696497
   -0.730055    -0.498932     0.466997
    -4.95946    -0.466212      8.03813
     0.80031     0.244964    -0.547263
   -0.518586    -0.175333    -0.836855
   -0.300953     0.953546   -0.0132857
     -4.8603    -0.397196      7.14147
   -0.391177     0.862612     0.320751
   -0.821105    -0.169717    -0.544961
   -0.415653    -0.476546     0.774685
    -4.97093    -0.410126      6.07334
    0.216585     0.614361    -0.758717
    0.854486     -0.49517    -0.157034
    -0.47217    -0.614302    -0.632209
    -5.05832    -0.325298      5.06174
   -0.437713     0.229755    -0.869264
   -0.366965    -0.928261   -0.0605657
   -0.820819     0.292479     0.490624
     -5.0156    -0.336335      4.18672
   -0.147812    -0.987671   -0.0515542
   -0.779092      0.14839    -0.609095
    0.609236   -0.0498661     -0.79142
    -4.95453    -0.269997      3.02981
    0.939317    -0.171685    -0.296998
    -0.33757    -0.308444    -0.889331
   0.0610772     0.935621    -0.347683
    -5.00945    -0.251842      2.08739
   -0.638902    -0.619939       0.4555
   -0.638954      0.09789    -0.762991
    0.428419     -0.77852    -0.458654
    -5.07433    -0.174816      1.08501
   -0.576835     0.712803     0.398965
   -0.436853     0.143509    -0.888012
   -0.690233    -0.686525     0.228609
    -5.09815    -0.224289    0.0502843
    0.517686      0.12384      0.84656
     0.61477    -0.741994    -0.267399
    0.595028     0.658869    -0.460254
    -6.06643    -0.232177    0.0941657
   -0.527486     0.787572     0.318574
   -0.835727    -0.548434   -0.0279464
    0.152707    -0.280982     0.947486
    -6.14649    -0.260459      1.10832
    0.512725     0.825958    -0.234321
  -0.0851856    -0.222638    -0.971172
   -0.854316     0.517905   -0.0437923
    -6.01896    -0.324156      2.10367
   -0.601008     0.761063    -0.244075
   -0.764292    -0.636591    -0.103003
   -0.233768     0.124639     0.964271
    -6.00575    -0.370837      3.08055
    0.230943    -0.444815     0.865335
    0.609142    -0.627409    -0.485081
     0.75869     0.639138     0.126059
    -5.93811     -0.40277      4.14131
    -0.14805     0.385447    -0.910775
   -0.816605    -0.567141    -0.107276
   -0.557887     0.727861     0.398723
    -5.96626    -0.417192      5.10004
    0.114073     0.528294     0.841364
    0.324315     0.780694     -0.53417
   -0.939046     0.333801   -0.0822771
    -5.98384    -0.527403      6.12328
    0.912843   -0.0826187     0.399865
    0.175779     0.963436     -0.20222
   -0.368538     0.254883     0.893988
    -5.91902    -0.488342      7.12469
   -0.528224    -0.410845     0.743092
   -0.690759    -0.301016    -0.657451
    0.493793    -0.860579    -0.124791
    -5.90088    -0.493301      8.06471
    0.384437    -0.849833     0.360544
 -0.00673644     -0.39313    -0.919458
    0.923126     0.351045    -0.156859
    -6.00403    -0.515923      9.03623
   -0.652056     0.313823     0.690172
    0.280854     0.945532    -0.164593
   -0.704233    0.0865135    -0.704678
    -6.03822    -0.521533       10.036
    0.757708     0.173112     0.629215
    0.627572    -0.457718      -0.6298
    0.178977     0.872082    -0.455456
    -5.94045    -0.553368      11.0398
  -0.0423817    -0.476922     0.877923
   -0.257892    -0.843713    -0.470787
    0.965244    -0.246362   -0.0872364
    -5.96033    -0.556311      12.0003
    0.372341     0.885682    -0.277362
    0.377184    -0.417464    -0.826714
   -0.847995     0.203203    -0.489504
    -5.88343    -0.553284      13.0525
    0.888155   -0.0316331    -0.458454
   -0.385938    -0.592908    -0.706762
   -0.249464     0.804649    -0.538802
     -5.8498    -0.584495       14.111
    0.380823    -0.922464    0.0635174
   -0.132619    -0.122474    -0.983571
    0.915088     0.366142    -0.168978
    -5.74655    -0.576302      15.0522
    0.618275   -0.0199067     0.785709
    0.785949    0.0100556    -0.618209
  0.00440576     0.999751    0.0218628
    -5.70903    -0.581931      16.0212
   -0.165977     0.901934    -0.398705
    -0.48209    -0.426919    -0.765068
   -0.860256    0.0652283     0.505673
    -5.74745    -0.528258      17.0685
   -0.795691    -0.389996    -0.463442
    0.133071     0.633882    -0.761896
    0.590904    -0.667905    -0.452477
    -5.77073    -0.602034      17.9736
   -0.506308     0.675821     0.535648
    0.349274     0.728628    -0.589159
   -0.788454    -0.111207    -0.604957
    -5.83041     -0.71961      18.9538
   -0.616225    -0.739056     0.272144
    0.771017    -0.636585    0.0170795
     0.16062     0.220353     0.962105
    -6.83733    -0.718008      18.9909
    0.452294    -0.853249    -0.259607
    -0.84069    -0.310693     -0.44352
    0.297775      0.41885    -0.857843
    -6.74983    -0.649319      18.1174
     0.91293      0.39461    -0.104127
   -0.396776     0.798456     -0.45281
  -0.0955424     0.454698     0.885506
     -6.8048    -0.512493      17.0773
    0.611776     0.770108      0.18073
   -0.046215     0.262881    -0.963721
    -0.78968     0.581229     0.196415
    -6.74878     -0.65764      15.9642
   0.0476147     0.801725    -0.595793
   -0.854761    -0.275921    -0.439603
   -0.516833     0.530192     0.672146
    -6.86687    -0.659816      15.0066
    0.504403     -0.45802     0.731981
     0.17377    -0.776533    -0.605641
    0.845803     0.432683    -0.312095
    -6.82971    -0.656227      14.1216
    0.487528     0.868676    0.0878622
    0.703848    -0.331475     -0.62827
   -0.516638      0.36814    -0.773018
    -6.82671    -0.719446      13.0539
    0.479445    -0.486389     0.730451
    0.840416    0.0148435    -0.541739
    0.252653     0.873616     0.415885
    -6.89397    -0.577749      12.0608
    0.711955    -0.551072     0.435246
    0.483632   -0.0645935    -0.872885
    0.509136     0.831954     0.220528
    -6.97394    -0.546673      11.0216
    0.469263     0.825551      0.31346
    0.857817    -0.341898     -0.38374
   -0.209626     0.448966    -0.868612
    -6.90283    -0.600749      10.0952
    0.438023     0.869235    -0.229275
    -0.59265     0.087449    -0.800699
   -0.675945     0.486604     0.553457
    -7.00877    -0.508656      9.13095
  -0.0801536     -0.82875      0.55385
    0.736599    -0.423597    -0.527246
    0.671564     0.365704     0.644409
    -6.99441    -0.512045      8.07301
    0.265376     0.481236     0.835456
    0.698979     0.500815    -0.510503
   -0.664082     0.719441    -0.203469
     -6.9095    -0.525516      7.07468
   -0.711398   -0.0776543     0.698486
    -0.66585     0.392454    -0.634527
    -0.22485    -0.916488    -0.330897
     -6.8976    -0.552126      6.07719
    0.843203     0.361852     0.397583
    0.421099    0.0151727    -0.906888
   -0.334191     0.932112    -0.139582
    -6.93887    -0.535428      5.15366
    0.636856    -0.770665   -0.0221241
   -0.618959     -0.49396     -0.61065
    0.459678      0.40259    -0.791592
    -6.88525    -0.399939      4.18425
    0.878228     0.366799     0.306877
    0.462468    -0.814803    -0.349599
    0.121811     0.448949    -0.885216
    -6.95543    -0.502753      3.12817
    -0.63117    0.0188389     0.775416
   -0.775019   -0.0554819    -0.629498
   0.0311625    -0.998282     0.049619
    -6.99723    -0.303768      2.07927
   -0.637431    -0.213227     0.740416
   -0.743856     0.420851    -0.519195
   -0.200898    -0.881714    -0.426874
    -6.96261    -0.302821      1.18241
   -0.606014     0.710684     0.357317
     0.27228     0.607394    -0.746282
   -0.747402    -0.354967    -0.561594
    -7.08317    -0.243839    0.0403692
   -0.144695     0.205218     0.967961
    0.371523     0.917948    -0.139077
   -0.917079     0.339496    -0.209066
    -8.12884    -0.312868     0.132338
    0.547411    0.0690422     0.834011
    0.746789     0.409473     -0.52406
   -0.377687     0.909706      0.17259
    -7.99152      -0.3351      1.17947
    -0.58657    -0.132209    -0.799035
    0.471889     -0.85761    -0.204512
   -0.658222    -0.497016     0.565436
    -7.96794    -0.395044      2.11042
     0.34556     0.713618     0.609374
    0.322522     0.519501    -0.791264
   -0.881231     0.469966   -0.0506388
    -7.92125    -0.551582      3.15303
    0.369246    -0.249509     0.895211
    0.596916    -0.674631    -0.434239
    0.712284     0.694707    -0.100169
    -7.93775    -0.507471      4.07456
   -0.414419     0.442468     0.795285
   -0.869716    -0.449926    -0.202881
    0.268051     -0.77575     0.571279
    -7.98771    -0.425389      5.10103
   -0.231045     0.501582     0.833687
    0.819522     0.562173    -0.111107
   -0.524405     0.657554    -0.540945
    -8.02589    -0.591087       6.0756
    0.937463     0.272052    -0.217142
   -0.301335     0.946555     -0.11503
    0.174242     0.173269     0.969339
    -7.96367    -0.566729       7.0467
   -0.121764     0.411182    -0.903384
    0.810454    -0.484249    -0.329648
   -0.573008     -0.77229     -0.27428
    -8.00584     -0.48918      7.98581
    0.983366     0.171491    0.0598537
   -0.170056     0.985027   -0.0283376
  -0.0638172    0.0176877     0.997805
    -8.04361    -0.547175      9.15984
    0.788167      0.22394     0.573274
    0.575188    0.0633932    -0.815561
   -0.218978     0.972539   -0.0788429
    -8.06874    -0.553809      10.0056
   -0.432978     0.847776    -0.306279
    0.119282    -0.282904    -0.951702
   -0.893477      -0.4486    0.0213667
    -7.97203    -0.628147      11.0587
   -0.103414       0.9921    -0.071012
    0.066504   -0.0643382     -0.99571
   -0.992413    -0.107692   -0.0593252
    -7.82871    -0.645442      11.9892
    0.714878    -0.548247    -0.434021
    -0.65344    -0.744746    -0.135535
   -0.248929     0.380498    -0.890649
    -7.89976    -0.686763      13.0175
    0.911258    -0.399968     0.098154
    0.411186     0.896982    -0.162323
  -0.0231182     0.188278     0.981844
    -7.84844    -0.720372      14.0119
    0.734833    0.0381667    -0.677173
   -0.363798     -0.82046    -0.441017
   -0.572426     0.570428    -0.589016
    -7.90844    -0.742657      15.1075
     0.70246    -0.693202      0.16131
    0.705662     0.648838    -0.284695
    0.092687     0.313817     0.944949
    -7.83069    -0.683621      16.1648
    0.402388     0.786737     0.468113
   -0.376077     0.608255    -0.698993
   -0.834656      0.10522     0.540628
    -7.85137    -0.644426      17.0632
    0.502381     0.344382     0.793104
    0.767652     0.244461    -0.592409
   -0.397898     0.906444    -0.141553
    -7.70494    -0.661589      18.0634
   -0.245272    -0.931392      0.26898
   -0.819995    0.0513055    -0.570067
    0.517155    -0.360384    -0.776321
    -7.78963    -0.764379      19.0331
    0.529185     0.721078     0.447225
    0.710698   -0.0887321    -0.697878
   -0.463542     0.687149    -0.559425
     -8.7292    -0.746529      19.1321
    0.970347    -0.208974    -0.121473
   0.0752529      0.73875    -0.669766
    0.229702     0.640764      0.73257
    -8.70347    -0.802267      18.1711
    0.323539    -0.506023     -0.79954
    -0.16373     0.802301    -0.574025
    0.931942     0.316628     0.176724
    -8.74026    -0.702354      17.0754
     0.71761    -0.695424   -0.0377093
   -0.264908    -0.222482    -0.938256
    0.644096     0.683291    -0.343879
    -8.89369    -0.693817      16.0732
  -0.0687796      0.56183     0.824388
   -0.775855      0.48935    -0.398228
   -0.627151    -0.666996     0.402242
    -8.85932    -0.652909      15.1766
   -0.602398    -0.731938     0.318408
    0.670871    -0.680421    -0.294888
    0.432491    0.0359709      0.90092
    -8.88158    -0.640318      14.0353
   -0.562325     0.244891     0.789822
   -0.698039     0.371484    -0.612161
   -0.443319     -0.89556   -0.0379517
    -8.84162    -0.659105      13.0603
 -0.00688979     0.986856     0.161456
   -0.518008     0.134586    -0.844722
   -0.855348   -0.0894556     0.510272
    -8.93072    -0.625881      12.0843
    0.279651    -0.725945     0.628331
   -0.517676    -0.665171    -0.538107
    0.808584    -0.174789     -0.56182
    -8.92171    -0.674492      11.0957
    0.719599    -0.657772    -0.222515
    -0.56415    -0.366968    -0.739641
     0.40486     0.657777    -0.635152
    -9.00617    -0.634536      10.0882
    0.733939     0.630132    -0.253507
   -0.578213     0.383817    -0.719968
   -0.356375     0.674994     0.646049
    -9.00895    -0.568897      9.12164
    0.689461    -0.289182    -0.664092
   -0.678497    -0.578784    -0.452382
   -0.253545     0.762484    -0.595258
    -8.89766    -0.527742      8.15469
   -0.986248    -0.157061     0.051437
    0.137284     -0.95184    -0.274141
   0.0920168     -0.26331     0.960313
    -8.94474    -0.484943       7.1947
   -0.170151    -0.154987     0.973154
   -0.785067     0.618194   -0.0388099
   -0.595582    -0.770594    -0.226861
    -9.02726    -0.584271      6.10336
    0.214735    -0.152648     -0.96467
   -0.227355     0.952763    -0.201373
    0.949841     0.262565     0.169886
    -8.99966    -0.424553      5.10004
   -0.716133     0.493949     -0.49312
    0.378316    -0.319022    -0.868966
   -0.586541    -0.808851    0.0415934
    -9.03987    -0.479287      4.03326
  -0.0586444    0.0653564     0.996137
    0.850068     0.526445     0.015505
   -0.523398     0.847693   -0.0864305
    -9.22632    -0.401916      3.03151
    0.585183    -0.619979     0.522673
     0.73515     0.133589    -0.664611
    0.342222     0.773162     0.533951
    -9.05271    -0.414442      2.10423
   -0.555925     0.635765     0.535491
   -0.828069    -0.479729    -0.290106
    0.072451    -0.604701      0.79315
    -9.02495    -0.361602      1.11878
    0.582054     0.221291     -0.78246
   -0.727841     0.570844     -0.37998
    0.362576     0.790675     0.493327
    -9.22912    -0.332247     0.110823
    0.938015    -0.312174    -0.150581
  -0.0519375      0.30295     -0.95159
     0.34268     0.900427     0.267958
    -10.0871     -0.30875     0.238059
  -0.0153979    -0.182399     0.983104
   -0.833027    -0.541463    -0.113507
    0.553018      -0.8207    -0.143606
     -10.079    -0.328901      1.20845
   -0.415532     0.141082      0.89857
    0.109964     0.988444    -0.104342
   -0.902907    0.0554531    -0.426244
    -9.99337    -0.473936      2.09299
   -0.828862    -0.359473     -0.42868
  -0.0357491     0.798715    -0.600647
     0.55831    -0.482528    -0.674875
    -10.0259      -0.4864       3.0373
    0.743246     0.287463     0.604111
     0.39222    -0.918752   -0.0453708
    0.541986     0.270667    -0.795607
    -9.99456    -0.529562      4.16122
    0.644238     0.724182     0.246001
   -0.168575     0.448185    -0.877902
   -0.746016     0.524109     0.410817
    -9.94886    -0.586716      5.12519
    0.820465    -0.523357    -0.230076
    0.383007     0.801969    -0.458423
    0.424432        0.288     0.858437
    -10.0485    -0.609946       6.0994
   -0.372839    -0.271662    -0.887238
    0.681295    -0.729293   -0.0629963
   -0.629942    -0.627958     0.456991
    -9.95944    -0.438057      7.18424
   -0.924913     0.251858     0.284788
   -0.373347    -0.460333    -0.805423
  -0.0717547     -0.85127     0.519798
    -9.92817    -0.480573      8.19116
   -0.098082    -0.772702    -0.627146
    0.433966     0.533903    -0.725687
    0.895574    -0.343337      0.28296
    -9.90685    -0.500054      9.14514
    -0.88484   -0.0684649    -0.460838
    0.457441    -0.315253    -0.831483
   -0.088353    -0.946535     0.310267
    -9.88236    -0.626947      10.1164
    0.388026    -0.643088     0.660207
   -0.674928    -0.686077    -0.271609
    0.627621    -0.340201    -0.700253
    -9.77676    -0.715118       11.167
   -0.542281     0.335209     0.770432
  -0.0530942     0.901462     -0.42959
   -0.838518    -0.273864    -0.471048
    -9.76697    -0.733996      12.1608
     0.07337   -0.0578948     0.995623
    0.306648    -0.948641   -0.0777606
    0.948991     0.311011   -0.0518484
    -9.87338    -0.726865       13.047
   -0.469077     0.800932     0.372122
    0.715406     0.591663    -0.371657
   -0.517843    0.0918831    -0.850527
    -9.85574    -0.738693        14.16
   -0.796914     0.380527    -0.469177
    0.537521       0.8011    -0.263265
    0.275678    -0.461993     -0.84295
    -9.82242    -0.675256      15.1173
    0.166519     0.942458    -0.289905
    0.833435    -0.291644    -0.469394
   -0.526933    -0.163454    -0.834041
    -9.84904    -0.798964      16.1689
    0.978879     0.111226    -0.171536
  -0.0578528     -0.65405    -0.754236
   -0.196084     0.748229    -0.633801
    -9.80972    -0.749305      17.1465
    0.591779     0.800031    0.0987317
    0.773098     -0.52859    -0.350588
   -0.228293       0.2838    -0.931311
    -9.80136    -0.740194      18.1266
    0.355304    -0.837819    -0.414511
   -0.658662     0.090255    -0.747007
    0.663268     0.538437    -0.519771
    -9.92189    -0.816579      19.2671
    0.308968    -0.799427     0.515224
     0.68819    -0.185995    -0.701285
    0.656455     0.571246     0.492691
    -10.8044    -0.865026      19.1757
   -0.504746       0.8314     0.232392
    0.384826     0.457671    -0.801527
   -0.772749    -0.315138    -0.550952
    -10.7705    -0.794598       18.176
    -0.77614    -0.145913    -0.613446
  -0.0926084     0.988686    -0.117997
    0.623722    -0.034772    -0.780872
    -10.7969    -0.801952      17.2613
    0.182118     0.774859     0.605332
    -0.81823     0.460826    -0.343714
   -0.545283    -0.432705     0.717937
     -10.739    -0.811634      16.1914
   -0.997001    0.0306442    0.0710591
  -0.0589967     0.293238    -0.954217
  -0.0500785    -0.955548    -0.290551
    -10.7975    -0.747146      15.2479
   -0.292878    -0.918507     0.265645
    0.552493    -0.389322    -0.737007
    0.780368   -0.0690861     0.621493
    -10.8117    -0.769907      14.1875
   -0.517447     -0.68362    -0.514696
   -0.556935     0.725698    -0.403962
     0.64967     0.077623    -0.756243
    -10.8196    -0.738084      13.1698
   -0.521369    -0.813839     0.256593
   -0.851698     0.477694     -0.21545
   0.0527688    -0.330869      -0.9422
     -10.814     -0.79122      12.2051
   -0.902396     0.197617    -0.382921
    0.425894     0.273882    -0.862324
   -0.065535    -0.941242    -0.331314
    -10.7606    -0.712752      11.1825
   -0.781752     0.608318     0.137161
    0.168422     0.417748    -0.892816
   -0.600414     -0.67486     -0.42903
    -10.7818    -0.650704       10.068
    0.433711     0.678391    -0.593027
   -0.832309    0.0494873    -0.552099
   -0.345191     0.733033     0.586094
    -10.8685    -0.582027      9.18256
    0.713991    -0.447564     0.538427
    0.644538     0.720522    -0.255771
   -0.273475     0.529654     0.802918
    -10.8482    -0.572391       8.2056
   -0.457293    -0.310172    -0.833472
    0.473882     0.708079    -0.523508
    0.752542    -0.634364    -0.176815
    -10.9766    -0.512294      7.24745
   -0.415991     0.801402    -0.429774
    0.826862     0.136638    -0.545553
   -0.378484    -0.582309     -0.71949
    -10.8924    -0.546409      6.19736
   -0.850706     0.438745    -0.289487
    0.512847     0.813559    -0.274061
    0.115272    -0.381608    -0.917108
    -10.9566    -0.524341      5.13175
  -0.0249433     0.847621     0.530016
   -0.830441     0.277594    -0.483021
   -0.556548    -0.452195     0.696975
    -10.9864    -0.470605      4.12982
     0.47309     0.623636     0.622305
    0.705535     0.154854    -0.691549
   -0.527641     0.766223    -0.366738
    -11.0028    -0.428029      3.14134
    0.505795     0.221149    -0.833825
   -0.196275    -0.911728    -0.360871
   -0.840028     0.346186    -0.417741
    -10.9695      -0.4305      2.10693
   -0.513969     0.468552    -0.718537
    0.565938    -0.444259    -0.694513
   -0.644632    -0.763605   -0.0368357
    -11.0413    -0.380838      1.21692
    0.465998    -0.606925    -0.643807
   -0.792031    0.0381889    -0.609286
    0.394377     0.793841    -0.462908
    -11.0901    -0.332532     0.223601
   -0.683961     0.329746     0.650742
    0.450397     0.892579    0.0210991
   -0.573881     0.307523    -0.759006
    -12.0811    -0.407824     0.317096
   -0.742401    -0.488855     0.458107
    0.226807    -0.826803    -0.514739
    0.630397    -0.278241     0.724695
     -12.078    -0.387554        1.199
   -0.265284       0.9042    -0.334734
    0.674956   -0.0737602    -0.734162
    -0.68852    -0.420692    -0.590728
     -11.906    -0.492653      2.17256
   -0.752957    -0.211014     0.623321
   -0.445361     0.860721    -0.246604
   -0.484468    -0.463285    -0.742063
    -12.0573    -0.523337      3.13381
   -0.569441     0.254609    -0.781608
    0.596211    -0.526668    -0.605932
   -0.565923    -0.811046     0.148106
    -11.9165    -0.441445      4.21144
    0.686891    0.0826462     0.722046
    0.450938    -0.827604    -0.334255
    0.569943     0.555194    -0.605742
    -11.9719    -0.471192      5.16405
    -0.42232   -0.0202484    -0.906221
    0.819372    -0.436084    -0.372103
   -0.387654    -0.899678     0.200758
    -11.9416     -0.52448        6.118
   -0.125852     0.756849    -0.641359
     0.46285    -0.527026    -0.712751
   -0.877457    -0.386554     -0.28398
    -11.9461    -0.491375      7.21921
   -0.390471     0.486027     0.781863
   -0.821629     0.199124    -0.534112
   -0.415281    -0.850957     0.321582
    -11.8696    -0.660007      8.17545
    0.277355     0.401871    -0.872682
   -0.503174    -0.713029    -0.488268
   -0.818468     0.574535   0.00444914
    -11.9155    -0.658978      9.25773
   -0.275153    -0.135322     0.951829
   -0.592857     -0.75551    -0.278793
    0.756843    -0.641009     0.127654
    -11.8944    -0.707695      10.2133
   -0.875477    -0.296478    -0.381629
     0.44363    -0.806243    -0.391362
   -0.191656    -0.511931     0.837374
    -11.9146    -0.682499      11.1904
  -0.0617929    -0.879107     0.472601
   -0.686917    -0.306066    -0.659142
    0.724104    -0.365368    -0.584961
    -11.8653    -0.751601      12.1454
   -0.076313     0.709686     0.700372
    0.662813     0.560861    -0.496099
   -0.744886     0.426357     -0.51319
    -11.9242    -0.712616      13.1742
   -0.691637    -0.112456    -0.713436
    0.658135    -0.504995    -0.558425
   -0.297484    -0.855765     0.423285
    -11.8162    -0.780465      14.2477
   0.0405203     0.896439    -0.441312
    0.255937    -0.436251    -0.862659
   -0.965844   -0.0779926    -0.247109
    -11.7338    -0.811833      15.2761
    0.471937     0.759932    -0.446966
