  -0.0231207   -0.0410819     0.998888
   -0.999676    0.0115804   -0.0226627
  -0.0106365    -0.999089   -0.0413364
           0            0            0
    0.127348     0.687768     0.714673
    0.465083    -0.677824     0.569432
     0.87606     0.259866    -0.406188
  -0.0495503    -0.905292  -0.00453637
   -0.839348     0.527057     0.133064
   -0.473187    -0.587922    -0.656081
   -0.267561    -0.613644     0.742868
  -0.0468222      -1.7303    0.0354404
   -0.457847     0.149459     0.876378
    0.703937      0.66303     0.254684
      -0.543     0.733521    -0.408776
  -0.0886163     -2.78766    0.0400442
   -0.521979     0.785894     0.331525
    0.256656     0.515378    -0.817626
   -0.813428    -0.341696    -0.470722
   -0.085397     -3.76558    -0.018023
    0.398645    -0.794822     0.457536
     0.44937     0.604185     0.658048
   -0.799468   -0.0567246     0.598025
   0.0387997     -4.77593    0.0110364
   -0.541832    -0.448745     0.710666
    0.596638     0.390181     0.701272
    -0.59198     0.803982    0.0563257
  -0.0541153     -5.92427   -0.0559663
    0.397697    -0.317717     0.860752
    0.911305    0.0278032    -0.410792
    0.106584     0.947778     0.300594
  -0.0187167     -6.81261   -0.0668683
    -0.56859     0.605369     0.556986
   -0.396872     0.391209     -0.83033
   -0.720554     -0.69317    0.0178162
  -0.0330607     -7.81456   -0.0373118
   -0.439987    -0.851835     0.284234
   -0.684842      0.52303     0.507376
   -0.580864    0.0285835    -0.813499
   -0.188816     -8.77587    -0.104321
     0.82222    -0.542847     0.171088
  -0.0195004     0.273548     0.961661
   -0.568836    -0.794033     0.214331
   -0.236769     -9.82115   -0.0556022
   -0.872587      0.14412     0.466713
    0.136172     0.989375   -0.0509248
   -0.469093    0.0191169    -0.882942
   -0.343483      -10.754   -0.0722787
    0.189357    -0.788191     0.585576
    -0.43593     0.466888     0.769403
   -0.879834    -0.400962    -0.255188
   -0.290782      -11.779   -0.0100858
    0.835797     0.518506     0.180541
   -0.359005     0.267326     0.894233
    0.415402    -0.812212     0.409576
   -0.425429     -12.8364     0.054639
    0.778552     0.427842     0.459139
    0.626577    -0.571276    -0.530137
   0.0354804     0.700425    -0.712844
   -0.454819     -13.7148  -0.00194148
   -0.697301     0.683008      0.21742
    0.665646     0.729561    -0.157022
   -0.265868    0.0352327    -0.963365
   -0.437716      -14.716   0.00570102
    0.775298     0.228661     0.588751
   -0.314679    -0.668382     0.673975
    0.547622    -0.707799     -0.44624
   -0.641773     -15.7985    0.0635219
   -0.767707     0.634203    0.0917207
   -0.639539    -0.749326    -0.171756
  -0.0401993    -0.190517      0.98086
   -0.701818     -16.7864    0.0274477
   0.0912778     0.371139      0.92408
    0.967149    -0.254125   0.00653222
    0.237256     0.893127    -0.382143
   -0.640273     -17.8575    0.0445184
   -0.227374     0.247022     0.941956
    0.502174       0.8585    -0.103919
   -0.834339     0.449397    -0.319249
   -0.646504     -18.9024   0.00546696
    -0.46276    -0.883245    0.0757024
   -0.234345     0.204244     0.950456
   -0.854947     0.422093      -0.3015
   -0.681789     -18.7771    -0.924953
   -0.407309     0.415127     0.813492
    0.312371     0.900329    -0.303038
    -0.85821     0.130681    -0.496385
   -0.710277     -17.7954    -0.990773
     0.71928     0.299827     0.626689
  -0.0916052     0.935131    -0.342256
   -0.688654      0.18877     0.700087
   -0.738183     -16.7681     -1.00066
   -0.250124     0.913572     0.320661
    0.839087     0.369777    -0.398995
   -0.483084     0.169264    -0.859057
    -0.61193     -15.8128    -0.983666
    0.329967     0.174415      0.92774
    0.895747     0.252318    -0.366024
   -0.297926     0.951796   -0.0729755
   -0.521951     -14.7417     -1.02994
    0.455845    -0.617536     0.640979
   -0.694228     0.203991     0.690243
   -0.557004    -0.759629    -0.335723
    -0.46449     -13.7983     -0.93333
   -0.501162     0.521776     0.690352
    0.699379    -0.225589     0.678218
    0.509613     0.822715    -0.251862
   -0.463521      -12.758     -1.00602
   -0.786707    -0.567986     0.241834
   -0.598266     0.798074   -0.0718058
   -0.152216    -0.201171    -0.967657
   -0.409475     -11.8338     -1.00814
    0.607813    -0.445758     0.657162
   -0.295593     0.641093     0.708254
   -0.737013    -0.624739     0.257902
   -0.391599     -10.8249     -1.09695
    0.174189     0.150277     0.973178
   -0.824979    -0.517332     0.227548
    0.537651    -0.842487    0.0338614
   -0.386156     -9.78268      -1.0497
     0.86851    -0.466187     0.168405
    0.140908   -0.0935238    -0.985595
    0.475221     0.879729   -0.0155371
   -0.235112     -8.81258     -1.05582
     0.52711    -0.735142     0.426288
    0.555106   -0.0819575    -0.827732
    0.643438     0.672941     0.364881
    -0.21904     -7.83131     -1.05805
    0.598734    0.0378334     0.800054
     0.71334    -0.479428    -0.511169
    0.364229     0.876765    -0.314038
   -0.251651     -6.72655    -0.983695
   -0.249501      -0.1203     0.960873
   -0.778951    -0.564567    -0.272946
    0.575312    -0.816574    0.0471524
    -0.19089     -5.88141     -1.00645
    0.541929    -0.404307     0.736783
   -0.838615     -0.31765      0.44252
   0.0551248    -0.857691    -0.511202
   -0.149326     -4.76308    -0.967095
    0.479061    -0.643556     0.596938
    0.132682    -0.619149    -0.773983
    0.867696     0.449988    -0.211222
   -0.100347     -3.74783    -0.836245
    0.771932     0.584327     0.250364
    0.524633    -0.807982     0.268189
       0.359   -0.0756747    -0.930265
   -0.215947     -2.80004    -0.948044
    0.550455    -0.434292     0.713014
      0.7777   -0.0438534    -0.627104
    0.303614     0.899704     0.313609
   -0.125896     -1.83739    -0.853564
    0.583635     0.437227     0.684253
   -0.810166     0.256693      0.52701
   0.0547801     -0.86194     0.504042
   0.0787682    -0.976089    -0.949929
   -0.414118    -0.780873       0.4677
   -0.350183    -0.337602    -0.873726
    0.840166    -0.525606    -0.133641
   0.0720083    0.0823291     -1.01268
    -0.21801    -0.484707     0.847072
   -0.885542    -0.266587    -0.380456
    0.410228    -0.833061    -0.371109
    0.010739     0.195767      -1.9944
   -0.741947    -0.669515    0.0355711
   -0.271638     0.251672     -0.92891
    0.612967    -0.698864    -0.368593
   -0.134501    -0.896311     -1.95443
    0.413014    -0.757541     0.505521
   -0.875103    -0.176383     0.450648
   -0.252219    -0.628507    -0.735775
   -0.214995     -1.84622      -1.8678
    0.162693     0.377633     0.911551
   -0.505596     0.825256    -0.251645
   -0.847292    -0.419935     0.325193
   -0.282938     -2.84423      -1.9362
   -0.227186      0.55233     0.802071
   -0.861239     0.270507    -0.430225
   -0.454591    -0.788516     0.414233
   -0.339758     -3.87686      -2.0391
      0.5469    -0.414797     0.727216
    0.738004    -0.171265    -0.652701
    0.395286     0.893651     0.212457
   -0.266399     -4.80827     -1.96265
    0.696695   -0.0743957     0.713499
    0.660308    -0.322225    -0.678354
    0.280374     0.943735    -0.175369
   -0.312742      -5.8054     -1.95626
   -0.654539    -0.748213    -0.108425
   -0.542601     0.564773    -0.621784
    0.526462    -0.348151    -0.775647
   -0.318629     -6.78732     -1.92202
    0.176634     0.864601     0.470389
   -0.719358     0.439584    -0.537857
   -0.671807    -0.243374     0.699603
   -0.278706     -7.80161     -1.99316
    -0.58884    -0.670482     0.451355
 -0.00911114     0.563906     0.825788
   -0.808198     0.482145     -0.33816
    -0.37087     -8.77918     -1.95283
    0.788924   -0.0270615     0.613894
    0.283228     -0.87057    -0.402356
    0.545326       0.4913    -0.679149
   -0.460451      -9.8502     -1.97269
    0.126383     0.985754     0.110981
    -0.38084   -0.0550885     0.922999
    0.915963    -0.158918     0.368452
    -0.48155     -10.8953     -2.05621
    0.252155    -0.816084     0.520024
    0.964125     0.257934   -0.0627148
  -0.0829514     0.517182     0.851846
   -0.474867     -11.8366     -2.02253
    0.359869     0.865836     0.347596
   -0.746314    0.0435571     0.664167
    0.559919    -0.498429      0.66186
   -0.557042     -12.8363     -2.07291
    0.375693    -0.202312     0.904392
    0.887947    -0.200826    -0.413786
    0.265339     0.958509     0.104193
   -0.534826     -13.8227     -1.96006
   -0.672624    -0.409209     0.616542
  -0.0961137     0.874437     0.475522
   -0.733716      0.26059    -0.627499
   -0.687692     -14.7258     -1.97419
   -0.459338     0.305299     0.834147
   -0.585042    -0.810602   -0.0254823
    0.668382    -0.499716     0.550953
   -0.654057     -15.7012      -1.9765
    0.786415     0.477104     0.392331
   0.0845042    -0.712275     0.696795
    0.611891    -0.514816    -0.600461
   -0.752398     -16.7249     -1.91764
    0.533962     0.627884     0.566257
   -0.470606       0.7771    -0.417907
   -0.702435   -0.0433375     0.710427
   -0.746907     -17.7048     -1.94823
    0.701322    -0.325555     0.634162
   -0.615214    -0.725805     0.307765
    0.360083    -0.605988    -0.709309
   -0.798803     -18.7893     -2.00326
   -0.742137     0.401908     0.536378
   -0.654302    -0.607954    -0.449757
    0.145332    -0.684735     0.714155
   -0.859553     -18.7789     -2.97902
    0.592968    -0.413728      0.69081
   -0.764166    -0.559589     0.320795
    0.253848    -0.718115    -0.647976
   -0.835941     -17.8035      -2.9574
    0.177023     0.509615     0.841995
   -0.466663    -0.709763     0.527695
    0.866538    -0.486342     0.112174
   -0.763911     -16.7848      -2.9565
   -0.878722    -0.477294   0.00618594
   -0.473884     0.873852     0.108701
  -0.0572879    0.0925864    -0.994055
   -0.697955     -15.8017     -2.91776
   0.0456002     0.752181     0.657377
   -0.300594    -0.617231     0.727097
    0.952661    -0.230759     0.197956
   -0.601483     -14.7703      -2.9229
   -0.266577    -0.925921     0.267594
   -0.347122    -0.166775    -0.922872
    0.899135    -0.338904    -0.276949
   -0.575565     -13.8144     -3.06083
  -0.0834774     0.606695     0.790539
    0.902765     0.381956    -0.197802
   -0.421956     0.697159    -0.579588
   -0.519232     -12.8045     -3.04493
    0.175869    -0.938202     0.298073
    0.587295     0.343001       0.7331
   -0.790035    0.0461265     0.611324
   -0.562476     -11.8604     -3.05959
   -0.687693    -0.637723     0.346969
    0.566191    -0.171958     0.806138
   -0.454429     0.750826     0.479327
     -0.4657     -10.8087     -3.01666
   0.0112361     0.975969      0.21762
   -0.773106    -0.129548     0.620906
    0.634177     -0.17522     0.753072
   -0.534522     -9.91158      -2.9738
    0.557097    -0.689945     0.462188
   -0.774263    -0.230296     0.589475
   -0.300266     -0.68625    -0.662496
   -0.472443     -8.80465     -2.91154
   -0.497622     0.139098     0.856168
    0.768028    -0.388075     0.509442
     0.40312     0.911071    0.0862837
   -0.381678     -7.72905     -2.87646
     0.23824    -0.595875     0.766925
    0.498037    -0.602974    -0.623202
    0.833787      0.53043     0.153115
   -0.356911     -6.87385     -2.93494
   -0.793186    -0.192924     0.577612
    0.178942    -0.980457   -0.0817492
    0.582096    0.0385168     0.812207
   -0.469324     -5.75468     -2.95125
   -0.151707    -0.647215     0.747059
   -0.361144     0.739847     0.567628
   -0.920087    -0.183683    -0.345978
   -0.388047     -4.78293     -2.90678
    0.471039     0.848514     0.241136
    0.729862    -0.528417     0.433678
    0.495402   -0.0282836    -0.868203
   -0.370821     -3.86725     -2.98323
   -0.103659    -0.770683     0.628731
    -0.85944     0.387578     0.333386
   -0.500617    -0.505798    -0.702531
   -0.304349     -2.78387     -3.05487
     0.66266     0.157001     0.732279
    0.747523    -0.198353    -0.633929
   0.0457226     0.967474    -0.248802
   -0.206049      -1.9136     -2.95224
    0.180604   -0.0397433     0.982753
   -0.546714    -0.834657    0.0667174
     0.81761    -0.549334    -0.172471
   -0.167545    -0.766404     -2.86242
   -0.738344    -0.331658     0.587241
    0.667444    -0.234372     0.706816
  -0.0967884     0.913823      0.39441
   0.0179752     0.238769     -3.00888
   0.0720325    -0.661321     0.746637
   -0.100645     0.739941       0.6651
   -0.992311    -0.123054    -0.013259
   -0.096736     0.223876      -3.9368
     0.37197      0.74711     0.550877
   -0.274284     0.655425    -0.703695
   -0.886796     0.110656     0.448719
   -0.221403     -0.72406     -3.90713
   -0.722606     0.327314     0.608857
   -0.114652    -0.925343      0.36138
    0.681686     0.191328     0.706185
   -0.289163     -1.81226     -3.92833
    0.370654    -0.881315     0.293086
     0.13339     0.362805     0.922269
   -0.919142    -0.302748     0.252034
   -0.336998     -2.86384     -4.01592
  -0.0700663    -0.777768     0.624634
   -0.490436     0.572127     0.657376
   -0.868656    -0.260283    -0.421532
   -0.374347     -3.86476     -4.02476
   -0.863549    -0.248662     0.438691
   -0.309374     0.948248   -0.0715004
   -0.398209    -0.197464    -0.895789
   -0.538678     -4.79882     -4.00852
  -0.0342892    -0.977267     0.209221
   -0.446912    -0.172253    -0.877837
     0.89392    -0.123604    -0.430846
   -0.456614     -5.74004     -3.91298
  -0.0703584   -0.0466213     0.996432
   -0.924484     0.378241   -0.0475809
   -0.374673    -0.924533   -0.0697131
   -0.493154      -6.7414     -3.90035
    0.228479     0.772701     0.592225
   -0.972483     0.209607     0.101698
  -0.0455527    -0.599165     0.799329
   -0.522917     -7.81597      -3.9656
   -0.440221     0.567966     0.695428
 -0.00214235     0.773848    -0.633368
   -0.897887    -0.280312    -0.339447
    -0.50753     -8.82931     -3.90647
   -0.680102     0.215693     0.700669
    0.157824    -0.890255     0.427245
    0.715928     0.401152     0.571423
    -0.52288     -9.90893     -3.90087
   -0.500755     0.864998   -0.0319786
    0.844561     0.496351     0.200879
    0.189633    0.0735833    -0.979094
   -0.539979     -10.8471     -3.93709
   -0.699096     0.690323     0.186328
     0.48499     0.266319     0.832982
    0.525404     0.672702    -0.520982
   -0.657761     -11.7467     -4.05161
  -0.0497249     0.524541     0.849932
   -0.998374   -0.0498462   -0.0276466
   0.0278641    -0.849925     0.526167
   -0.640413     -12.7988       -4.034
    0.574038     0.562987     0.594581
   -0.816169     0.451876     0.360105
  -0.0659425    -0.691993     0.718886
   -0.695878     -13.8469      -3.9367
    0.208091     0.860921     0.464235
    0.515297    -0.499911     0.696102
    0.831364    0.0943664    -0.547657
   -0.774948     -14.7854     -3.92079
   -0.790831     0.297579     0.534821
  -0.0405125     0.846472     -0.53089
   -0.610693    -0.441511     -0.65736
   -0.759946     -15.8341     -3.97345
    0.763032    -0.419869     0.491419
   0.0985611     0.826975     0.553532
   -0.638802    -0.373928     0.672391
   -0.875698      -16.715     -3.95635
   -0.619478     0.689414      0.37544
   -0.613826    -0.127267    -0.779115
   -0.489352      -0.7131      0.50202
   -0.801589     -17.6933     -3.98201
    0.703503     0.710228   -0.0256835
    0.702541    -0.689521      0.17606
    0.107333    -0.141902    -0.984044
   -0.934585     -18.8464     -3.96403
   -0.502123    -0.515274     0.694524
     0.19819    -0.850298    -0.487558
    0.841779    -0.107167     0.529077
   -0.985629     -18.7933     -4.86221
    0.741979     0.622589     0.248699
    0.512958    -0.766053     0.387346
    0.431673     -0.15983    -0.887757
   -0.925518     -17.7579     -5.02925
    0.877765    -0.420032     0.230441
     0.46773     0.855439     -0.22238
   -0.103721     0.302981     0.947335
   -0.870035     -16.6852     -5.06014
   -0.210141     0.831851     0.513678
    0.399259     0.552618    -0.731578
   -0.892431    0.0513562    -0.448252
   -0.827503     -15.7355     -5.07042
   -0.414103   -0.0906229     0.905708
   -0.894289    -0.144902     -0.42338
    0.169607    -0.985287   -0.0210386
   -0.811898     -14.7395     -5.00305
   -0.629208    -0.775527    -0.051532
   -0.564797     0.501771    -0.655157
    0.533949    -0.383125    -0.753733
   -0.758991     -13.8502     -4.92264
   -0.115976    -0.340193     0.933176
     0.20232     0.911728     0.357518
   -0.972428     0.230264    -0.036911
   -0.736951     -12.7629     -4.97049
    0.497181    -0.412551     0.763291
    0.547062    -0.533771    -0.644835
     0.67345     0.738167   -0.0396892
   -0.680771     -11.8615     -4.99509
   0.0909868    -0.771107     0.630171
   -0.830908     0.290017     0.474849
    -0.54892     -0.56682    -0.614331
   -0.691357     -10.7113      -4.9706
    -0.81519     0.483033       0.3196
   -0.505048    -0.322695    -0.800496
   -0.283533     -0.81397     0.507013
   -0.657665     -9.76468     -4.93646
    0.860798     -0.50844    0.0227214
    0.104521     0.132911    -0.985601
    0.498099     0.850778     0.167552
   -0.583115     -8.88223      -4.9509
    0.798349    -0.530512      0.28495
   -0.602123    -0.695908     0.391356
 -0.00932006    -0.484014    -0.875011
     -0.5702     -7.90931     -4.92909
    0.102446     0.519352     0.848398
    0.852098    -0.485882     0.194543
    0.513258     0.702988    -0.492315
   -0.628865     -6.74395     -4.89095
   -0.415521    -0.587092     0.694741
   -0.131769    -0.716891     -0.68462
    0.899988     -0.37602     0.220523
   -0.506184     -5.74812     -5.00741
   -0.797542     0.496236      0.34304
    -0.12938    -0.696109     0.706182
    0.589226     0.518828     0.619379
   -0.446518     -4.89056     -5.01435
    0.441244    0.0186772     0.897193
    0.284463     0.945312    -0.159579
   -0.851108     0.325632       0.4118
   -0.499601      -3.9405     -4.97488
   -0.684487   -0.0607363      0.72649
   0.0442641     0.991223     0.124574
    -0.72768     0.117426    -0.675791
   -0.435692      -2.7723      -4.9959
     0.30038     0.950773    0.0761752
  -0.0788111      0.10433    -0.991415
   -0.950558     0.291798      0.10627
   -0.386445     -1.82766     -4.91786
    0.652069    -0.754427    0.0751391
   -0.676083    -0.533765     0.507944
     -0.3431    -0.382015    -0.858107
   -0.329791    -0.747783     -4.89049
   -0.358237     0.667249     0.653027
   0.0325912      0.70796      -0.7055
   -0.933062    -0.231453    -0.275364
    -0.17397     0.264203     -4.85228
    -0.80954       0.1977     0.552774
   -0.580571    -0.129947    -0.803773
  -0.0870747    -0.971611     0.219976
   -0.354318     0.262385      -5.9088
    0.627577     -0.62327     0.466563
   -0.472871     0.170923     0.864395
   -0.618498    -0.763099    -0.187459
   -0.476732    -0.823154     -5.96996
    0.334637    -0.892715     0.301791
     0.21105     0.383118     0.899266
   -0.918409    -0.237235     0.316613
   -0.443051     -1.85904      -5.9321
     -0.3417    -0.872421     0.349461
   0.0607759    -0.391577    -0.918136
    0.937842    -0.292488     0.186824
   -0.392892     -2.85809     -6.00713
    -0.70628    -0.444613     0.550897
   -0.023979    -0.762706    -0.646301
    0.707526    -0.469679     0.528023
   -0.497108     -3.83064     -5.95164
   -0.594022    -0.797336     0.106744
    0.804249    -0.585664     0.100898
  -0.0179336     0.145784     0.989154
   -0.668605      -4.8023     -6.12559
    -0.69994     0.697665     0.152795
   -0.410496    -0.568055     0.713306
    0.584445      0.43655     0.683994
   -0.654037     -5.71682     -5.97104
    0.641837     0.690947     0.332621
   -0.692701     0.708471    -0.135033
   -0.328953    -0.143738     0.933343
   -0.574723     -6.75883     -6.00301
  -0.0328566     0.388191     0.920993
   0.0170505    -0.921139     0.388861
    0.999315    0.0284801    0.0236467
   -0.699187     -7.89853     -5.95708
   -0.756393  -0.00777047     0.654071
   0.0529751    -0.997373    0.0494135
    0.651969    0.0720255     0.754817
   -0.759507     -8.78036     -5.95551
    0.400196     0.696237     0.595901
    -0.84469     0.028036     0.534521
    0.355447    -0.717264     0.599324
   -0.808446     -9.75788     -5.77276
    0.482427    -0.783118     0.392416
    0.655433    0.0255318    -0.754821
    0.581095     0.621349     0.525599
   -0.822534     -10.8579     -5.93873
    0.329342    0.0878711     0.940113
     0.71937     0.621563    -0.310107
   -0.611589      0.77842     0.141495
   -0.776913      -11.793      -6.0084
   -0.349294    -0.375242     0.858596
    0.342689     0.801674     0.489778
     -0.8721     0.465308    -0.151429
   -0.780396     -12.8482     -6.01539
    0.508264    -0.810663     0.290676
   0.0626064     0.371412     0.926355
   -0.858922    -0.452635     0.239528
   -0.830594     -13.7973     -5.96351
   -0.462414     0.843117     0.274458
   -0.370052    -0.464804     0.804375
    0.805751      0.27039     0.526929
   -0.896253      -14.692     -5.99326
   -0.371144    -0.557465      0.74262
   -0.350872     0.824643      0.44368
   -0.859733    -0.095896     -0.50166
   -0.867659     -15.7968     -6.07258
    0.426438     0.359182     0.830144
    0.699895    -0.712402   -0.0512924
    0.572972     0.602886    -0.555185
   -0.982747      -16.789     -5.98591
    0.330801     0.699253     0.633732
   -0.362526     -0.52585     0.769452
    0.871289     -0.48428    0.0795457
   -0.906785     -17.7891     -5.96796
   -0.161515    0.0211326     0.986644
     -0.5136    -0.855507   -0.0657531
    0.842691     -0.51736     0.149031
    -1.01624     -18.7181     -5.95959
    -0.74578    -0.661221    0.0812318
   -0.587371     0.595102    -0.548497
    0.314337    -0.456772    -0.832197
    -1.05322     -18.8986     -6.87039
    0.591205    -0.294713     0.750747
    0.569836    -0.506103    -0.647415
    0.570757     0.810558    -0.131272
    -1.05852     -17.8137     -6.82405
    0.793345     0.255479     0.552571
    0.160196    -0.963301      0.21538
    0.587317   -0.0823512    -0.805157
    -1.09993     -16.7813      -6.9767
    0.319598    -0.785679     0.529685
   -0.932453    -0.360174    0.0283734
    0.168487    -0.502975     -0.84772
    -1.02018     -15.7409     -7.06291
    0.595203      0.16559     0.786329
   -0.301676    -0.860918     0.409648
    0.744798    -0.481041    -0.462467
   -0.956862     -14.7424      -6.9679
   -0.204853    -0.221963     0.953293
   -0.623993    -0.720753    -0.301908
    0.754101    -0.656695   0.00914517
   -0.982014     -13.8107      -6.9394
   -0.337262    -0.755362     0.561857
   -0.697862    -0.199975    -0.687749
    0.631856     -0.62405    -0.459694
   -0.892896     -12.7543     -6.98952
    0.470159     0.276574     0.838127
    0.417011    -0.906558    0.0652277
    0.777851     0.318841    -0.541561
   -0.888747     -11.7983     -6.98853
    0.771393    -0.625561     0.116735
   -0.630294    -0.725807      0.27556
  -0.0876524    -0.286142     -0.95417
   -0.865744     -10.8075       -6.976
   -0.182331    -0.904806     0.384814
   0.0392498     0.384365     0.922346
   -0.982453     0.183276   -0.0345683
   -0.873556     -9.73477     -6.95726
    0.766182   -0.0132078     0.642488
   -0.638632    0.0956075     0.763549
  -0.0715115    -0.995331    0.0648178
   -0.833113     -8.76462     -6.93523
   -0.840861   0.00366026     0.541239
    0.364405     0.743214     0.561108
   -0.400203     0.669044    -0.626273
    -0.71174     -7.71546     -6.82253
    0.455629      0.88842   -0.0557846
    0.821106    -0.443655    -0.359103
   -0.343784     0.117813    -0.931629
   -0.687465     -6.69534     -6.94795
   -0.814349     0.169048     0.555211
     0.30423    -0.690335     0.656416
    0.494247     0.703463     0.510744
   -0.677565     -5.68344     -6.95085
    0.175886    -0.948674     0.262834
     0.55094    -0.126401    -0.824917
      0.8158     0.289898      0.50043
   -0.623732     -4.64984      -6.8511
    0.391798    -0.790295     0.471093
   -0.540097     0.216961     0.813156
   -0.744842    -0.573029    -0.341831
   -0.650488     -3.76151      -6.8649
   -0.638605    -0.763054    0.0996634
    0.613094    -0.582768    -0.533383
     0.46508    -0.279518     0.839982
   -0.560712     -2.69646     -6.93968
   -0.538433     0.365484     0.759283
   -0.842656    -0.228729    -0.487456
 -0.00448762    -0.902277     0.431133
   -0.592863     -1.69158     -6.92186
   -0.570638    -0.620344     0.538095
    0.341199     0.416915     0.842475
   -0.746964     0.664346   -0.0262464
   -0.480471    -0.782881     -6.93292
    0.254366     0.294627     0.921137
    0.805912    -0.591088   -0.0334868
    0.534607     0.750873    -0.387796
   -0.433564     0.192723     -6.92985
   -0.314797    -0.709406     0.630591
   -0.361804     0.703893     0.611254
   -0.877497   -0.0357299     -0.47825
   -0.492943     0.191381     -7.84747
     0.27586    -0.615712     0.738106
  -0.0711053     0.752726     0.654483
   -0.958564    -0.233029     0.163867
   -0.546672    -0.812526     -7.97239
   -0.489286    -0.871318    0.0374774
   -0.252659     0.100488    -0.962323
    0.834723     -0.48032    -0.269314
   -0.628599     -1.73585     -7.94072
    -0.80821    -0.375409     0.453724
   -0.455514   -0.0897898    -0.885689
    0.373235      -0.9225   -0.0984347
   -0.678279     -2.72947     -7.91294
   -0.149956     0.123767     0.980915
   -0.594725    -0.803861    0.0105098
     0.78982    -0.581799     0.194151
   -0.693026     -3.77422      -7.9007
   -0.750935     -0.45739     0.476331
   -0.118966    -0.615804    -0.778866
    0.649572    -0.641545     0.408015
   -0.714715      -4.6959     -7.96744
    -0.16057     0.308708     0.937506
   -0.466577    -0.860747      0.20352
    0.869783     -0.40474     0.282246
   -0.689317     -5.74275     -8.02374
    0.767797    -0.546361      0.33463
    0.580457     0.814288  -0.00232538
   -0.271214     0.196024     0.942347
   -0.719034     -6.66863     -8.03295
    0.209393     0.283788     0.935745
    0.845279     0.428562    -0.319121
   -0.491587     0.857788    -0.150142
   -0.861667     -7.67544     -8.03539
   -0.763429     0.114637     0.635638
   -0.645357    -0.175447     -0.74346
   0.0262925    -0.977792     0.207923
   -0.825903     -8.75799     -7.93789
    0.739453    -0.638686     0.212814
   -0.559789    -0.758943    -0.332628
    0.373958     0.126832    -0.918732
   -0.946573     -9.80923     -7.98312
    -0.24436    -0.440188     0.864016
    0.962001    -0.221994     0.158974
    0.121828     0.870031     0.477707
    -1.03501     -10.7982        -7.91
   -0.729414     0.651652     0.208098
    0.432016     0.674684    -0.598468
   -0.530393    -0.346629    -0.773648
    -0.99656     -11.7238     -7.95688
  -0.0344924     0.667096     0.744173
    0.996762    0.0770806   -0.0228972
   -0.072636     0.740974    -0.667594
   -0.998244     -12.8107     -7.92532
   -0.784441     -0.48208     0.390194
   -0.460243     0.874195     0.154792
   -0.415727   -0.0581583    -0.907628
    -1.06382     -13.7872     -7.97058
    -0.53354    -0.800847     0.271992
    0.845732    -0.501929     0.181123
 -0.00853091     0.326668     0.945101
   -0.977841     -14.7694     -7.94208
    0.191607     0.980631    0.0406242
    0.790587    -0.178737     0.585683
      0.5816   -0.0801044    -0.809521
    -1.02941     -15.8084       -7.875
    0.735239     0.203299     0.646601
    0.677769    -0.230775    -0.698121
  0.00729255     0.951532    -0.307465
    -1.08321     -16.7901     -7.98065
    0.590591    -0.672851     0.445504
 -0.00397475    -0.554489    -0.832182
    0.806962     0.489708     -0.33015
    -1.11605     -17.7818     -7.88345
   -0.531764    -0.113814      0.83921
   0.0271972     0.988122     0.151243
   -0.846456      0.10325    -0.522353
    -1.24836     -18.7834     -7.81577
    0.695246    -0.498541     0.517775
   -0.620842   -0.0535221     0.782106
   -0.362199    -0.865212    -0.346726
    -1.29374     -18.7365     -8.88312
   -0.131733    -0.848494     0.512547
    0.791152      0.22154     0.570087
   -0.597265     0.480602     0.642103
    -1.21544     -17.7696     -8.89269
    0.229471      0.63357     0.738873
   -0.753275     0.596341    -0.277407
   -0.616377    -0.492917     0.614095
    -1.30984     -16.7941     -8.96967
   -0.145451    -0.984201     0.100954
    -0.71628     0.175142     0.675476
   -0.682486    0.0259375    -0.730438
    -1.18623     -15.7979     -9.03214
   -0.500712     0.419344     0.757256
    0.865553     0.232213     0.443728
   0.0102304     0.877626    -0.479237
    -1.10709     -14.6789     -8.91635
    0.410591    -0.911819 -0.000722894
    -0.87551    -0.394019    -0.279701
    0.254752     0.115475    -0.960087
    -1.05239     -13.7658     -8.94094
    0.888363     0.361972     0.282467
    0.453934    -0.784808    -0.421924
   0.0689575     0.503043    -0.861506
    -1.05248     -12.8161     -8.98067
   -0.349034    -0.740084     0.574848
   -0.934956     0.316586    -0.160097
   -0.063504    -0.593337    -0.802446
     -1.0177     -11.7492      -9.0095
    0.786133     0.480531     0.388696
   -0.310161       0.8507    -0.424393
   -0.534597     0.213071     0.817806
    -1.13811     -10.8334     -8.96681
   -0.624827   -0.0278547     0.780266
   -0.593801    -0.631926    -0.498067
    0.506944    -0.774528     0.378304
   -0.998093     -9.67951     -8.96268
   -0.136949     -0.10511     0.984986
    0.555975    -0.831121   -0.0113905
     0.81984     0.546067      0.17226
   -0.946823     -8.76583     -8.95246
 -0.00578214    -0.189997     0.981768
    0.219226    -0.958141    -0.184134
    0.975657     0.214164    0.0471923
   -0.971202     -7.78566     -8.93627
    0.384674    -0.246713     0.889471
   -0.834645     0.318556     0.449321
     -0.3942    -0.915235   -0.0833774
   -0.875897     -6.72195     -8.98993
    -0.88939     0.456928   -0.0142426
   0.0575114    0.0809269    -0.995059
   -0.453518    -0.885815   -0.0982541
   -0.813168     -5.75975     -8.96179
    0.525274      0.62669     0.575627
   0.0901875    -0.713657     0.694665
     0.84614    -0.312975    -0.431385
   -0.801844     -4.74337     -8.88044
   -0.734642    -0.358517     0.575991
   -0.235865    -0.661059    -0.712298
    0.636135    -0.659141      0.40108
   -0.841791     -3.73115     -8.91114
   -0.760893     0.488343     0.427274
    0.313359     0.853152    -0.417058
   -0.568197    -0.183446    -0.802185
   -0.779602      -2.7098      -8.8955
    0.642447     0.679872     0.353604
   -0.412403    -0.082182     0.907287
    0.645899    -0.728711     0.227584
   -0.621628     -1.78083      -8.9095
     0.82045    -0.538595     0.191772
   -0.515025    -0.550644     0.656918
   -0.248214    -0.637736    -0.729166
   -0.505689    -0.753379     -8.88737
   -0.622968    -0.142459     0.769166
    -0.30639     0.949152   -0.0723596
   -0.719747    -0.280743    -0.634939
   -0.520074     0.221799     -8.88109
    0.790047   -0.0363251     0.611969
    0.219054     0.949068    -0.226462
   -0.572574     0.312969     0.757766
   -0.640812     0.176047     -9.91159
    0.202211     0.577103     0.791242
    0.299126     0.732928    -0.611016
   -0.932542     0.360235   -0.0244207
   -0.730161    -0.861297     -9.89129
   -0.420596     0.117085     0.899661
    0.867123     0.343524     0.360678
   -0.266825     0.931817    -0.246012
    -0.74453     -1.79914     -9.81064
    0.765609    -0.619126     0.174715
   -0.321272    -0.132683     0.937646
   -0.557339    -0.774001    -0.300492
   -0.816851     -2.73334     -9.95122
    0.091322     -0.99549    -0.025678
     -0.8662   -0.0666874    -0.495227
    0.491281    0.0674674    -0.868384
   -0.818014     -3.76667     -9.87982
   -0.590211   -0.0528887     0.805515
   -0.386179      0.89476     -0.22421
   -0.708884    -0.443404    -0.548522
   -0.726237     -4.80765     -9.89843
    0.138418     0.357681     0.923528
      0.9882    -0.111633    -0.104875
   0.0655847     0.927147    -0.368913
   -0.870791      -5.7908     -9.86367
   -0.801753     0.537218     0.261894
    0.482918     0.840491    -0.245694
   -0.352111   -0.0705131    -0.933298
    -0.93286     -6.72944     -9.92014
   -0.149705     0.609558     0.778478
  0.00877628     0.788139    -0.615435
   -0.988692   -0.0853017    -0.123338
   -0.979024     -7.67418     -9.95343
   -0.728631     0.207118     0.652839
    0.656262   -0.0616511     0.752011
    0.196003     0.976372   -0.0910025
   -0.945427     -8.71772      -9.8992
    0.455933    -0.714464     0.530722
    0.435225     0.699125     0.567277
   -0.776341   -0.0276569     0.629707
   -0.979967      -9.6535     -10.0231
    0.717869    0.0935695     0.689861
    0.682163     0.103286    -0.723868
   -0.138985     0.990241    0.0103159
    -1.13463     -10.7665     -10.0088
   -0.324549     0.881551     0.342834
   -0.917538    -0.205376    -0.340505
   -0.229763    -0.425074     0.875512
    -1.17023     -11.7346      -9.9873
   -0.863333     0.164507     0.477068
   -0.474321    0.0581897    -0.878427
   -0.172267    -0.984658    0.0277919
     -1.2091     -12.8303     -9.82774
   -0.492596     0.581102     0.647819
    0.813151     0.572555     0.104723
   -0.310057      0.57836    -0.754562
    -1.04009      -13.841     -9.82791
    0.216225     0.899411     0.379877
   -0.598314      -0.1854     0.779517
    0.771536    -0.395837     0.498042
    -1.16638     -14.8076      -9.9163
   -0.852502    -0.229509     0.469644
    0.343808     0.430581     0.834503
   -0.393746     0.872883    -0.288164
    -1.22059     -15.6974     -9.93683
    0.530083    -0.302705     0.792074
    0.234448     0.950016     0.206165
    -0.81489    0.0764161     0.574556
     -1.2773     -16.7663     -9.87383
    -0.67808     0.252883     0.690114
    -0.66594     0.185939    -0.722462
   -0.311018    -0.949461    0.0423235
    -1.28813     -17.6863     -9.92052
    0.008667     0.588758     0.808263
    0.705442     0.569271    -0.422235
   -0.708715     0.573842    -0.410401
    -1.38787     -18.7499      -9.9371
   -0.262221    -0.848157     0.460293
   -0.871366     0.413074     0.264747
   -0.414682    -0.331661    -0.847372
    -1.42897     -18.7446     -10.8463
   -0.609816       0.2861     0.739102
    0.674458     0.677084     0.294387
    -0.41621     0.678015    -0.605859
    -1.31092      -17.735     -10.8189
   -0.358482      0.42943     0.828903
      0.6732    -0.496234     0.548228
    0.646755     0.754547    -0.111201
    -1.36327     -16.7873     -10.9495
   0.0439375     0.731113      0.68084
    -0.43685     0.626952    -0.645053
   -0.898461    -0.269083     0.346933
      -1.299      -15.843     -10.8574
   -0.268857    -0.518827     0.811502
   -0.961883     0.100917    -0.254159
   0.0499706    -0.848902    -0.526183
    -1.23855     -14.8178     -10.9464
    -0.61539     0.406653     0.675225
    0.466798     0.878285    -0.103512
   -0.635134     0.251494    -0.730312
    -1.26097     -13.7937     -10.8639
    0.124703     0.624697     0.770846
    0.136944    -0.780311     0.610214
    0.982698    0.0294671    -0.182855
    -1.31571     -12.7678     -10.8557
   -0.165315     -0.75653     0.632719
   -0.446197     0.629506     0.636106
   -0.879534    -0.177159    -0.441628
     -1.1866     -11.7496     -11.0088
   -0.252237     0.590021     0.766975
     0.44503    -0.633077     0.633373
    0.859259     0.501087    -0.102892
    -1.12263     -10.7248     -10.9493
    0.423342    -0.535815     0.730536
    0.905533     0.225234    -0.359554
   0.0281128     0.813739      0.58055
    -1.16907     -9.71115     -10.9985
    0.444862     0.849603     0.283324
   -0.772227     0.203651     0.601824
    0.453612    -0.486519     0.746683
    -1.07969     -8.68081     -10.9654
   -0.863308     0.497121    0.0870071
   -0.474806     -0.85848     0.193833
    0.171052     0.126026     0.977169
    -1.02605     -7.66519     -10.9463
    0.401388     0.180039     0.898039
    0.910927    -0.180589    -0.370944
   0.0953912      0.96694    -0.236489
   -0.935182     -6.69694      -10.914
   -0.665849     0.327734      0.67025
     0.64788     0.699496     0.301591
   -0.369996     0.635056    -0.678091
   -0.964962     -5.71827     -10.9125
   -0.144628    0.0618995     0.987548
   -0.979297    -0.151815    -0.133904
    0.141636    -0.986469    0.0825748
   -0.795578     -4.75032     -10.8931
    0.790038   0.00327567     0.613049
     0.13846     0.973195    -0.183633
   -0.597217      0.22996     0.768407
   -0.801324     -3.82816     -10.9514
    0.825747    -0.388609     0.408809
    -0.43163    -0.901935    0.0144737
    0.363095    -0.188406    -0.912505
   -0.726835     -2.73428     -10.9409
  -0.0883896    -0.242418     0.966137
    0.599439    -0.787584    -0.142775
    0.795525      0.56652     0.214929
    -0.73681     -1.71666     -10.9518
    0.800822    -0.557863     0.217881
    0.161133     0.551081     0.818747
   -0.576819    -0.620563     0.531208
   -0.762415    -0.844174      -10.903
    0.514626     0.517044     0.683978
   -0.808712    0.0276791     0.587553
    0.284859    -0.855511     0.432384
   -0.662505     0.128275     -10.9293
    0.424091     0.697962     0.577058
   -0.825026    0.0349861     0.564011
    0.373469     -0.71528     0.590674
   -0.680174        0.208     -11.8858
    0.490952     -0.81019     0.320247
    0.653721     0.585592     0.479303
    -0.57586   -0.0259621     0.817136
   -0.803765      -0.7632     -11.9071
   -0.509379     0.659879     0.552352
    0.860024     0.368088      0.35337
   0.0298671     0.655035    -0.755008
   -0.802374     -1.72506     -11.9465
   -0.708312    -0.386623     0.590607
    0.614946    -0.748776     0.247338
    0.346606     0.538384     0.768119
   -0.855672     -2.76028     -11.8877
    0.258455    -0.139787     0.955856
    0.392395      0.91936    0.0283499
   -0.882738     0.367746     0.292465
   -0.904406     -3.77677     -11.9319
    0.121459     0.243529     0.962258
    0.989294     0.049317    -0.137352
   -0.080905     0.968639    -0.234932
   -0.946896     -4.81631     -11.9179
   -0.506146    -0.772224      0.38404
    0.470107     0.126293     0.873527
    -0.72306     0.622672     0.299105
    -1.00517     -5.80785     -11.8794
   -0.574919    -0.370744     0.729395
    0.407974     0.642838     0.648318
   -0.709243     0.670305    -0.218326
    -1.02876     -6.75859     -11.8592
     0.45459     0.654869     0.603734
    -0.75771     0.640632    -0.124363
   -0.468212    -0.400921     0.787426
    -1.14556     -7.68997     -11.8936
  -0.0773603    -0.913307     0.399857
   -0.863759     0.261695     0.430622
   -0.497931    -0.312067    -0.809122
    -1.16919     -8.68896     -11.8762
    0.121282    -0.565953     0.815468
   -0.930242    -0.351437    -0.105554
    0.346325    -0.745781    -0.569096
    -1.05252     -9.75222     -11.9529
   -0.714203   -0.0334155      0.69914
    0.193003     0.950733     0.242602
   -0.672803     0.308203    -0.672567
    -1.21173     -10.6678     -12.0075
   -0.324106    -0.591429     0.738354
   -0.127931    -0.745914    -0.653641
    0.937331    -0.306308     0.166093
    -1.27744     -11.7038     -11.9119
   -0.186603    -0.665492     0.722703
   -0.890345     0.425513      0.16194
   -0.415289    -0.613237    -0.671919
    -1.34729      -12.672     -11.8626
   -0.762569     0.381651     0.522332
   -0.332761    -0.923835     0.189208
    0.554759   -0.0295278     0.831487
     -1.3509     -13.6648     -11.9029
    0.325524    -0.560713     0.761338
   -0.216804     0.739479     0.637312
   -0.920343    -0.372521     0.119153
     -1.3582     -14.7219     -11.9485
    0.193622    -0.963422     0.185282
