  -0.0243385     0.999645   -0.0108655
    0.010174   -0.0106204    -0.999892
   -0.999652   -0.0244464  -0.00991188
           0            0            0
    0.129152     0.991611  -0.00527544
   0.0124009   -0.0069347    -0.999899
   -0.991547     0.129074   -0.0131925
   -0.117711   -0.0872604    -0.446711
    0.221626     0.975127   0.00296753
    0.022961  -0.00217612    -0.999734
   -0.974861     0.221635   -0.0228721
  -0.0411541   -0.0778462    -0.861806
    0.313095     0.949707   0.00525969
   0.0204189  -0.00119453    -0.999791
   -0.949502     0.313137   -0.0197659
  -0.0438099    0.0494904     -1.05122
    0.430011     0.902821   0.00204957
    0.019051  -0.00680422    -0.999795
   -0.902623     0.429962   -0.0201256
   0.0631191    0.0882749     -1.21727
    0.556576     0.830722    0.0111725
    0.025754  -0.00381032    -0.999661
   -0.830398     0.556675   -0.0235152
    0.147208     0.141037     -1.48611
    0.633048     0.773785    0.0225213
   0.0303405   0.00426964    -0.999531
   -0.773518     0.633434   -0.0207741
    0.348307     0.141324     -1.71305
    0.716571     0.696724    0.0331916
   0.0518919  -0.00579549    -0.998636
   -0.695581     0.717316   -0.0403072
    0.466165     0.235215     -2.03175
    0.800462     0.598289    0.0362071
   0.0600601   -0.0199589    -0.997995
   -0.596367     0.801031   -0.0519097
    0.667313     0.132148     -2.36365
    0.847214      0.53006    0.0355679
   0.0656771   -0.0380659    -0.997115
   -0.527177     0.847105   -0.0670628
    0.874542     0.184068     -2.60217
    0.918156     0.394572    0.0360931
   0.0541251   -0.0346625    -0.997932
   -0.392505     0.918211   -0.0531818
     1.15743     0.302458     -2.83605
    0.953531     0.297827     0.045589
   0.0587445   -0.0353658    -0.997646
   -0.295514     0.953965   -0.0512181
     1.43369     0.342135     -2.93396
     0.98756     0.146814    0.0563178
   0.0649275    -0.054523    -0.996399
   -0.143215      0.98766   -0.0633769
     1.90331     0.398241      -3.0552
    0.996704    0.0570592    0.0576742
   0.0618165   -0.0737128    -0.995362
  -0.0525432     0.995646    -0.076997
     2.06505     0.385899     -3.06767
    0.993829   -0.0797215    0.0771247
   0.0723906   -0.0606611     -0.99553
   0.0840436      0.99497   -0.0545156
     2.51855      0.35316     -3.16094
    0.975792    -0.205746    0.0741511
   0.0580148   -0.0833897    -0.994827
    0.210865     0.975046   -0.0694347
     2.80818     0.496015     -3.03914
    0.942961    -0.322752    0.0815784
   0.0569793   -0.0849603    -0.994754
     0.32799     0.942663    -0.061724
     3.17747      0.56265     -3.18425
    0.860019    -0.500872     0.097437
    0.051653    -0.104518    -0.993181
    0.507641     0.859187   -0.0640155
     3.50797     0.659202     -3.13504
    0.774277    -0.623454     0.108633
   0.0488466    -0.112269    -0.992477
    0.630959     0.773758   -0.0564739
     3.84623     0.560077     -2.82951
    0.731027    -0.672871     0.113333
   0.0449247     -0.11827    -0.991965
    0.680868     0.730244   -0.0562303
     4.13372     0.574871     -2.58245
    0.634904    -0.764761     0.109718
   0.0354412    -0.113034    -0.992959
    0.771778     0.634322   -0.0446615
     4.53517     0.654855     -2.36048
     0.56235    -0.817707     0.122957
   0.0361264    -0.124259    -0.991592
     0.82611     0.562063   -0.0403363
     4.75287     0.535154     -1.83037
    0.475946    -0.871513     0.118066
   0.0255795    -0.120471    -0.992387
    0.879102     0.475343    -0.035045
     5.09885     0.571548     -1.53002
    0.353045    -0.928902     0.111808
   0.0107874    -0.115453    -0.993254
    0.935544     0.351869   -0.0307398
     5.37298     0.493079      -1.2328
    0.225326    -0.965613     0.129688
-0.000691677     -0.13327     -0.99108
    0.974283     0.223227   -0.0306971
     5.50713     0.517971    -0.881455
   0.0643689    -0.988465     0.137092
  -0.0126835    -0.138177    -0.990326
    0.997846    0.0620074   -0.0214315
     5.60031     0.505133    -0.441633
  -0.0398606    -0.987964     0.149459
  -0.0257446    -0.148512    -0.988575
    0.998874   -0.0432529    -0.019515
     5.66907     0.497704   -0.0385495
   -0.185746    -0.971215     0.149131
  -0.0338955    -0.145349      -0.9888
    0.982013     -0.18872  -0.00592178
     5.75096     0.463865     0.573516
      -0.298    -0.945224     0.133222
  -0.0290298    -0.130524     -0.99102
    0.954124    -0.299191    0.0114565
     5.60261     0.504156      1.05005
   -0.391588    -0.913252     0.112379
  -0.0232778    -0.112261    -0.993406
    0.919846    -0.391622    0.0227014
      5.4167     0.382641      1.45264
   -0.532703    -0.837795     0.119692
  -0.0385946    -0.117234    -0.992354
    0.845422     -0.53325    0.0301165
     5.23591     0.474453      1.94558
   -0.632644    -0.766089     0.113444
  -0.0404022    -0.113636    -0.992701
    0.773388    -0.632609    0.0409394
     5.03887      0.39283      2.38821
    -0.71604    -0.687771     0.119402
   -0.054723    -0.115216    -0.991832
    0.695911    -0.716726    0.0448627
     4.91512     0.318051      2.70953
   -0.807159    -0.579727     0.111405
   -0.055186    -0.113789    -0.991971
    0.587749    -0.806827    0.0598532
     4.50588     0.235332      3.29354
   -0.873117    -0.474185     0.113202
  -0.0740317    -0.100547    -0.992174
    0.481857    -0.874665    0.0526843
     4.07635     0.153401      3.49106
    -0.93308    -0.345946    0.0984057
  -0.0756651   -0.0786716    -0.994025
    0.351621     -0.93495    0.0472308
      3.7394     0.261815      3.66067
   -0.969482    -0.229846    0.0852965
  -0.0723842   -0.0640515    -0.995318
    0.234233    -0.971117    0.0454595
     3.29854     0.321773      3.90945
   -0.993112   -0.0851887     0.080443
  -0.0748615   -0.0668067    -0.994954
   0.0901329    -0.994123    0.0599692
     2.94009     0.221061      3.98438
   -0.998322     0.009364    0.0571434
  -0.0576101   -0.0610454    -0.996471
 -0.00584262    -0.998091    0.0614824
     2.40686     0.232869       4.1817
    -0.98603     0.160225    0.0455379
  -0.0591081    -0.080973    -0.994962
    -0.15573    -0.983754    0.0893124
     1.76477    0.0801895      4.19095
   -0.972834     0.228236    0.0387678
  -0.0540538   -0.0611067    -0.996667
   -0.225106    -0.971686    0.0717837
     1.08131    0.0523776      4.08086
   -0.935359     0.353108    0.0204595
  -0.0447802   -0.0608442    -0.997142
   -0.350854    -0.933602    0.0727234
    0.447019   -0.0473835      3.97911
   -0.874554     0.484806    0.0109029
  -0.0412926   -0.0520493     -0.99779
   -0.483167    -0.873072    0.0655388
   -0.244003   -0.0633449      3.64411
   -0.813196      0.58195   0.00681334
  -0.0423154    -0.047446    -0.997977
   -0.580449     -0.81184    0.0632083
   -0.691576    -0.139374      3.25312
   -0.774639     0.632288   -0.0121146
  -0.0263805   -0.0514476    -0.998327
   -0.631854    -0.773023    0.0565333
    -1.28742   -0.0598174      2.88567
   -0.674502      0.73771   -0.0288412
   -0.006449   -0.0449517    -0.998968
   -0.738245     -0.67362    0.0350775
    -1.73342     0.143296      2.68536
   -0.578317       0.8154   -0.0259244
 -0.00537799   -0.0355872    -0.999352
   -0.815795    -0.577803    0.0249659
    -2.16054    0.0762026      2.31076
   -0.448345     0.893357   -0.0300023
 -0.00553204   -0.0363374    -0.999324
   -0.893843    -0.447876    0.0212338
     -2.5585    0.0675044      1.86489
   -0.325584     0.945148   -0.0262845
  -0.0134362   -0.0324212    -0.999384
   -0.945418    -0.325031     0.023255
    -2.80932   -0.0122703      1.23356
   -0.216833     0.974897   -0.0505948
  -0.0029492   -0.0524818    -0.998618
   -0.976204    -0.216384     0.014255
    -2.93541  -0.00044725     0.750513
  -0.0662405     0.996282   -0.0550762
  0.00287729   -0.0550065    -0.998482
     -0.9978   -0.0662984   0.00077706
    -2.98192     0.120477    0.0567745
    0.057391     0.996267    -0.064481
  0.00717299   -0.0649972     -0.99786
   -0.998326    0.0568056   -0.0108765
    -3.10208    0.0341767    -0.615689
    0.205279     0.976464   -0.0661695
   0.0194207   -0.0716601     -0.99724
   -0.978511     0.203427   -0.0336739
    -3.04696    0.0736285     -1.42113
    0.303519     0.951243   -0.0548839
   0.0194024   -0.0637596    -0.997777
   -0.952628     0.301779   -0.0378086
    -2.90885     0.186239     -1.93211
    0.410748     0.910488   -0.0479393
   0.0280553   -0.0651762    -0.997479
   -0.911317     0.408367   -0.0523149
    -2.67068     0.136271     -2.52146
    0.538675     0.841724   -0.0364574
   0.0323837   -0.0639259    -0.997429
   -0.841891     0.536109   -0.0616935
    -2.42141     0.225853     -3.15995
    0.641845     0.766478   -0.0233861
   0.0358771    -0.060479    -0.997524
   -0.765995     0.639417   -0.0663172
    -2.03427     0.322952     -3.75174
    0.720292     0.693476   -0.0164092
   0.0521394    -0.077714    -0.995611
   -0.691708     0.716276   -0.0921342
    -1.60329     0.280782     -4.36353
    0.775343     0.631521  -0.00501613
   0.0594434   -0.0808837    -0.994949
   -0.628737     0.771129    -0.100252
    -1.13175     0.283818     -4.81491
    0.851365     0.524543   0.00571535
   0.0651857   -0.0949771    -0.993343
   -0.520508      0.84607    -0.115053
   -0.540766     0.363379     -5.22248
    0.919528     0.392812    0.0128922
   0.0559136   -0.0982777    -0.993587
   -0.389026     0.914352    -0.112333
   0.0843116     0.479597     -5.71534
    0.971473     0.236128    0.0220128
   0.0481087    -0.105331    -0.993273
   -0.232221     0.965996    -0.113686
    0.632877     0.586516     -5.86015
    0.988623     0.142484    0.0482007
   0.0652859    -0.117778    -0.990892
   -0.135509     0.982765     -0.12574
     1.44658     0.636045     -6.05021
    0.997976    0.0267336    0.0576958
   0.0606185    -0.125915    -0.990187
  -0.0192065     0.991681    -0.127281
     2.02405     0.743588     -6.18253
    0.992163   -0.0985414     0.076822
   0.0625557    -0.140477    -0.988106
    0.108161     0.985168    -0.133212
      2.6442      0.74317     -6.19197
    0.973645    -0.214196    0.0783322
   0.0473264    -0.146232    -0.988118
    0.223106     0.965783    -0.132241
     3.45791     0.780872     -6.09514
    0.929935     -0.35567    0.0933811
   0.0430813    -0.146818    -0.988225
    0.365192     0.923008    -0.121208
     4.15012     0.866619     -5.82553
    0.886329     -0.45002     0.109106
   0.0419274    -0.156659    -0.986762
    0.461155      0.87917    -0.119983
     4.93235     0.948448     -5.69385
     0.79756    -0.587101     0.138604
   0.0398129    -0.178036    -0.983218
    0.601925     0.789693     -0.11862
     5.63978     0.882405     -5.23607
    0.711607    -0.686756     0.148262
   0.0423639      -0.1687    -0.984757
      0.7013      0.70704    -0.090954
     6.19311      1.02434      -4.6933
    0.626078    -0.763371     0.159033
   0.0443543    -0.168757    -0.984659
    0.778498     0.623527   -0.0717964
     6.70796      1.08324     -4.20343
    0.546799    -0.821496     0.161724
   0.0430392    -0.165323      -0.9853
    0.836157     0.545722   -0.0550421
     7.23304      1.04821     -3.60529
    0.428385    -0.889021     0.161641
   0.0192142    -0.169883    -0.985277
    0.903392     0.425183   -0.0556936
     7.75728       1.0692     -2.98554
    0.285101    -0.941636     0.178993
   0.0100789    -0.183788    -0.982914
    0.958445     0.282034   -0.0429074
     8.21119     0.968543     -2.15339
    0.206248    -0.960774     0.185404
  -0.0094165    -0.191418    -0.981464
    0.978454     0.200679   -0.0485267
     8.41816     0.958272     -1.43434
   0.0568576    -0.979744     0.192013
  -0.0198979    -0.193398    -0.980919
    0.998184    0.0519521    -0.030491
     8.64045      1.06656    -0.666054
  -0.0740941    -0.977465     0.197669
  -0.0295729    -0.195973    -0.980163
    0.996813     -0.07847    -0.014386
     8.71493      1.04062     0.116008
   -0.198582    -0.961764     0.188612
  -0.0264885    -0.187108    -0.981982
    0.979726         -0.2    0.0116805
     8.64333     0.820052      1.08435
   -0.276126    -0.942225     0.189649
  -0.0279794    -0.189357     -0.98151
    0.960714    -0.276326    0.0259234
     8.52325     0.834676      1.86707
   -0.384309    -0.904776     0.183541
  -0.0318533    -0.185696    -0.982091
    0.922655    -0.383273    0.0425445
     8.32284     0.875212      2.63648
   -0.525517    -0.831917     0.178176
  -0.0369492    -0.186911    -0.981682
    0.849981    -0.522474     0.067486
     7.91474     0.861124      3.47281
    -0.58074    -0.795655     0.172263
  -0.0289462    -0.191287    -0.981107
    0.813574    -0.574755    0.0880568
     7.37984     0.815507      4.30501
   -0.716503    -0.681501     0.148928
  -0.0473637    -0.165471    -0.985077
    0.695974    -0.712864    0.0862823
     6.99978     0.746658      4.90795
    -0.79322    -0.593394     0.136694
  -0.0414194    -0.171383    -0.984333
    0.607525    -0.786455     0.111366
     6.33357     0.631169      5.49608
   -0.849664    -0.509568     0.135687
  -0.0601484    -0.161981    -0.984959
    0.523882    -0.845046      0.10698
     5.52768         0.64      6.06095
    -0.91867    -0.374421     0.125914
  -0.0741056    -0.149739    -0.985945
    0.388012    -0.915089     0.109814
     4.80354     0.542746      6.54402
   -0.968382    -0.226251     0.105107
  -0.0764586    -0.131876    -0.988313
    0.237468    -0.965101     0.110408
     4.03615     0.589317      6.87807
   -0.994843   -0.0654767    0.0774619
  -0.0683389    -0.131631     -0.98894
   0.0749489    -0.989134     0.126477
     3.31714     0.423196      7.10262
   -0.997631    0.0424038     0.054164
  -0.0591654    -0.127288      -0.9901
  -0.0350896    -0.990959     0.129495
     2.27181     0.488809      7.08211
   -0.985333     0.166481     0.037448
  -0.0593339    -0.128499    -0.989933
   -0.159993    -0.977636     0.136493
     1.33841     0.337853      7.06715
   -0.973707     0.227293    0.0152202
  -0.0430179    -0.117851    -0.992099
   -0.223704    -0.966669      0.12453
    0.385169     0.223544      6.92717
   -0.933567     0.358389  -0.00314336
  -0.0415588     -0.11696    -0.992267
   -0.355985    -0.926217     0.124084
   -0.610976     0.249833      6.76265
   -0.880119     0.474221   -0.0224665
  -0.0398842    -0.121012    -0.991849
   -0.473074     -0.87205     0.125419
    -1.67259      0.36405      6.36781
   -0.832722     0.553052   -0.0265894
  -0.0360242    -0.102036    -0.994128
   -0.552518    -0.826875     0.104891
    -2.49122     0.224404      5.73542
   -0.735914     0.675684   -0.0433891
  -0.0312536   -0.0979146    -0.994704
   -0.676353     -0.73066    0.0931743
    -3.23179     0.261154      5.27664
   -0.681862     0.728194   -0.0692567
  -0.0178748    -0.111239    -0.993633
   -0.731262    -0.676283    0.0888663
    -4.01515     0.257754      4.68999
   -0.576774     0.813674   -0.0725653
 -0.00996988   -0.0958344    -0.995347
   -0.816843    -0.573367     0.063387
    -4.67061     0.297061      3.93571
   -0.415734     0.905477   -0.0853052
  -0.0121524    -0.099317    -0.994982
   -0.909405    -0.412611    0.0522931
    -5.34143     0.258506      3.09527
   -0.309904     0.946835   -0.0863874
  -0.0074684   -0.0932822    -0.995612
   -0.950739    -0.307899    0.0359799
    -5.62141     0.347333      2.21428
   -0.195691      0.97573   -0.0982631
  0.00872288   -0.0984646    -0.995102
   -0.980627     -0.19559    0.0107575
    -5.93633     0.251723      1.29699
  -0.0578345     0.993111    -0.101909
  0.00474329    -0.101805    -0.994793
   -0.998315   -0.0580167   0.00117724
     -6.0185     0.250424     0.175071
   0.0607745     0.992452    -0.106511
  0.00510954    -0.107016    -0.994244
   -0.998138    0.0598804   -0.0115748
    -6.06951     0.354346    -0.872406
    0.182491     0.976485     -0.11478
    0.031678    -0.122519     -0.99196
   -0.982697     0.177388   -0.0532918
    -6.02263     0.286085       -1.857
    0.289734     0.950334    -0.113664
   0.0207904    -0.124979    -0.991942
   -0.956881     0.285036   -0.0559685
     -5.8286       0.5473     -2.85448
    0.438214     0.893522     -0.09791
   0.0314478    -0.124099    -0.991771
    -0.89832     0.431529   -0.0824812
    -5.47074     0.344265     -3.82934
     0.52393     0.847274   -0.0873184
   0.0366883    -0.124869    -0.991495
   -0.850971     0.516271   -0.0965075
    -4.97169     0.484817     -4.78255
    0.626632     0.776303   -0.0684548
   0.0455261    -0.124155    -0.991218
   -0.777984     0.618013    -0.113142
    -4.37805     0.621916     -5.63284
     0.72679     0.684518   -0.0566622
   0.0525481    -0.137666    -0.989084
   -0.684847     0.715879    -0.136025
    -3.68475     0.689144     -6.45696
    0.786507     0.616085   -0.0429773
   0.0602367    -0.145785    -0.987481
   -0.614637     0.774071    -0.151772
    -2.95753     0.824295     -7.11504
    0.867833     0.495731   -0.0334214
   0.0536749    -0.160411     -0.98559
   -0.493949     0.853533    -0.165818
    -2.13059     0.888993     -7.81732
    0.925351     0.378754   -0.0164551
   0.0483595    -0.160976    -0.985773
   -0.376014      0.91139    -0.167276
    -1.09765     0.902532     -8.44076
    0.961144     0.276004   0.00488805
   0.0551414    -0.174611    -0.983092
   -0.270484     0.945163    -0.183046
   -0.091439     0.984492     -8.77434
    0.991235      0.12796    0.0328491
   0.0551513    -0.174865    -0.983047
   -0.120047     0.976242     -0.18039
    0.860732       1.1926     -9.08707
     0.99787  -0.00654739    0.0649059
   0.0626174    -0.182894    -0.981136
   0.0182948     0.983111    -0.182095
     1.96191      1.22044     -9.23763
    0.989804    -0.120875    0.0753482
    0.049854    -0.201537    -0.978211
    0.133427     0.971994    -0.193456
     3.06274      1.22441      -9.2109
    0.958987    -0.267402    0.0940226
   0.0411536    -0.196842    -0.979571
    0.280447     0.943265    -0.177765
     4.21275      1.31749     -9.01385
    0.917858    -0.378234     0.120317
   0.0432967    -0.205912    -0.977612
     0.39454     0.902518    -0.172622
     5.24104      1.44437     -8.65871
    0.865931     -0.47907     0.143718
     0.04663    -0.208765    -0.976854
    0.497985      0.85259    -0.158437
     6.33176      1.49949     -8.39187
    0.806613    -0.567233       0.1662
   0.0381459    -0.230638    -0.972292
    0.589848     0.790603    -0.164398
     7.29767      1.53018     -7.71877
    0.730381    -0.658596     0.181093
   0.0343209    -0.229407    -0.972725
    0.682177     0.716676    -0.144951
     8.17764      1.63722     -6.96787
    0.630494    -0.750606     0.197658
   0.0337408    -0.227906    -0.973098
    0.775461     0.620202    -0.118367
     9.04573      1.65773     -6.21615
    0.540562     -0.81461     0.210248
   0.0276646    -0.232561    -0.972188
    0.840849     0.531344    -0.103178
     9.80959      1.72546     -5.26684
    0.453223    -0.863939      0.21954
   0.0163229    -0.238203    -0.971078
    0.891248     0.443698   -0.0938569
     10.5561      1.68737      -4.1879
    0.325007    -0.915265     0.238034
   0.0114882    -0.247859    -0.968728
    0.945642     0.317578   -0.0700412
     10.9344      1.59335     -3.12692
    0.180796    -0.952788      0.24394
  -0.0132276    -0.250361    -0.968062
    0.983432     0.171795   -0.0578674
     11.3164        1.556     -1.94221
   0.0897135    -0.966049     0.242283
  -0.0124377    -0.244331    -0.969612
     0.99589    0.0839738   -0.0339352
     11.6102      1.54178    -0.792445
  -0.0577521    -0.966625       0.2496
  -0.0328024    -0.248045    -0.968193
    0.997792   -0.0641026   -0.0173825
     11.7248      1.59177     0.344209
   -0.137481    -0.955434     0.261236
  -0.0233449    -0.260542     -0.96518
    0.990229    -0.138792    0.0135149
     11.5989      1.49278       1.6194
   -0.300479     -0.92162     0.245619
  -0.0367569    -0.246138    -0.968537
     0.95308    -0.300053    0.0400834
     11.4399      1.50592      2.71597
   -0.378776    -0.892691     0.244194
   -0.026287     -0.25337    -0.967012
    0.925115      -0.3727    0.0725045
     11.0455      1.40911       3.8281
   -0.506385    -0.830953     0.230414
  -0.0383823    -0.245221    -0.968707
    0.861453    -0.499383    0.0922824
     10.5385      1.37264      4.91537
   -0.598134    -0.773111     0.211032
  -0.0358691     -0.23724    -0.970789
    0.800593    -0.588231     0.114171
     9.74838      1.41253      6.03509
    -0.72197    -0.667044     0.183881
  -0.0446503    -0.220285    -0.974413
    0.690483    -0.711707     0.129256
     9.11305      1.33436      6.95081
   -0.775551    -0.603114     0.186481
  -0.0528223    -0.232366    -0.971193
    0.629072     -0.76306     0.148354
     8.13594      1.31089      7.84832
   -0.864476    -0.475508     0.163015
  -0.0626921    -0.219776    -0.973534
     0.49875    -0.851816      0.16018
     7.15312      1.18695      8.73465
   -0.925644    -0.350164     0.143417
  -0.0704407    -0.212929    -0.974525
    0.371781    -0.912166     0.172431
     6.00874      1.19273      9.28636
   -0.973691     -0.19272     0.121592
  -0.0849431     -0.18817    -0.978456
    0.211448    -0.963043     0.166849
     4.77163      1.03327      9.84845
   -0.993405   -0.0642936    0.0949386
  -0.0813835    -0.187892    -0.978812
   0.0807695    -0.980083      0.18142
     3.62823     0.862916      9.97434
   -0.998128    0.0121289    0.0599483
  -0.0611605    -0.189146    -0.980042
-0.000547857    -0.981874     0.189533
     2.17828     0.916867      10.1247
   -0.985915     0.165169    0.0262787
  -0.0571766    -0.185211    -0.981034
   -0.157169    -0.968719     0.192046
    0.931272     0.918747      10.1338
   -0.968319     0.249512   -0.0100727
  -0.0379432     -0.18688     -0.98165
   -0.246816    -0.950168     0.190427
   -0.422234     0.842186      9.86742
   -0.932898     0.359415   -0.0228511
  -0.0468659    -0.184066    -0.981796
   -0.357079    -0.914844     0.188559
    -1.72198     0.813912      9.55475
   -0.876843     0.479113   -0.0399646
  -0.0510146    -0.175374    -0.983179
   -0.478063    -0.860055     0.178218
     -2.9769     0.772356      9.03839
   -0.813124     0.578475   -0.0647683
  -0.0446549    -0.172932    -0.983921
   -0.580375    -0.797158     0.166447
    -4.18527     0.666295       8.2988
   -0.774244     0.626594    -0.089029
  -0.0230129    -0.168451    -0.985441
   -0.632468    -0.760924     0.144842
     -5.3683     0.665372      7.47126
   -0.672206     0.731829    -0.112095
  -0.0153955    -0.165189    -0.986142
   -0.740204    -0.661165     0.122308
    -6.28027     0.636338      6.57099
   -0.558119     0.820578    -0.123104
 -0.00899554    -0.154336    -0.987977
   -0.829712    -0.550302    0.0935194
    -7.22276     0.599653      5.62645
   -0.428176     0.892966    -0.138842
 -0.00769908    -0.157238    -0.987531
   -0.903663    -0.421768    0.0742004
    -8.02524     0.631387      4.38166
   -0.334439     0.928377     -0.16207
 -0.00341967    -0.173167    -0.984887
   -0.942411    -0.328831    0.0610885
    -8.53956     0.665458      3.26754
   -0.193666     0.966233     -0.16996
  0.00256762     -0.17274    -0.984964
   -0.981064    -0.191191     0.030973
    -8.90443     0.698749      1.95367
  -0.0656259     0.983649    -0.167716
-0.000363283    -0.168102     -0.98577
   -0.997844   -0.0646311    0.0113892
    -9.02561     0.726895     0.470191
   0.0940438      0.98254    -0.160531
-0.000503653    -0.161198    -0.986922
   -0.995568    0.0928948   -0.0146648
    -9.14205     0.784608    -0.881169
    0.206045     0.963425     -0.17134
   0.0238922    -0.179998    -0.983377
   -0.978251     0.198526   -0.0601061
    -8.86225     0.815836     -2.31831
    0.309762     0.935967    -0.167372
   0.0230855    -0.183381    -0.982771
   -0.950534     0.300562    -0.078412
    -8.63564     0.922976     -3.72079
    0.430826        0.889    -0.155139
   0.0338868    -0.187727    -0.981637
   -0.901798     0.417658    -0.111003
    -8.15223     0.916587     -5.05732
    0.538276     0.831214    -0.139075
   0.0334818    -0.185983    -0.981982
   -0.842103     0.523921    -0.127941
    -7.42653      1.00797     -6.34757
    0.622499      0.77305    -0.122021
   0.0415513    -0.188339    -0.981225
   -0.781517     0.605742    -0.149362
    -6.71105      1.10563     -7.48827
    0.696352     0.708372    -0.115342
   0.0448619    -0.203358    -0.978076
   -0.716297      0.67591    -0.173388
    -5.83634      1.28544     -8.63605
    0.801443     0.592058   -0.0845911
   0.0540758    -0.212596    -0.975643
   -0.595621     0.777348      -0.2024
    -4.76571      1.34137     -9.55377
    0.875593     0.479849   -0.0555165
    0.056128    -0.215216    -0.974952
   -0.479778     0.850545    -0.215374
    -3.53175      1.50946     -10.3855
    0.942774     0.331283   -0.0377971
   0.0430751    -0.233417    -0.971422
   -0.330639     0.914203    -0.234329
    -2.32889      1.43601     -11.1827
    0.972348     0.233297   -0.0106079
   0.0475314    -0.242167     -0.96907
    -0.22865     0.941768    -0.246559
   -0.950362      1.50142     -11.6234
    0.989413      0.14326    0.0232235
   0.0574955    -0.239995     -0.96907
   -0.133255     0.960145    -0.245691
    0.469394      1.71012     -11.9482
    0.997013   -0.0371795    0.0676938
    0.056147    -0.252916    -0.965858
    0.053031     0.966774    -0.250073
     1.92904      1.89372     -12.2338
    0.989578    -0.107064    0.0962932
   0.0640209    -0.271869    -0.960202
    0.128982      0.95636    -0.262181
     3.42947      1.86999     -12.0899
    0.963161     -0.24247     0.116316
   0.0495853    -0.264986    -0.962977
    0.264315     0.933269    -0.243201
     5.00308      1.98987     -11.9035
    0.918146    -0.366089     0.151613
   0.0504745    -0.271454    -0.961127
    0.393014     0.890107    -0.230756
      6.3569      2.20374     -11.4942
    0.871308    -0.461564     0.166675
   0.0418133    -0.268581    -0.962349
    0.488951     0.845472    -0.214717
     7.77285      2.28009     -10.8994
    0.797782    -0.571291     0.192797
   0.0332131    -0.277634    -0.960113
     0.60203     0.772364    -0.202517
     9.09214      2.48409     -10.0575
    0.726789    -0.647664     0.228714
   0.0387667    -0.293775    -0.955088
    0.685766     0.703014    -0.188404
     10.2963      2.41514     -9.20837
    0.643656    -0.725629     0.243249
   0.0285626    -0.294844    -0.955118
    0.764782     0.621715    -0.169052
     11.3182      2.43786     -8.06924
    0.543465    -0.797574     0.261767
   0.0262711    -0.295525    -0.954974
    0.839021     0.525871    -0.139654
     12.2811      2.55273     -6.86763
    0.467133    -0.840902     0.273259
    0.024381    -0.296683    -0.954665
    0.883851     0.452618    -0.118088
     13.1426      2.56987     -5.49444
    0.367433    -0.885301     0.285017
   0.0153479     -0.30064    -0.953614
    0.929923     0.354764   -0.0968776
     13.8197      2.47274     -4.07774
     0.22791    -0.926612     0.299076
    0.010896    -0.304713    -0.952382
    0.973621     0.220316    -0.059351
     14.1957      2.46595     -2.54158
    0.088263    -0.949158     0.302174
  -0.0173894     -0.30478    -0.952264
    0.995945     0.078795    -0.043406
     14.5642      2.48804     -1.07619
  -0.0547682    -0.949495     0.308966
  -0.0237779    -0.308102    -0.951056
    0.998216   -0.0594342  -0.00570278
     14.6908      2.48878     0.491707
   -0.169867    -0.934318     0.313362
  -0.0218846    -0.314328    -0.949062
    0.985224    -0.168072    0.0329468
     14.4585      2.41226      1.99804
   -0.332197     -0.89354     0.302046
  -0.0521257    -0.302351     -0.95177
    0.941769    -0.331919    0.0538637
     14.2571      2.35135      3.58931
   -0.409439    -0.865365     0.288968
  -0.0340028     -0.30204    -0.952689
    0.911704    -0.399894    0.0942421
     13.6521      2.32487       4.9113
   -0.527777      -0.8024     0.278579
  -0.0439056    -0.301767     -0.95237
    0.848248     -0.51487     0.124036
     12.9857      2.30686      6.48336
   -0.621917     -0.74304     0.247207
  -0.0338881    -0.289851    -0.956472
     0.78235    -0.603223     0.155083
     12.1502      2.19047      7.83049
   -0.697264    -0.676185     0.237901
  -0.0456787    -0.289298    -0.956149
    0.715358    -0.677555      0.17083
     11.0701      2.12475       9.2241
   -0.811287    -0.543282     0.216005
  -0.0642366    -0.284394    -0.956553
    0.581109    -0.789914     0.195826
     9.91023      2.13382      10.3943
   -0.873404    -0.449183      0.18815
  -0.0687587    -0.268737    -0.960756
    0.482119    -0.852065     0.203831
     8.58186       1.9455      11.2697
   -0.923775    -0.350009     0.155348
  -0.0601842    -0.267933    -0.961556
    0.378176    -0.897611     0.226445
     7.01939      1.81489      12.0963
   -0.967211    -0.217991      0.13032
  -0.0737069    -0.250112    -0.965407
    0.243045    -0.943358     0.225843
      5.3969      1.75531      12.7394
   -0.991565   -0.0880742    0.0950935
  -0.0701177    -0.252548     -0.96504
    0.109011    -0.963568     0.244242
     3.88527      1.67686      12.9055
    -0.99855   0.00163998     0.053798
  -0.0525452     -0.24621    -0.967791
   0.0116585    -0.969215      0.24594
     2.19183       1.5766       13.195
   -0.989623     0.142292    0.0199907
  -0.0544872    -0.242883    -0.968524
   -0.132958    -0.959563     0.248116
    0.605114      1.56721      13.0451
   -0.956984     0.289314   -0.0218692
  -0.0518566    -0.244717    -0.968207
   -0.285467    -0.925425     0.249193
    -1.12494      1.54401      12.7928
   -0.931951     0.359488   -0.0472754
  -0.0446048    -0.243064    -0.968984
   -0.359829    -0.900937     0.242559
    -2.84922      1.47001      12.2237
   -0.878695     0.472043   -0.0712053
  -0.0481861    -0.236097    -0.970534
   -0.474945    -0.849372     0.230203
    -4.41565      1.45412      11.5368
   -0.825916      0.55459    -0.101452
  -0.0388837    -0.235549    -0.971084
    -0.56245    -0.798089     0.216109
    -5.91027      1.31455      10.7621
   -0.754229     0.644878    -0.123576
  -0.0313458    -0.223351    -0.974234
   -0.655862    -0.730922     0.188672
    -7.35657      1.21671      9.68799
   -0.646668     0.746328    -0.157529
  -0.0249454    -0.227104    -0.973551
   -0.762364    -0.625634     0.165478
    -8.51362       1.3005      8.52167
   -0.553072     0.814419    -0.175593
 -0.00385852    -0.213264    -0.976987
   -0.833124    -0.539667     0.121093
    -9.73162      1.24764      7.14969
   -0.455851      0.86851    -0.194653
 -0.00273053    -0.220061    -0.975482
   -0.890052    -0.444143     0.102687
    -10.7376      1.23688      5.83368
   -0.313671     0.924042    -0.218533
  -0.0147713    -0.234869    -0.971915
   -0.949417    -0.301633    0.0873208
    -11.2798      1.31268      4.20797
   -0.210709      0.95041    -0.228742
-0.000239697    -0.234046    -0.972226
   -0.977549    -0.204802    0.0495434
    -11.7733      1.34101      2.52245
  -0.0823732     0.969904    -0.229133
  0.00891704    -0.229187    -0.973341
   -0.996562   -0.0822204    0.0102302
    -11.9259      1.35722     0.572029
    0.054599      0.97384     -0.22058
  0.00502814    -0.221175    -0.975221
   -0.998496     0.052137   -0.0169725
    -12.0985      1.37278     -1.16923
    0.206342     0.950463    -0.232474
   0.0122051    -0.240068    -0.970679
   -0.978404     0.197455   -0.0611367
    -11.8165      1.39168     -2.97291
    0.329937     0.917202    -0.223343
   0.0116953    -0.240545    -0.970568
    -0.94393     0.317614   -0.0900915
    -11.4794      1.54956     -4.66493
    0.421823      0.88301    -0.205811
   0.0411431    -0.245402    -0.968548
   -0.905744     0.400088    -0.139846
    -10.8613      1.52358     -6.43707
    0.515957     0.837104    -0.181783
   0.0525714    -0.242755    -0.968662
      -0.855     0.490231    -0.169259
     -10.061      1.64633     -7.83899
    0.620637     0.763868    -0.176961
   0.0474349    -0.261851    -0.963942
   -0.782662     0.589864    -0.198749
    -9.09192      1.76002     -9.40977
    0.722773     0.674534     -0.15034
   0.0447515    -0.262768    -0.963821
   -0.689635     0.689896    -0.220108
    -7.92283      1.88116     -10.8542
    0.811946     0.573634    -0.108107
   0.0619117    -0.268781    -0.961209
    -0.58044     0.773757    -0.253751
    -6.56889      2.10842     -11.9875
     0.86295     0.498526   -0.0824014
   0.0613516    -0.265246    -0.962227
   -0.501551     0.825298     -0.25948
    -4.98744      2.15461     -12.9568
    0.920445     0.387763   -0.0492018
   0.0624347    -0.270115    -0.960802
   -0.385854     0.881293    -0.272836
    -3.36919      2.32659     -13.8427
    0.972113     0.233763   -0.0187211
   0.0502524    -0.285621    -0.957024
   -0.229064     0.929395    -0.289403
    -1.76177      2.47605     -14.5019
    0.992626     0.120095    0.0164328
   0.0514612    -0.294782    -0.954178
   -0.109748     0.947988    -0.298788
   0.0588884      2.47547     -14.8926
    0.998066   -0.0122616    0.0609373
   0.0543607    -0.303231    -0.951365
   0.0301434     0.952838    -0.301978
      2.0289      2.66922     -15.0302
    0.991771   -0.0743848     0.104201
   0.0745544    -0.326105    -0.942389
     0.10408     0.942402    -0.317876
     3.78371      2.70178     -14.9941
    0.966729    -0.218096     0.133672
   0.0555731    -0.331016    -0.941987
    0.249692     0.918075    -0.307883
     5.68592      2.88528     -14.7167
    0.918958    -0.353443     0.174911
   0.0522365    -0.330531    -0.942348
     0.39088     0.875116    -0.285282
     7.42614      3.11487     -14.1946
     0.87858    -0.431043     0.205667
   0.0631459     -0.32201    -0.944628
    0.473402     0.842919    -0.255693
     9.10871      3.28796     -13.3617
    0.800099    -0.552788     0.232955
   0.0428346    -0.334704    -0.941349
    0.598337     0.763151    -0.244117
     10.8537      3.41153     -12.3668
    0.711707    -0.652763     0.259563
   0.0235265    -0.347141    -0.937518
    0.702082     0.673345    -0.231705
     12.2771         3.57     -11.3957
    0.634758    -0.718235     0.284993
   0.0250371    -0.349511    -0.936598
    0.772305     0.601648    -0.203873
     13.5559      3.52791     -10.0428
    0.555575    -0.773243     0.305666
   0.0148203    -0.358355    -0.933468
    0.831334     0.523142    -0.187634
     14.8043      3.50022     -8.44353
    0.452099    -0.833404     0.317875
   0.0144369    -0.349492    -0.936828
    0.891851     0.428129    -0.145973
     15.7691      3.44205     -6.95824
    0.356718     -0.87117     0.337366
   0.0167812     -0.35509    -0.934681
    0.934061     0.339079    -0.112048
     16.5502      3.40521     -5.12246
    0.220903    -0.904188     0.365577
  0.00109303    -0.374607    -0.927183
    0.975295     0.205217   -0.0817635
     17.0716      3.38256     -3.10372
   0.0531267    -0.929917     0.363913
  -0.0264523     -0.36561    -0.930392
    0.998237    0.0398024   -0.0440221
     17.4236        3.594     -1.32839
  -0.0283031    -0.928914     0.369212
   -0.010385    -0.369067    -0.929345
    0.999545   -0.0301377  0.000798933
     17.5225      3.52323     0.621624
   -0.160543     -0.91764     0.363542
  -0.0118754    -0.366497    -0.930343
    0.986957    -0.153677    0.0479411
     17.3841      3.44829      2.58059
   -0.275819     -0.89382     0.353567
  -0.0173426    -0.363148     -0.93157
    0.961053    -0.263076    0.0846621
     16.9505      3.38302      4.48398
   -0.419911    -0.841996       0.3387
   -0.028434    -0.360807    -0.932207
     0.90712    -0.401074     0.127565
     16.2728      3.40023      6.21603
   -0.542525    -0.777292     0.318565
  -0.0403471    -0.354677    -0.934118
     0.83907    -0.519635      0.16106
     15.3038      3.32136      8.02555
   -0.630541    -0.718468     0.293635
  -0.0398613    -0.347845    -0.936704
    0.775132    -0.602335     0.190691
     14.3626      3.25298      9.64892
   -0.720674    -0.633348     0.281955
  -0.0585565    -0.349638    -0.935053
    0.690797    -0.690379     0.214888
     13.0503      3.14321      11.4115
   -0.796969     -0.54761      0.25488
  -0.0652948    -0.341393     -0.93765
    0.600481     -0.76392     0.236323
     11.6174      2.97501      12.7432
   -0.874278     -0.43187     0.221642
  -0.0717066    -0.336685    -0.938883
    0.480099    -0.836738     0.263389
      10.003      2.90326      13.8067
   -0.929855    -0.324597     0.173224
  -0.0621805    -0.325399     -0.94353
    0.362634    -0.888117      0.28239
     8.08392      2.75149      14.8612
   -0.970944    -0.196784     0.136176
    -0.06685    -0.323352    -0.943914
     0.22978    -0.925591     0.300802
     6.12534      2.55478      15.5428
   -0.984889    -0.139726     0.102327
  -0.0520019    -0.324992    -0.944286
    0.165197    -0.935338     0.312815
     4.09351      2.39673      15.8127
   -0.998088    0.0206701    0.0582435
  -0.0617836    -0.310339    -0.948616
 -0.00153273    -0.950401     0.311023
     2.06608      2.40478      16.1055
   -0.986079     0.166033    0.0090172
  -0.0601174    -0.305428    -0.950315
    -0.15503    -0.937628     0.311158
    0.230947        2.402      16.0881
   -0.960175      0.27545   -0.0468121
  -0.0411166    -0.305024    -0.951457
   -0.276357     -0.91164     0.304202
    -1.99015       2.3016      15.5555
   -0.929437     0.362077   -0.0710443
   -0.044837    -0.301943    -0.952271
   -0.366247     -0.88189     0.296871
    -3.81737      2.31566      15.0798
   -0.889569     0.444535    -0.105146
  -0.0370388    -0.299613    -0.953342
   -0.455297    -0.844169     0.282992
    -5.72441      2.37066      14.1768
   -0.816458      0.56176    -0.133499
  -0.0416218    -0.287863    -0.956767
   -0.575903    -0.775603     0.258409
    -7.49936      2.19106       13.174
   -0.716835     0.675292    -0.173575
  -0.0420071    -0.290321    -0.956007
   -0.695976    -0.678008     0.236479
    -9.25142      2.00373       11.951
    -0.66669     0.718969    -0.196489
  -0.0229383    -0.283293    -0.958759
   -0.744982    -0.634688      0.20536
    -10.7474      2.10843      10.5376
   -0.593535     0.773219    -0.223268
  0.00836434    -0.271476    -0.962409
   -0.804765    -0.573091     0.154663
    -12.2088       2.2735      8.85493
   -0.468553     0.847174    -0.250507
 -0.00211049    -0.284633    -0.958634
   -0.883433    -0.448643     0.135153
    -13.2551      2.18701      7.11575
    -0.34896     0.894613    -0.279097
  0.00161999    -0.297242    -0.954801
   -0.937136    -0.333639     0.102276
    -14.1295       2.1141      5.19536
   -0.200729     0.936516    -0.287483
  0.00818066    -0.291843    -0.956431
   -0.979613    -0.194336    0.0509201
     -14.715      2.11732      3.11878
  -0.0632589     0.953778    -0.293778
 0.000822259    -0.294318    -0.955707
   -0.997997   -0.0606986     0.017834
    -14.8895      2.08562     0.889353
   0.0419893     0.958114    -0.283293
  0.00956195    -0.283916    -0.958802
   -0.999072    0.0375506   -0.0210829
    -15.0012      2.18662     -1.36568
    0.190797     0.937786    -0.290094
    0.019848    -0.299148       -0.954
   -0.981429     0.176262   -0.0756895
    -14.7649      2.21594     -3.58128
    0.311929      0.90925    -0.275616
   0.0243506    -0.297645    -0.954366
   -0.949793     0.290983    -0.114985
    -14.2353      2.26919     -5.67635
     0.42658     0.867217    -0.256837
   0.0319741    -0.298252    -0.953951
   -0.903885     0.398724    -0.154957
    -13.4886      2.47147     -7.60411
    0.535259     0.813694    -0.226716
   0.0436207    -0.294671    -0.954603
   -0.843561      0.50107    -0.193219
    -12.6269      2.49133     -9.38766
    0.616113     0.756088    -0.220762
