  -0.0333722     0.999411  -0.00804367
   -0.999378   -0.0334604   -0.0110928
  -0.0113554   0.00766848     0.999906
           0            0            0
    0.120113     0.992757  -0.00246368
   -0.992661     0.120066   -0.0143968
  -0.0139967   0.00417485     0.999893
    -0.12104    -0.445438    0.0866742
    0.212625     0.977117   0.00572515
    -0.97682     0.212701   -0.0241147
  -0.0247807 -0.000465048     0.999693
   -0.047627    -0.860851    0.0760373
     0.30426     0.952555   0.00810174
   -0.952324     0.304365   -0.0209934
  -0.0224633  -0.00132802     0.999747
  -0.0516083     -1.04977   -0.0520502
    0.421555     0.906789   0.00495431
    -0.90655      0.42156    -0.021295
  -0.0213986    0.0044857     0.999761
   0.0545113      -1.2165   -0.0918794
    0.548728     0.835882    0.0141194
   -0.835517     0.548907   -0.0247493
  -0.0284377    0.0017836     0.999594
    0.136785     -1.48591    -0.145707
    0.625696     0.779647    0.0255703
   -0.779358     0.626189    -0.022107
  -0.0332475  -0.00609612     0.999429
    0.336547      -1.7147    -0.147334
     0.70987     0.703405    0.0361341
   -0.702178     0.710776   -0.0417432
  -0.0550457   0.00425967     0.998475
    0.451788     -2.03452     -0.24233
    0.794662     0.605792    0.0391104
   -0.603727     0.795401   -0.0533913
  -0.0634525     0.018816     0.997807
    0.650675     -2.36872    -0.140578
    0.842049     0.538033    0.0383899
    -0.53494     0.842103   -0.0685715
   -0.069222    0.0372042     0.996907
    0.855801     -2.60964    -0.193636
    0.914292     0.403164    0.0390954
   -0.400906     0.914482   -0.0547502
  -0.0578253    0.0343841     0.997734
     1.13618     -2.84672    -0.313319
    0.950558     0.306715    0.0486339
   -0.304194     0.951138   -0.0529463
   -0.062497    0.0355344     0.997412
     1.41125     -2.94805    -0.354009
    0.985972     0.156038    0.0592487
    -0.15215     0.986198   -0.0652924
   -0.068619    0.0553618     0.996106
     1.87918     -3.07461    -0.411738
    0.995961     0.066396    0.0604472
  -0.0615339     0.994972    -0.079025
  -0.0653902    0.0749863     0.995038
     2.04032     -3.08975    -0.399688
    0.994298   -0.0704577    0.0800464
   0.0751228     0.995553   -0.0568427
  -0.0756854    0.0625318     0.995169
     2.49238     -3.18844    -0.368292
    0.977469    -0.196593    0.0768508
    0.202094     0.976725   -0.0718722
  -0.0609326    0.0857839     0.994449
     2.78179     -3.07025    -0.511503
    0.945712    -0.313898    0.0842392
    0.319525     0.945388   -0.0643866
  -0.0594279    0.0878077     0.994363
     3.14856     -3.21975    -0.579155
     0.86443     -0.49272    0.0999404
    0.499921     0.863476   -0.0669892
  -0.0532892      0.10787     0.992736
     3.47813     -3.17441    -0.676208
    0.779836    -0.616053     0.111062
    0.624005     0.779136   -0.0597173
  -0.0497432     0.115873     0.992018
     3.81834      -2.8731    -0.577047
    0.737074     -0.66585     0.115614
    0.674289     0.736052   -0.0596873
  -0.0453551     0.121951     0.991499
     4.10684     -2.62942    -0.591726
    0.641826    -0.758633     0.111959
    0.766044     0.640974   -0.0482592
  -0.0351518      0.11674      0.99254
     4.50888     -2.41156    -0.671964
    0.569788    -0.812214     0.125097
    0.821033     0.569167   -0.0442048
  -0.0352975     0.127896     0.991159
     4.73053     -1.88428    -0.551199
     0.48391    -0.866834     0.120126
    0.874783     0.482942   -0.0390052
   -0.024203     0.123959     0.991992
     5.07798     -1.58737    -0.587461
    0.361566    -0.925376     0.113793
    0.932305         0.36   -0.0347492
 -0.00880945     0.118654     0.992897
      5.3539     -1.29316    -0.508684
    0.234226     -0.96324     0.131559
    0.972177     0.231628    -0.034931
  0.00317428      0.13608     0.990693
     5.49018    -0.943121    -0.532773
   0.0735022    -0.987569     0.138943
    0.997173    0.0705928   -0.0257595
    0.015631     0.140443     0.989965
     5.58646    -0.504234    -0.518766
  -0.0307129    -0.988022     0.151226
     0.99911   -0.0347218   -0.0239396
   0.0289037     0.150356     0.988209
     5.65808    -0.101738    -0.510202
   -0.176761    -0.972613      0.15093
    0.983549    -0.180346   -0.0102979
   0.0372355     0.146627     0.988491
     5.74489     0.509635    -0.474572
   -0.289311    -0.947655     0.135092
    0.956687    -0.291028   0.00729969
   0.0323981     0.131353     0.990806
     5.60021     0.987902    -0.513014
   -0.383265    -0.916543     0.114269
    0.923256    -0.383723    0.0188357
    0.026584     0.112719     0.993271
     5.41775      1.39216    -0.389772
   -0.525071    -0.842332     0.121563
    0.850033    -0.526072    0.0263234
   0.0417779     0.117154     0.992235
     5.24099      1.88744    -0.479573
     -0.6257     -0.77149     0.115338
    0.778856     -0.62609    0.0373528
   0.0433945     0.113203     0.992624
     5.04797      2.33213    -0.396025
   -0.709803    -0.693882     0.121272
     0.70205    -0.710925    0.0413839
   0.0574998     0.114513     0.991756
     4.92732      2.65498    -0.319739
   -0.801906    -0.586595     0.113371
    0.594656    -0.801985    0.0566095
   0.0577147     0.112812     0.991939
     4.52366      3.24305     -0.23444
   -0.868784    -0.481631     0.115092
    0.489273     -0.87072    0.0495816
   0.0763327     0.099387     0.992117
     4.09646      3.44484    -0.150844
   -0.929883    -0.353925     0.100271
    0.359546    -0.932071    0.0444007
   0.0777449    0.0773393     0.993969
     3.76141      3.61828    -0.257798
   -0.967306    -0.238148     0.087199
    0.242482    -0.969208    0.0428766
    0.074303     0.062619     0.995268
     3.32328      3.87162    -0.316028
   -0.992173   -0.0936916     0.082547
   0.0986006    -0.993462     0.057541
   0.0766162    0.0652299     0.994925
     2.96634      3.94999    -0.214111
   -0.998236  0.000806186    0.0593642
  0.00272334    -0.998233    0.0593506
   0.0593071    0.0594076      0.99647
     2.43554      4.15239     -0.22432
   -0.987238      0.15181    0.0481045
   -0.147245    -0.985235    0.0873571
    0.060656    0.0791591     0.995015
     1.79452      4.16734   -0.0702669
   -0.974654     0.219875    0.0412948
   -0.216704    -0.973729    0.0699373
   0.0555874    0.0592159     0.996696
     1.11086      4.06352   -0.0412714
   -0.938294     0.345067    0.0231067
   -0.342744    -0.936737    0.0710693
   0.0461686    0.0587642     0.997204
    0.476555      3.96754    0.0595114
   -0.878654     0.477265    0.0135965
   -0.475566     -0.87735    0.0639872
   0.0424677    0.0497566     0.997858
   -0.216709      3.63903    0.0761861
   -0.818151     0.574924   0.00958554
   -0.573371     -0.81697    0.0616996
   0.0433037    0.0449835     0.998049
   -0.666947      3.25244     0.152264
   -0.780087     0.625601  -0.00930981
   -0.625076     -0.77861    0.0551931
   0.0272802    0.0488748     0.998432
    -1.26564      2.89106    0.0730498
   -0.680943      0.73187   -0.0261368
   -0.732303    -0.680136    0.0338882
  0.00702513     0.042216     0.999084
    -1.71335      2.69581    -0.129883
   -0.585461     0.810368   -0.0232288
   -0.810681    -0.585006    0.0237562
   0.0056623    0.0327395     0.999448
    -2.14309      2.32584   -0.0629456
   -0.456203     0.889458   -0.0272583
   -0.889859    -0.455794    0.0200749
  0.00543159    0.0334142     0.999427
    -2.54444      1.88451   -0.0546006
   -0.333919      0.94231   -0.0234403
   -0.942512    -0.333441    0.0220887
   0.0129985    0.0294686     0.999481
    -2.80007      1.25639     0.024181
   -0.225522     0.973068    -0.047742
   -0.974235    -0.225138    0.0133422
  0.00223432     0.049521     0.998771
    -2.92983     0.775559    0.0112348
  -0.0752215     0.995798   -0.0522373
   -0.997159   -0.0753258 -2.89649e-05
 -0.00396366    0.0520867     0.998635
    -2.98206    0.0834708    -0.111321
   0.0483101     0.996926   -0.0616857
   -0.998796    0.0476863   -0.0115463
 -0.00856921    0.0621692     0.998029
    -3.10738    -0.587236   -0.0260729
     0.19625     0.978494   -0.0635299
   -0.980325     0.194392   -0.0342744
  -0.0211876    0.0690063     0.997391
    -3.05899     -1.39244    -0.067113
    0.294649     0.954178   -0.0522176
   -0.955366      0.29291   -0.0384655
  -0.0214078    0.0612207     0.997895
    -2.92511     -1.90397    -0.181118
    0.402169     0.914442   -0.0453409
   -0.915063     0.399814   -0.0529984
   -0.030336    0.0628041     0.997565
    -2.69142     -2.49512    -0.132886
    0.530685     0.846892   -0.0338691
   -0.846846     0.528158    -0.062457
  -0.0350061    0.0618269     0.997473
    -2.44752     -3.13552    -0.224255
    0.634527     0.772622   -0.0207566
   -0.771926     0.632151   -0.0671905
  -0.0387915    0.0586567     0.997524
    -2.06542      -3.7307    -0.323503
    0.713609     0.700406   -0.0139465
   -0.698359     0.709671     -0.09307
  -0.0552893    0.0761552     0.995562
    -1.63932     -4.34665    -0.283642
    0.769231     0.638966  -0.00255383
   -0.635879      0.76511    -0.101313
  -0.0627814    0.0795568     0.994851
    -1.17146     -4.80275    -0.288962
    0.846256     0.532714   0.00810411
   -0.528323     0.841048    -0.116246
   -0.068742    0.0940926     0.993187
   -0.584171     -5.21628     -0.37118
    0.915688     0.401597    0.0153641
   -0.397442     0.910563    -0.113645
  -0.0596294    0.0979568     0.993403
   0.0360896     -5.71556    -0.490288
    0.969117     0.245379    0.0245045
   -0.241082     0.963648    -0.115156
  -0.0518706     0.105692     0.993045
    0.582899     -5.86627    -0.599429
    0.987102     0.151891    0.0505803
   -0.144456     0.981258    -0.127537
  -0.0690041     0.118586     0.990543
     1.39441     -6.06486    -0.652155
    0.997539    0.0362141    0.0600317
  -0.0282048     0.991208    -0.129271
  -0.0641853      0.12726      0.98979
     1.96982     -6.20352    -0.761937
    0.992882   -0.0890952    0.0790397
   0.0992456     0.985795    -0.135496
  -0.0658448     0.142376      0.98762
     2.58924     -6.21985    -0.763664
    0.975463    -0.204928    0.0804732
    0.214351     0.967427    -0.134682
  -0.0502518     0.148627     0.987616
     3.40288     -6.13159    -0.803905
    0.933065    -0.346797    0.0955087
    0.356826     0.925911    -0.123948
  -0.0454477     0.149732     0.987682
     4.09628     -5.86927    -0.891311
    0.890343    -0.441526     0.111106
    0.453182     0.882886    -0.123041
  -0.0437682     0.159899     0.986163
     4.87837     -5.74556    -0.975166
    0.802877     -0.57936     0.140465
    0.594743     0.794587    -0.122116
  -0.0408623     0.181585     0.982526
       5.589     -5.29526    -0.910074
    0.717845    -0.679801     0.150228
    0.694892     0.712848   -0.0947241
  -0.0426961     0.172389     0.984103
     6.14565     -4.75798     -1.05209
    0.633039    -0.757188      0.16102
    0.772868     0.630019   -0.0758437
  -0.0440175     0.172459     0.984033
     6.66358     -4.27328     -1.11091
    0.554314    -0.816047     0.163721
    0.831241     0.552742   -0.0592781
  -0.0421216      0.16895     0.984724
     7.19301      -3.6805     -1.07538
     0.43659     -0.88468     0.163497
    0.899488     0.432797   -0.0600672
  -0.0176206     0.173288     0.984714
     7.72172     -3.06583     -1.09568
    0.293844    -0.938591      0.18084
    0.955821     0.290079    -0.047538
 -0.00783923      0.18682     0.982363
      8.1824     -2.23835    -0.993396
    0.215214    -0.958479     0.187086
    0.976493     0.208859   -0.0532792
   0.0119925     0.194154     0.980898
     8.39497     -1.52134    -0.981134
    0.066018    -0.978827     0.193753
    0.997556    0.0602877   -0.0353307
   0.0229017     0.195612     0.980414
     8.62315     -0.75474     -1.08727
  -0.0649464    -0.977753     0.199453
    0.997349   -0.0701772   -0.0192612
   0.0328298     0.197674     0.979718
     8.70402    0.0266778     -1.05877
   -0.189622    -0.963191     0.190543
    0.981403    -0.191835     0.006934
   0.0298741     0.188314     0.981654
     8.64097     0.995199     -0.83477
   -0.267373    -0.944349     0.191616
    0.963083    -0.268364    0.0212551
   0.0313507     0.190225      0.98124
     8.52738      1.77939    -0.846482
    -0.37594    -0.907873     0.185567
    0.925976     -0.37566     0.038047
   0.0351681     0.186134     0.981895
     8.33339      2.55117    -0.884062
   -0.517843    -0.836253     0.180334
    0.854534    -0.515538    0.0631823
    0.040133      0.18682     0.981574
     7.93253      3.39167    -0.866567
   -0.573463    -0.800426     0.174522
    0.818608    -0.568181     0.083969
   0.0319489     0.191018     0.981066
       7.405      4.22913    -0.817506
   -0.710286    -0.687502     0.151113
    0.702127    -0.707249    0.0825609
   0.0501136     0.164742     0.985063
     7.03043      4.83595     -0.74621
   -0.787826    -0.599994     0.139057
    0.614329    -0.781635     0.107923
   0.0439387     0.170451     0.984386
     6.36981       5.4304    -0.628019
   -0.844999    -0.516655        0.138
    0.531106    -0.840934     0.103713
   0.0624652      0.16093     0.984987
     5.56926      6.00305    -0.634132
   -0.915173    -0.382106     0.128272
    0.395795    -0.912109     0.106785
   0.0761951     0.148497     0.985973
     4.85002      6.49291    -0.534587
   -0.966179    -0.234383     0.107529
    0.245682    -0.963349     0.107695
   0.0783464     0.130471     0.988352
     4.08612       6.8343    -0.579176
   -0.994049   -0.0738206    0.0801066
   0.0834297    -0.988753     0.124121
    0.070043     0.130066     0.989028
     3.37005      7.06528    -0.411361
   -0.997797    0.0340286    0.0569425
  -0.0265409    -0.991491     0.127439
   0.0607945     0.125647     0.990211
     2.32522      7.05434    -0.475185
   -0.986579      0.15821    0.0404042
   -0.151518    -0.979239     0.134657
   0.0608694     0.126727     0.990068
     1.39272      7.04755    -0.322554
   -0.975536     0.219086    0.0181938
   -0.215277    -0.968784     0.122936
   0.0445595     0.116012     0.992248
     0.43924        6.916    -0.206687
   -0.936554     0.350523 -5.45429e-05
   -0.347881    -0.929477     0.122681
   0.0429519     0.114917     0.992446
   -0.557671      6.76056    -0.231346
   -0.884135     0.466835   -0.0192537
    -0.46542    -0.876333     0.124199
   0.0411077      0.11877     0.992071
     -1.6223      6.37561    -0.344103
   -0.837446     0.546017   -0.0234501
   -0.545259    -0.831828     0.103707
   0.0371192    0.0996351     0.994331
    -2.44555      5.75079    -0.203828
    -0.74174     0.669479   -0.0402572
   -0.669923    -0.736691    0.0921367
   0.0320265    0.0953106     0.994932
    -3.18967      5.29931    -0.239902
   -0.688212     0.722494   -0.0660819
   -0.725274    -0.682806    0.0880558
   0.0184986     0.108529     0.993921
    -3.97764      4.72045    -0.235917
   -0.583912     0.808833   -0.0695322
   -0.811752    -0.580637     0.062607
   0.0102657    0.0929999     0.995613
    -4.63932      3.97306    -0.275197
   -0.423707     0.902053   -0.0822926
    -0.90572    -0.420719    0.0516366
   0.0119569    0.0964129      0.99527
    -5.31692      3.13965    -0.236686
   -0.318296     0.944312   -0.0834417
   -0.947965    -0.316404    0.0353589
   0.0069886    0.0903544     0.995885
    -5.60438       2.2625    -0.326575
   -0.204452      0.97421   -0.0954649
   -0.978831    -0.204414    0.0102848
 -0.00949479    0.0955467      0.99538
    -5.92658      1.34915    -0.231931
  -0.0668247     0.992829   -0.0991177
   -0.997748    -0.067076  0.000799023
 -0.00585512    0.0989478     0.995075
    -6.01812     0.229213    -0.232397
   0.0516911     0.993258    -0.103767
   -0.998642    0.0507342   -0.0118414
 -0.00649703     0.104238     0.994531
    -6.07818    -0.816551    -0.337901
    0.173374     0.978426    -0.112359
   -0.984291      0.16828   -0.0534114
  -0.0333513     0.119854     0.992231
    -6.03934     -1.80065    -0.271269
    0.280799     0.953303    -0.111195
   -0.959498     0.276088    -0.056032
  -0.0227157     0.122425     0.992218
    -5.85446     -2.79874    -0.534429
    0.429717     0.897887   -0.0956146
   -0.902332     0.423044   -0.0826425
  -0.0337544     0.121789     0.991982
    -5.50416     -3.77644    -0.333706
     0.51581     0.852469   -0.0850657
   -0.855804     0.508176   -0.0967296
  -0.0392307     0.122694     0.991669
    -5.01356     -4.73365    -0.476936
    0.619139     0.782481   -0.0662638
    -0.78379     0.610562    -0.113517
  -0.0483667      0.12222     0.991324
    -4.42746     -5.58909    -0.616917
     0.72014     0.691677   -0.0545989
    -0.69159     0.709275    -0.136501
  -0.0556888      0.13606     0.989134
    -3.74134     -6.41967    -0.687382
      0.7805     0.623811   -0.0409739
   -0.621913     0.768116    -0.152388
  -0.0635887     0.144421     0.987471
    -3.02009     -7.08471    -0.825815
    0.862994     0.504232   -0.0314729
   -0.501957     0.848704    -0.166556
  -0.0572715     0.159535      0.98553
    -2.19945     -7.79521    -0.894301
    0.921647     0.387759   -0.0144526
   -0.384513     0.907662    -0.168224
  -0.0521124       0.1606     0.985643
    -1.17208     -8.42904    -0.912398
    0.958406     0.285327   0.00677926
   -0.279251     0.942373     -0.18426
  -0.0589631     0.174703     0.982854
   -0.169181     -8.77285    -0.998635
    0.989888     0.137524     0.034777
   -0.129036     0.974803    -0.181956
  -0.0589241     0.175628     0.982692
    0.779196     -9.09527     -1.21085
    0.997763   0.00306272    0.0667836
  0.00930311      0.98287    -0.184065
  -0.0662033     0.184275     0.980643
      1.8785     -9.25714     -1.24313
     0.99079    -0.111337    0.0770606
    0.124525     0.972736    -0.195649
  -0.0531765     0.203443     0.977642
     2.97896     -9.24171     -1.25124
    0.961339     -0.25817    0.0957932
    0.271829     0.945307    -0.180288
  -0.0440093     0.199357     0.978938
     4.12963     -9.05622      -1.3482
    0.921243    -0.369359     0.122006
    0.386301     0.905511    -0.175557
   -0.045634     0.208861      0.97688
     5.15976     -8.71133     -1.47804
    0.870255    -0.470658     0.145391
    0.490221     0.856453    -0.161774
    -0.04838     0.212059     0.976059
     6.25164     -8.45528     -1.53621
    0.811815    -0.559328     0.167654
    0.582592     0.795185     -0.16813
  -0.0392763     0.234164     0.971403
      7.2224     -7.79174      -1.5684
    0.736458    -0.651382     0.182567
     0.67559      0.72206    -0.149023
  -0.0347541     0.233089     0.971834
     8.10765      -7.0493     -1.67612
    0.637447    -0.744294     0.199215
    0.769769     0.626402    -0.122784
   -0.033401     0.231618     0.972233
     8.98131     -6.30599     -1.69691
    0.548154    -0.809119     0.211786
    0.835952     0.538095    -0.107879
  -0.0266743     0.236177     0.971344
     9.75246     -5.36387     -1.76378
    0.461324    -0.859262     0.221018
    0.887109     0.450866   -0.0987841
  -0.0147682     0.241639     0.970254
     10.5078     -4.29215      -1.7241
    0.333633    -0.911747     0.239595
    0.942657     0.325171   -0.0752429
 -0.00930688      0.25096     0.967953
      10.895     -3.23509     -1.62738
     0.18983    -0.950629     0.245496
    0.981687     0.179713   -0.0631915
   0.0159529     0.252996     0.967336
      11.287     -2.05405     -1.58677
   0.0988517    -0.964736     0.243951
    0.994982    0.0920194   -0.0392751
   0.0154419     0.246609     0.968992
     11.5904    -0.906966     -1.56908
  -0.0485733    -0.966688     0.251308
    0.998167   -0.0560736   -0.0227667
      0.0361     0.249742     0.967639
     11.7145     0.228965     -1.61524
   -0.128419    -0.956178     0.263119
     0.99136    -0.130916   0.00809426
   0.0267069     0.261885      0.96473
     11.5998      1.50525      -1.5115
   -0.291768    -0.923874     0.247645
    0.955645    -0.292448    0.0348916
    0.040188     0.246841     0.968222
     11.4501       2.6037     -1.52051
   -0.370389    -0.895597     0.246408
    0.928404    -0.365397    0.0674598
     0.02962     0.253753     0.966815
     11.0655      3.71961     -1.41926
   -0.498611    -0.835006     0.232705
    0.865829    -0.492627    0.0875135
   0.0415627     0.245118     0.968602
     10.5679      4.81196     -1.37844
    -0.59097    -0.777949     0.213425
    0.805759    -0.581987     0.109746
   0.0388337     0.236825     0.970776
      9.7875      5.93956     -1.41375
   -0.715822    -0.672962     0.186335
    0.696677    -0.706367     0.125247
   0.0473343      0.21947      0.97447
     9.16037      6.86149      -1.3321
   -0.769978    -0.609422     0.189047
    0.635671    -0.758312     0.144519
   0.0552831     0.231448     0.971275
     8.19135      7.76835     -1.30501
   -0.860051    -0.482561     0.165673
    0.506066    -0.848134     0.156733
   0.0648796      0.21864     0.973646
     7.21682      8.66377     -1.17776
   -0.922314    -0.357714     0.146209
    0.379596    -0.909525     0.169327
   0.0724099     0.211673     0.974655
     6.07778      9.22614     -1.18092
   -0.971717    -0.200721      0.12441
    0.219656     -0.96168     0.164082
   0.0867081     0.186769      0.97857
     4.84646      9.79922     -1.01876
   -0.992548   -0.0724442    0.0979821
   0.0891852    -0.979796     0.179012
   0.0830341     0.186416     0.978956
     3.70522      9.93514     -0.84658
   -0.997994   0.00395984    0.0631859
  0.00797599    -0.982226     0.187533
   0.0628055     0.187661     0.980224
     2.25734      10.0984    -0.898081
   -0.987138     0.157091    0.0296768
   -0.148699    -0.970376     0.190416
   0.0587104     0.183554     0.981255
     1.01125      10.1185    -0.897874
   -0.970357     0.241589  -0.00655426
   -0.238435    -0.952558     0.189162
    0.039456     0.185117     0.981924
   -0.343634        9.864    -0.819265
   -0.935881     0.351792   -0.0192155
   -0.348991    -0.918191     0.187431
   0.0482931     0.182119      0.98209
    -1.64531      9.56287    -0.788958
   -0.880877     0.471951   -0.0362946
   -0.470449    -0.864444     0.177243
   0.0522752     0.173204     0.983498
    -2.90398      9.05781    -0.745619
   -0.818073      0.57186   -0.0610911
   -0.573293    -0.802425     0.165678
   0.0457238      0.17056     0.984286
      -4.118      8.32923    -0.638107
   -0.779704     0.620291   -0.0854439
   -0.625688    -0.766616      0.14427
   0.0239868     0.165949     0.985842
    -5.30774      7.51286    -0.635872
   -0.678641     0.726393    -0.108624
   -0.734295    -0.667791     0.121925
   0.0160273     0.162506     0.986577
    -6.22705      6.62155    -0.606247
   -0.565371     0.816089    -0.119809
   -0.824785    -0.557709    0.0932275
  0.00926361     0.151524      0.98841
    -7.17727      5.68642     -0.56895
   -0.436109     0.889611    -0.135649
   -0.899862    -0.429843    0.0740555
  0.00757281     0.154362     0.987985
     -7.9903      4.45008    -0.600809
   -0.342767     0.925879    -0.158933
   -0.939416    -0.337277    0.0611762
  0.00303714     0.170274     0.985392
    -8.51406        3.342    -0.635505
   -0.202415     0.964951    -0.167024
   -0.979294    -0.200027    0.0311799
 -0.00332226     0.169877      0.98546
    -8.89014      2.03293    -0.670001
  -0.0746061     0.983487    -0.164886
   -0.997213   -0.0736947    0.0116464
-0.000697142     0.165295     0.986244
    -9.02407     0.552088     -0.70009
   0.0849857     0.983797    -0.157866
   -0.996382    0.0837635   -0.0143919
-0.000935289     0.158518     0.987356
    -9.15222    -0.796693    -0.759416
    0.196966     0.965729    -0.169032
   -0.980077     0.189454   -0.0596398
   -0.025572     0.177412     0.983804
    -8.88489       -2.235    -0.793287
    0.300847     0.939263    -0.165155
   -0.953345      0.29166   -0.0778948
  -0.0249945     0.180885     0.983187
    -8.67071     -3.63826    -0.902699
    0.422251      0.89345    -0.153141
    -0.90576     0.409124    -0.110527
  -0.0360967      0.18538     0.982004
    -8.19881      -4.9783    -0.899127
    0.530205     0.836706    -0.137131
   -0.847105     0.515889     -0.12756
  -0.0359861     0.183798     0.982305
    -7.48451     -6.27451    -0.993963
    0.614946     0.779359    -0.120168
   -0.787323      0.59824    -0.149105
  -0.0443173     0.186303     0.981492
    -6.77911      -7.4214     -1.09491
    0.689395     0.715421    -0.113611
   -0.722801     0.669007    -0.173172
  -0.0478841     0.201502     0.978317
    -5.91489     -8.57716     -1.27864
    0.795605     0.600099   -0.0830298
   -0.603086      0.77155    -0.202478
  -0.0574453     0.211167     0.975761
    -4.85228     -9.50516     -1.33916
    0.870854     0.488568   -0.0539803
   -0.487896     0.845817    -0.215758
  -0.0597549      0.21423     0.974954
    -3.62606     -10.3489     -1.51257
    0.939495     0.340626   -0.0363662
   -0.339336     0.910857    -0.234927
  -0.0468976     0.233053     0.971333
    -2.42993     -11.1583     -1.44455
    0.970014     0.242875   -0.0092429
   -0.237548     0.939322    -0.247479
  -0.0514244     0.242254     0.968849
    -1.05552     -11.6128     -1.51592
    0.987929     0.152939    0.0246164
   -0.142231     0.958515    -0.247022
  -0.0613746     0.240539     0.968697
    0.360423     -11.9518     -1.73073
    0.997238   -0.0274491    0.0690096
   0.0440436     0.966742    -0.251933
  -0.0597991     0.254276     0.965281
     1.81647     -12.2518     -1.92063
    0.990464   -0.0974126    0.0974214
    0.120121     0.956892    -0.264441
  -0.0674619     0.273622     0.959469
     3.31777     -12.1229      -1.9027
    0.965325    -0.233097     0.117532
    0.255699     0.934981    -0.245821
  -0.0525896      0.26735     0.962163
     4.89188     -11.9519     -2.02837
    0.921475    -0.357117     0.152811
    0.384817     0.892865    -0.233895
  -0.0529116     0.274333     0.960178
     6.24771     -11.5557     -2.24656
    0.875544    -0.453034     0.167876
     0.48116      0.84904    -0.218212
   -0.043676      0.27183     0.961354
     7.66771     -10.9745     -2.32668
    0.803089    -0.563416     0.193935
     0.59487     0.776851    -0.206476
  -0.0343264     0.281185     0.959039
     8.99279     -10.1449     -2.53313
    0.732865    -0.640394     0.229791
    0.679245     0.708107      -0.1929
  -0.0391845     0.297455     0.953932
     10.2037     -9.30748     -2.46571
    0.650512    -0.719121     0.244333
     0.75897     0.627476    -0.173893
  -0.0282631     0.298561     0.953972
     11.2346     -8.17803     -2.48816
    0.551037    -0.791968     0.262954
    0.834099     0.532255    -0.144856
  -0.0252369     0.299151     0.953872
      12.207     -6.98519     -2.60192
     0.47515    -0.835995      0.27449
    0.879609     0.459371    -0.123555
  -0.0228009     0.300151     0.953619
     13.0799     -5.62001     -2.61672
    0.375916    -0.881317     0.286301
     0.92656     0.361894    -0.102568
  -0.0132155     0.303832     0.952634
     13.7692     -4.20989     -2.51629
    0.236819    -0.923891     0.300568
    0.971519     0.227803   -0.0652402
 -0.00819551     0.307458     0.951526
     14.1584     -2.67719     -2.50487
   0.0974344    -0.947775     0.303691
    0.995031    0.0864797    -0.049349
   0.0205087      0.30699     0.951492
     14.5395       -1.215     -2.52237
  -0.0455787    -0.949412     0.310707
    0.998591   -0.0517621   -0.0116801
   0.0271721     0.309737     0.950434
     14.6797     0.351939     -2.51761
   -0.160829    -0.935253     0.315335
    0.986656    -0.160563     0.027004
   0.0253757     0.315471     0.948596
     14.4607      1.86044     -2.43515
   -0.323543    -0.896016     0.304096
    0.944577    -0.324744    0.0481263
   0.0556316     0.302813     0.951425
     14.2733      3.45376     -2.36825
   -0.401153    -0.868472     0.291262
    0.915248    -0.392991    0.0887617
   0.0373762     0.302184     0.952517
     13.6797       4.7817      -2.3362
   -0.520117    -0.806541     0.281017
    0.852797    -0.508544     0.118827
   0.0470703     0.301454     0.952318
     13.0271      6.36037      -2.3121
    -0.61493    -0.747967     0.249813
    0.787723    -0.597402     0.150343
    0.036787     0.289234     0.956551
     12.2035      7.71544     -2.19048
   -0.690923    -0.681735     0.240549
    0.721313    -0.672328     0.166381
   0.0482996     0.288468     0.956271
     11.1357      9.11932      -2.1196
    -0.80615    -0.549768     0.218809
    0.587962    -0.785823     0.191789
   0.0665057     0.283262     0.956734
     9.98611      10.3007      -2.1245
    -0.86915     -0.45617     0.191017
    0.489458    -0.848724     0.200244
   0.0707753     0.267537     0.960945
     8.66596      11.1881     -1.93289
   -0.920437    -0.357337     0.158449
     0.38594    -0.895079     0.223345
   0.0620146     0.266727     0.961775
      7.1114      12.0287     -1.79906
   -0.965006    -0.225697     0.133506
    0.251158    -0.941876     0.223136
   0.0753849     0.248859     0.965602
     5.49533      12.6863     -1.73658
   -0.990495   -0.0959439    0.0985631
    0.117376    -0.963153     0.241989
   0.0717141     0.251258      0.96526
     3.98617      12.8656     -1.65609
   -0.998329  -0.00628853    0.0574385
   0.0201547    -0.969526     0.244159
   0.0541527     0.244908     0.968033
     2.29632      13.1697      -1.5531
   -0.990637     0.134428    0.0238133
   -0.124484    -0.961061      0.24671
   0.0560508     0.241436     0.968797
    0.709275      13.0335     -1.54144
   -0.959325     0.281739   -0.0178785
   -0.277222    -0.928195     0.248197
    0.053332     0.243058     0.968545
    -1.02206      12.7962      -1.5155
   -0.934958     0.352119   -0.0431921
   -0.351752    -0.904325     0.241799
   0.0460822     0.241265     0.969365
    -2.75038      12.2422     -1.43889
   -0.882706     0.465112   -0.0670903
   -0.467308    -0.853749     0.229641
   0.0495307     0.234058      0.97096
    -4.32213      11.5691     -1.42064
   -0.830721     0.548113   -0.0973431
   -0.555244    -0.803207     0.215782
    0.040086     0.233303     0.971577
    -5.82268      10.8079     -1.27887
   -0.759874     0.638972    -0.119605
   -0.649266    -0.736833     0.188494
   0.0323139     0.220887     0.974764
    -7.27769      9.74719     -1.17927
   -0.653273      0.74136    -0.153683
   -0.756691     -0.63246      0.16557
   0.0255486     0.224453      0.97415
    -8.44476      8.59223     -1.26211
   -0.560372     0.810171    -0.172062
    -0.82823    -0.547097     0.121324
  0.00415871     0.210494     0.977586
    -9.67427      7.23221     -1.20841
   -0.463679     0.865121    -0.191228
   -0.885999    -0.452084     0.103084
  0.00272887     0.217225     0.976118
    -10.6914      5.92659     -1.19727
   -0.322039     0.921944    -0.215198
   -0.946618    -0.310126    0.0879591
   0.0143549     0.232037     0.972601
    -11.2478      4.30747     -1.27423
   -0.219432     0.949166    -0.225687
   -0.975628    -0.213582     0.050329
-0.000432159      0.23123     0.972899
    -11.7558      2.62817     -1.30382
  -0.0913891     0.969744    -0.226372
   -0.995766   -0.0912491    0.0111051
 -0.00988717     0.226429     0.973978
    -11.9254     0.680994     -1.32236
   0.0454736     0.974889    -0.217999
   -0.998946    0.0430014   -0.0160739
   -0.006296       0.2185     0.975817
    -12.1133     -1.05685      -1.3397
    0.197265      0.95293    -0.230241
   -0.980253     0.188422   -0.0600087
  -0.0138016     0.237532     0.971282
    -11.8471     -2.86134     -1.36143
     0.32108     0.920836    -0.221289
   -0.946955     0.308816   -0.0889306
  -0.0135531     0.238104     0.971145
    -11.5253     -4.55472     -1.52192
    0.413146     0.887493    -0.204122
   -0.909639     0.391544    -0.138749
  -0.0432156     0.243001     0.969063
    -10.9227     -6.33131     -1.49921
    0.507663      0.84249    -0.180247
   -0.859805     0.482087    -0.168309
  -0.0549036     0.240421     0.969115
    -10.1348     -7.73961     -1.62534
     0.61301     0.770317    -0.175585
   -0.788485     0.582386    -0.197784
  -0.0500981     0.259689     0.964392
    -9.17988     -9.31879     -1.74311
    0.716027      0.68198    -0.149026
   -0.696436     0.683269    -0.219364
  -0.0477768     0.260858     0.964194
    -8.02375      -10.774     -1.86908
    0.806182     0.581915    -0.106983
   -0.588055     0.768103    -0.253397
  -0.0652814     0.267196     0.961429
    -6.68029     -11.9201      -2.1019
    0.857956     0.507263   -0.0812089
   -0.509599     0.820381    -0.259391
  -0.0649569      0.26393     0.962352
    -5.10726     -12.9049     -2.15474
    0.916559     0.397006   -0.0480324
    -0.39437      0.87743     -0.27311
  -0.0662811     0.269264     0.960783
     -3.4973     -13.8068     -2.33383
    0.969751     0.243457   -0.0176487
   -0.237991     0.926952    -0.290035
  -0.0542515     0.285462     0.956853
    -1.89619     -14.4821     -2.49052
    0.991371     0.129925    0.0174343
    -0.11878     0.946564    -0.299848
  -0.0554604     0.295189     0.953828
   -0.079008     -14.8909     -2.49804
    0.998081  -0.00243854    0.0618726
    0.021147      0.95257    -0.303584
  -0.0581977      0.30431     0.950794
     1.88881     -15.0479      -2.7003
    0.992379   -0.0646451     0.104901
   0.0952327     0.942607    -0.320036
  -0.0781916     0.327587      0.94158
     3.64339     -15.0292     -2.74023
    0.968722    -0.208628      0.13436
    0.241092     0.919487    -0.310513
  -0.0587606     0.333194     0.941025
     5.54672     -14.7701     -2.93107
    0.922235    -0.344415     0.175671
    0.382725     0.877653    -0.288524
  -0.0548067     0.333321     0.941219
     7.28992     -14.2645     -3.16658
    0.882574    -0.422378     0.206541
    0.465636     0.846083    -0.259473
  -0.0651555     0.325177     0.943406
     8.97833     -13.4473     -3.34424
    0.805308    -0.544833     0.233745
    0.591221     0.767304    -0.248401
  -0.0440165     0.338234     0.940032
     10.7307     -12.4686     -3.47155
    0.717945    -0.645613     0.260267
    0.695691       0.6783    -0.236479
  -0.0238653     0.350845      0.93613
     12.1612     -11.5104     -3.63201
    0.641668    -0.711761      0.28576
    0.766586     0.607138    -0.209115
  -0.0246554     0.353242     0.935207
     13.4512     -10.1694     -3.58985
    0.563095    -0.767494     0.306394
    0.826277     0.529068    -0.193268
  -0.0137711     0.361994     0.932079
      14.713     -8.58178      -3.5606
    0.460216    -0.828584     0.318826
    0.887716     0.434608    -0.151907
  -0.0126966     0.352938     0.935561
     15.6905     -7.10554     -3.49983
    0.365252    -0.867196     0.338469
    0.930796     0.345873    -0.118284
  -0.0144915     0.358249     0.933514
     16.4875     -5.27704     -3.45835
    0.229877    -0.901454     0.366794
    0.973218     0.212243   -0.0883133
  0.00176074     0.377272     0.926101
     17.0267     -3.26309      -3.4295
   0.0623725    -0.928781     0.365343
    0.997608    0.0470927    -0.050595
   0.0297867     0.367625     0.929497
     17.3939     -1.49013     -3.63498
  -0.0190943    -0.928469     0.370919
    0.999722   -0.0228735  -0.00579174
   0.0138616     0.370705     0.928647
     17.5102     0.458932     -3.55706
   -0.151478    -0.918384     0.365547
     0.98834    -0.146507    0.0414777
   0.0154629     0.367568     0.929868
     17.3893      2.41921     -3.47457
   -0.267033    -0.895612     0.355771
    0.963461    -0.256115    0.0784103
   0.0208932     0.363709     0.931278
     16.9726      4.32675     -3.40162
   -0.411664    -0.845075     0.341146
    0.910779     -0.39458     0.121604
   0.0318451     0.360768     0.932112
       16.31      6.06557     -3.41166
   -0.534956    -0.781458     0.321163
     0.84376     -0.51371     0.155471
   0.0434902     0.354154     0.934175
     15.3568      7.88429     -3.32545
   -0.623627    -0.723368     0.296357
    0.780556    -0.596914     0.185544
   0.0426833     0.347034     0.936881
     14.4297      9.51674     -3.25094
   -0.714565    -0.638988     0.284767
    0.696903    -0.685701     0.210094
   0.0610172     0.348581     0.935291
     13.1328      11.2916     -3.13494
   -0.791707     -0.55384     0.257803
     0.60717    -0.759943     0.232014
   0.0674169     0.340217     0.937927
     11.7118      12.6366     -2.96224
   -0.870084    -0.438661     0.224789
    0.487389    -0.833694     0.259625
    0.073518     0.335456     0.939183
      10.107       13.715     -2.88703
   -0.926687    -0.331761     0.176594
     0.37038    -0.885901     0.279282
   0.0637903     0.324214     0.943831
     8.19786      14.7866     -2.73186
   -0.968893    -0.204204     0.139814
    0.237859    -0.924382     0.298231
    0.068341      0.32221     0.944198
      6.2463      15.4853     -2.53242
   -0.983388    -0.147192     0.106222
    0.173444    -0.934544     0.310717
   0.0535344     0.323979     0.944548
     4.21811      15.7726     -2.37197
   -0.997971    0.0130635    0.0623226
  0.00687721    -0.950893     0.309442
   0.0633045     0.309243     0.948874
     2.19431      16.0827     -2.37712
   -0.987266     0.158522    0.0132984
   -0.146648    -0.939328     0.310092
   0.0616479     0.304193     0.950614
    0.360102      16.0809      -2.3716
   -0.962445     0.268146    -0.042394
   -0.268103    -0.914283     0.303656
   0.0426639     0.303618     0.951838
    -1.86445      15.5671     -2.26783
    -0.93249     0.355018   -0.0665136
   -0.358203    -0.885302     0.296533
   0.0463897     0.300339     0.952704
    -3.69507      15.1071      -2.2788
   -0.893429       0.4378    -0.100582
    -0.44755    -0.848328      0.28291
   0.0385314     0.297776     0.953858
    -5.60949       14.221     -2.33075
   -0.821375     0.555605    -0.129019
   -0.568773    -0.780812     0.258514
   0.0428917     0.285719     0.957353
    -7.39236      13.2339     -2.14837
   -0.722813     0.670012     -0.16919
   -0.689709     -0.68425     0.236861
   0.0429318     0.287898     0.956698
    -9.15434       12.027     -1.95856
   -0.673157     0.714061    -0.192295
    -0.73912    -0.641337     0.205883
   0.0236874      0.28072     0.959497
    -10.6627      10.6281     -2.06165
   -0.600623     0.768827    -0.219447
   -0.799493     -0.58023     0.155381
 -0.00786893     0.268772     0.963172
    -12.1389      8.96002     -2.22559
   -0.476339     0.843909    -0.246816
   -0.879259    -0.456485     0.136107
  0.00219392     0.281848     0.959457
    -13.2001      7.23174     -2.13913
   -0.357279     0.892391    -0.275664
   -0.933996    -0.341962     0.103507
  -0.0018984      0.29445     0.955665
    -14.0909      5.32098     -2.06689
   -0.209518     0.935513     -0.28446
   -0.977765    -0.203081    0.0522913
 -0.00884917     0.289091     0.957261
    -14.6945      3.25177     -2.07162
  -0.0722966     0.953984    -0.291011
   -0.997382   -0.0696766    0.0193701
 -0.00179789      0.29165     0.956523
    -14.8885      1.02612     -2.04249
   0.0328069       0.9592    -0.280817
   -0.999404    0.0284696   -0.0195119
  -0.0107211      0.28129     0.959563
    -15.0204      -1.2255     -2.14591
    0.181632     0.940229    -0.288061
   -0.983136      0.16728   -0.0738979
  -0.0212941     0.296626     0.954756
    -14.8039     -3.44103     -2.17813
    0.302938     0.912815    -0.273855
   -0.952655     0.282205    -0.113178
  -0.0260271     0.295175     0.955089
     -14.293     -5.53891     -2.23454
    0.417906     0.871873    -0.255326
   -0.907857     0.390295    -0.153185
  -0.0339053     0.295816     0.954643
     -13.564     -7.47174     -2.44012
    0.527054     0.819391    -0.225416
   -0.848594      0.49312    -0.191627
  -0.0458606     0.292285     0.955231
    -12.7181     -9.26204      -2.4633
    0.608404     0.762618    -0.219679
