  -0.0449418    -0.998639    0.0264599
   -0.998953    0.0451499   0.00732105
 -0.00850575   -0.0261032    -0.999623
           0            0            0
   0.0254563    -0.999495     0.019037
   -0.994975   -0.0271767    -0.096369
   0.0968376   -0.0164882    -0.995164
 -0.00372141     -5.44802     0.211797
     0.11804    -0.992342    0.0363898
   -0.973357     -0.12288     -0.19359
    0.196579    -0.012569    -0.980407
    0.331809     -10.7663      1.29616
    0.154464    -0.986883    0.0469309
    -0.93639    -0.161382    -0.311656
    0.315142   0.00419411    -0.949035
     1.18117     -15.9405      2.56105
    0.224779    -0.972492     0.061103
   -0.883103    -0.229819    -0.409038
    0.411828    0.0379829    -0.910469
     2.10089     -20.8948      4.59128
    0.246188    -0.965721    0.0823034
   -0.820865    -0.252902    -0.512075
    0.515336    0.0585066    -0.854989
     3.47163     -25.5814       7.1165
    0.292226    -0.949626     0.113197
   -0.739463    -0.299425    -0.602942
    0.606464    0.0924903    -0.789714
     4.97621     -29.9083      9.98912
    0.327195    -0.934571     0.139714
   -0.660437    -0.331911    -0.673542
    0.675845     0.128107    -0.725825
     6.63512     -33.7982      13.5604
    0.395837    -0.899729      0.18385
   -0.549245    -0.392403    -0.737801
    0.735964      0.19107    -0.649499
     8.65163     -37.0761      17.5245
    0.443688    -0.869027     0.218936
   -0.428216    -0.420187    -0.800046
    0.787256     0.261219    -0.558563
     10.9323      -39.961      21.7314
    0.430766    -0.854062      0.29158
   -0.320766    -0.446893    -0.835102
    0.843534     0.266204    -0.466461
     13.3807      -41.947      25.9586
    0.439201    -0.832027     0.338872
   -0.211662    -0.462414     -0.86103
    0.873099     0.306439    -0.379201
     15.7546     -43.2447      30.5528
    0.452105     -0.80611     0.381822
  -0.0909997     -0.46752    -0.879286
    0.887311     0.362784    -0.284724
     18.3793     -43.9433      35.2622
     0.43952    -0.793158     0.421571
   0.0224265    -0.459498    -0.887896
    0.897953     0.399703    -0.184171
     20.9843     -43.8952      40.0812
    0.465092     -0.74201     0.482815
    0.178217    -0.455747    -0.872086
    0.867138     0.491646   -0.0797257
     23.4776     -43.5049      44.9087
    0.456689    -0.711809     0.533633
    0.303755    -0.439026     -0.84557
    0.836163     0.548256    0.0157168
     26.1154     -42.1596      49.4775
    0.455315     -0.67455     0.581094
    0.417699    -0.414547    -0.808504
    0.786267     0.610847     0.093009
     28.6636     -40.2138      53.8157
    0.410419    -0.658273     0.631057
    0.512565     -0.40583    -0.756689
     0.75421     0.634018     0.170847
      31.009     -37.5653      58.0288
    0.356682    -0.638753     0.681742
    0.619858    -0.384166    -0.684246
    0.698966     0.666642     0.258911
     33.2722     -34.6477      61.8301
    0.314721    -0.618761     0.719781
    0.706685    -0.353505    -0.612887
    0.633677     0.701547     0.326014
     35.2061     -30.9177      65.2665
    0.294819    -0.580687      0.75887
    0.797108    -0.288518    -0.530448
    0.526972     0.761289      0.37781
     36.9677      -26.875      68.3813
    0.258991    -0.559182     0.787552
     0.86884    -0.221325    -0.442869
    0.421949     0.798956     0.428519
        38.6     -22.2348      70.8403
    0.211035    -0.540825     0.814232
    0.923677    -0.162211    -0.347144
    0.319821     0.825346     0.465315
     39.6718     -17.3309      72.7455
    0.162446    -0.529658      0.83251
    0.960988    -0.106491    -0.255268
     0.22386       0.8415     0.491696
      40.744     -12.2588      74.2883
   0.0807358    -0.538456     0.838777
    0.985157   -0.0847858    -0.149254
    0.151483     0.838377     0.523619
     41.4974     -7.00362      75.2592
   0.0579015    -0.530814     0.845508
    0.997857    0.0566314   -0.0327811
  -0.0304817     0.845594     0.532955
     41.6827     -1.60916      75.4473
 -0.00783375    -0.539601     0.841884
    0.990291     0.112664    0.0814261
   -0.138788     0.834348      0.53348
     41.8995      3.74231      74.9777
  -0.0584285    -0.542656      0.83792
     0.96579     0.181706     0.185022
   -0.252658     0.820066     0.513475
     41.6383       8.9995      73.9608
   -0.096945    -0.539262      0.83654
    0.927033     0.256971     0.273084
    -0.36223     0.801974     0.475002
     41.0759      14.1667      72.4174
   -0.198846    -0.547611     0.812762
    0.890742     0.244868     0.382908
   -0.408704     0.800101     0.439089
     40.4543      18.9012      70.2343
   -0.227326    -0.572397     0.787835
    0.805248     0.344463     0.482618
   -0.547629     0.744115     0.382617
     39.2093      23.5185      67.8014
   -0.278982    -0.594518     0.754134
    0.730728     0.378101     0.568398
   -0.623061      0.70964     0.328948
     37.9816      27.4842      64.6852
   -0.343473    -0.596293     0.725577
    0.647492     0.409265     0.642851
    -0.68028     0.690606     0.245523
      36.363      31.2231      61.3295
   -0.395895    -0.606619     0.689406
    0.551963     0.442795      0.70659
   -0.733896     0.660262      0.15953
     34.5243      34.4685      57.4405
   -0.414996    -0.633754      0.65279
    0.441155     0.487338     0.753581
   -0.795714     0.600714    0.0773411
     32.4679      37.1795      53.3995
   -0.455827    -0.652951     0.604878
     0.33925     0.500832     0.796289
    -0.82288     0.568175  -0.00677939
     30.2059      39.2492      48.9513
   -0.457916     -0.69523     0.554047
    0.200136      0.52661     0.826213
   -0.866174     0.489221    -0.102003
     27.6759       40.742      44.4712
    -0.49361    -0.711969     0.499449
   0.0853556     0.531855     0.842523
   -0.865485     0.458508    -0.201758
      25.263       41.364      39.7711
   -0.459232    -0.761307     0.457731
  -0.0497518     0.536513     0.842424
   -0.886922     0.364095     -0.28426
     22.7804      41.5714      35.1307
   -0.454569    -0.791301     0.408912
   -0.173078     0.528805     0.830909
   -0.873734     0.306932    -0.377335
     20.3757      40.8424      30.4109
   -0.465955    -0.808876     0.358616
   -0.290943     0.522832     0.801248
   -0.835607     0.269008    -0.478953
     17.9953      39.6784      25.8356
   -0.451382    -0.832742     0.320616
   -0.407421     0.511995     0.756221
    -0.79389     0.210719    -0.570382
     15.6235      37.7537      21.5107
   -0.430449    -0.859443      0.27581
   -0.518276     0.485513     0.704036
   -0.738989     0.160106    -0.654417
     13.4148      35.2073      17.6023
   -0.402295    -0.887437     0.224975
    -0.62206     0.445263     0.644035
   -0.671714     0.119144    -0.731167
     11.3748      32.1223      13.7647
   -0.380003    -0.905213     0.190231
   -0.709533     0.417201     0.567896
   -0.593431     0.080827    -0.800816
     9.40122      28.7336      10.3605
   -0.311371    -0.937992     0.152378
   -0.801517     0.345368     0.488152
   -0.510509     0.029863    -0.859354
     7.47114      24.6495      7.42673
   -0.251372    -0.960134      0.12229
   -0.869735      0.27951     0.406738
   -0.424705   -0.0041178    -0.905323
     6.09397      20.1056      4.86027
   -0.223297    -0.969479     0.101238
   -0.920073     0.243927     0.306537
   -0.321876   -0.0246975     -0.94646
      4.9218      15.4591      2.81535
   -0.149067    -0.985225    0.0843198
    -0.96306     0.163994     0.213591
   -0.224263   -0.0493656    -0.973278
     4.07081      10.4159      1.36338
   -0.102466    -0.992463    0.0672202
   -0.988907     0.108938     0.100974
   -0.107536   -0.0561281    -0.992616
     3.43404      5.17126     0.453303
  -0.0554906    -0.995691    0.0743041
   -0.998406    0.0561021    0.0061667
  -0.0103087   -0.0738435    -0.997217
     3.07709   -0.0613672     0.171929
    0.030882    -0.995788     0.086328
   -0.993523   -0.0400313    -0.106346
    0.109354   -0.0824847    -0.990575
     2.97469     -5.45143     0.406657
    0.100334    -0.990817    0.0906382
   -0.973383    -0.116617    -0.197297
    0.206055   -0.0684301    -0.976145
     3.32722     -10.5646       1.3394
    0.140491    -0.984451     0.105446
   -0.938027    -0.166426    -0.303985
    0.316807   -0.0562039    -0.946823
     4.15683     -15.5241       2.7087
    0.198893    -0.974187     0.106772
   -0.886639    -0.225285    -0.403878
    0.417507   -0.0143394    -0.908561
     5.00897     -20.3213      4.57812
    0.244473     -0.96037     0.133872
    -0.82659    -0.278585    -0.489019
    0.506934   0.00889428    -0.861939
     6.28556     -24.7361      7.14776
    0.285424     -0.94391     0.166031
    -0.74768    -0.327682    -0.577581
     0.59959    0.0407174    -0.799271
     7.88049      -28.931      9.91896
    0.325285    -0.924084     0.200645
   -0.657969    -0.373579    -0.653846
    0.679166    0.0806681    -0.729539
     9.44721     -32.5795       13.254
    0.361131    -0.897867      0.25183
   -0.558697    -0.424545    -0.712474
     0.74662       0.1166    -0.654952
     11.4606      -35.772      16.9995
    0.414885    -0.860379     0.296003
   -0.436912    -0.473748    -0.764637
    0.798109     0.187909    -0.572461
     13.5266     -38.5186      20.9962
    0.438344     -0.83079     0.342992
   -0.317807     -0.50022    -0.805468
    0.840746     0.244067    -0.483299
     15.9094     -40.4143      25.2278
     0.44482    -0.809717     0.382746
   -0.207088     -0.50876    -0.835631
    0.871349     0.292443    -0.393989
     18.3409     -41.7284      29.6297
    0.459877    -0.777518     0.428927
  -0.0794434    -0.517123    -0.852216
    0.884422      0.35784    -0.299582
     20.7357     -42.4751      34.2047
    0.471394    -0.735825     0.486158
   0.0513382    -0.527418    -0.848053
    0.880427     0.424726    -0.210846
      23.321     -42.5998      38.8619
     0.46788    -0.705504     0.532309
    0.175471    -0.516156    -0.838328
    0.866198     0.485641    -0.117704
     25.7136     -42.0584      43.4619
    0.444385    -0.681426     0.581532
    0.302269    -0.497027    -0.813387
      0.8433     0.537236   -0.0148975
      28.231     -40.7342      47.8201
    0.450216     -0.64173     0.620877
    0.417644    -0.463246     -0.78165
    0.789227     0.611217    0.0594536
     30.6477     -38.8422      52.0664
    0.415952    -0.624921      0.66065
    0.514826    -0.437031    -0.737535
    0.749625     0.646899     0.139942
     33.0362     -36.3664      56.1128
    0.385003    -0.580964     0.717115
    0.612873    -0.420014    -0.669309
    0.690043     0.697186     0.194351
     35.0443     -33.4341      59.7556
    0.335125    -0.560525     0.757299
    0.702171    -0.387345    -0.597428
     0.62821     0.731967     0.263775
     36.9986     -29.8689      63.0263
    0.288686    -0.533239     0.795183
    0.797404    -0.325776    -0.507954
    0.529913     0.780721      0.33116
     38.7268     -25.9341      66.0011
    0.260189    -0.516206     0.815986
    0.870116    -0.240995    -0.429906
    0.418569     0.821859     0.386455
     40.2524     -21.4272      68.3832
    0.202652     -0.49677     0.843891
     0.91909    -0.200913    -0.338981
    0.337944     0.844307     0.415861
     41.4142     -16.8669      70.2833
    0.154478    -0.487128      0.85956
    0.961996    -0.124114    -0.243225
    0.225165     0.864466     0.449443
      42.199     -11.8159      71.6621
   0.0971554    -0.489385     0.866639
    0.988024   -0.0574543    -0.143207
    0.119876     0.870173     0.477942
     42.9584      -6.7686      72.5155
   0.0508652    -0.484329     0.873406
    0.998689    0.0196599   -0.0472594
  0.00571799     0.874665     0.484694
     43.3521     -1.75084      72.7713
  -0.0195591    -0.479716     0.877206
    0.994135    0.0840026    0.0681047
   -0.106359     0.873393      0.47526
      43.451      3.41791      72.4129
  -0.0812583    -0.473466     0.877056
    0.973019     0.152968     0.172727
   -0.215941     0.867428     0.448262
     43.3012      8.46042      71.5065
   -0.131696    -0.478998     0.867881
    0.932139     0.238066      0.27284
   -0.337303     0.844918      0.41514
     42.7735      13.4181      69.9425
   -0.199303    -0.497466     0.844278
    0.885006     0.278562     0.373052
   -0.420764     0.821542     0.384742
     42.0255      18.0822      67.8824
   -0.238885    -0.518576     0.820983
    0.812908     0.355653     0.461185
   -0.531144     0.777554     0.336594
     41.0006      22.4691      65.5209
   -0.304379    -0.534232     0.788638
    0.733436     0.396839     0.551897
   -0.607803     0.746401     0.271036
     39.6495      26.3161      62.4959
   -0.354325     -0.54596     0.759198
    0.650516     0.439325     0.619534
   -0.671775     0.713387     0.199492
     38.0991        29.93      59.2007
   -0.375713    -0.577792     0.724566
    0.541353     0.497749     0.677631
   -0.752182      0.64684     0.125779
     36.4063       33.093      55.4401
   -0.412373    -0.594579     0.690234
    0.425022     0.544584     0.723038
   -0.805794     0.591527    0.0281376
     34.4009      35.5775      51.5765
   -0.461098    -0.614509      0.64013
    0.329766     0.551061     0.766542
   -0.823798     0.564544   -0.0514488
     32.2025      37.5271       47.296
   -0.448226    -0.664999     0.597386
    0.190659     0.581782     0.790683
   -0.873351     0.468302    -0.133982
     29.7741      39.0305      43.0388
   -0.478143    -0.687565     0.546474
   0.0795074     0.585768      0.80657
   -0.874676     0.429104    -0.225414
     27.4691      39.7657      38.3902
   -0.472469    -0.725469     0.500468
  -0.0487125     0.588471      0.80705
       -0.88     0.356927    -0.313373
     25.1338      39.7793      33.8315
   -0.464962    -0.759787      0.45446
   -0.176807     0.582671     0.793242
   -0.867496     0.288476    -0.405256
     22.8001      39.3132      29.4528
   -0.483852    -0.779143     0.398527
   -0.289852     0.572352     0.767072
   -0.825756     0.255635     -0.50277
     20.5076      38.0123      25.0621
   -0.420575     -0.83322     0.358973
   -0.426645     0.530827     0.732254
   -0.800681     0.154814    -0.578742
     18.1773        36.16      20.8918
   -0.441358    -0.836891     0.323753
   -0.515505     0.531792     0.671901
   -0.734478     0.129652    -0.666133
     16.0562      33.6603       17.116
   -0.409761    -0.866405     0.285374
   -0.621055     0.494114     0.608393
   -0.668122    0.0720626    -0.740554
     14.0649      30.6753       13.511
   -0.380422    -0.892751     0.241401
   -0.702037     0.448689     0.553011
   -0.602016    0.0409047    -0.797436
     12.0349      27.3698      10.2509
   -0.327698    -0.922414     0.204369
   -0.788056     0.386182     0.479407
   -0.521135  -0.00395364    -0.853465
     10.4431      23.5047      7.37888
   -0.259468     -0.94954     0.176212
   -0.866674     0.309442     0.391307
   -0.426089   -0.0511867    -0.903232
     8.94101      19.3068      4.94776
   -0.176499    -0.971746     0.156712
   -0.930682     0.216586     0.294824
   -0.320435   -0.0938127    -0.942614
     7.79401      14.6439      2.95315
    -0.14746    -0.976725     0.155768
   -0.965198     0.176497     0.192983
   -0.215984    -0.121889    -0.968759
      7.0652      9.87847      1.54435
   -0.120117    -0.983422     0.135844
   -0.987253      0.13272    0.0878518
   -0.104425     -0.12356    -0.986827
     6.44726      4.89253     0.718004
  -0.0374295     -0.99149     0.124687
   -0.999285    0.0364776  -0.00991008
  0.00527745    -0.124969    -0.992147
     6.09929    -0.267344     0.415328
   0.0476674    -0.989123     0.139156
   -0.991512   -0.0637262    -0.113328
    0.120964    -0.132572    -0.983764
     6.04461     -5.31361     0.702913
    0.121083    -0.980803     0.152855
   -0.968538    -0.150462    -0.198231
    0.217425    -0.124043    -0.968163
      6.3502     -10.2068      1.58929
    0.161863    -0.972937     0.164905
   -0.934616    -0.204775    -0.290793
    0.316692    -0.107054    -0.942468
     7.14686     -14.9391      3.02568
    0.217588    -0.961682       0.1668
    -0.88587    -0.266323    -0.379876
    0.409743   -0.0651065    -0.909875
     7.96444     -19.5652      4.86165
    0.242703    -0.950352     0.194749
   -0.828941    -0.307449     -0.46726
    0.503937   -0.0480301    -0.862404
     9.22686     -23.8575      7.12387
    0.280876      -0.9338     0.221645
   -0.752874    -0.357605    -0.552538
    0.595222   -0.0116758    -0.803477
     10.7231     -27.7282      9.94665
    0.315511    -0.910212     0.268268
   -0.662788    -0.413702     -0.62415
    0.679091    0.0191215    -0.733805
     12.3087     -31.3595      13.1547
    0.369519    -0.879935     0.298615
   -0.553912     -0.46661    -0.689534
    0.746081     0.089389    -0.659828
     14.1456     -34.3514      16.6524
     0.40935     -0.84477     0.344669
   -0.439951    -0.513712    -0.736575
    0.799297     0.149879    -0.581945
     16.2221     -36.9106      20.4556
    0.421571     -0.81959     0.388009
   -0.324864    -0.535994    -0.779213
    0.846606     0.202443    -0.492215
     18.4405     -38.9063      24.4722
     0.44832    -0.781836     0.433292
   -0.207979    -0.562669    -0.800093
    0.869341     0.268581    -0.414861
     20.6844      -40.127      28.8131
     0.45441    -0.751718     0.477944
  -0.0856931    -0.570939    -0.816508
    0.886661     0.330073    -0.323857
     23.0488     -40.8749      33.1798
    0.464591    -0.712404     0.525962
   0.0498916    -0.571953    -0.818768
    0.884119     0.406634    -0.230181
     25.4359     -40.9001      37.7168
    0.475066    -0.665481     0.575714
     0.19138    -0.560457    -0.805768
    0.858887     0.492973    -0.138895
     27.8763     -40.3843      42.1378
    0.455678    -0.634581     0.624232
    0.309309    -0.544692    -0.779512
    0.834677     0.548287   -0.0519222
     30.4044     -39.0406       46.268
    0.443808    -0.603002      0.66289
    0.421024    -0.512694    -0.748254
    0.791058     0.611174    0.0263404
     32.6198     -37.2114       50.276
    0.417132    -0.567826      0.70963
    0.514387    -0.496208    -0.699417
    0.749271     0.656773    0.0850982
     34.8606     -34.9356      54.0156
    0.405955    -0.525806     0.747482
    0.630663    -0.430765    -0.645527
    0.661411     0.733464     0.156735
     36.8825     -32.0273        57.54
    0.328945    -0.513112     0.792787
    0.712224    -0.416462    -0.565062
    0.620106     0.750517     0.228458
     38.7319     -28.6362      60.6139
    0.298928    -0.477352     0.826303
    0.802296    -0.343115    -0.488459
    0.516685     0.808954     0.280411
     40.2991     -24.8676      63.5565
    0.250546    -0.470642     0.846004
    0.856734    -0.299145    -0.420142
    0.450815     0.830065     0.328265
     41.7481     -20.5905      65.7653
    0.213232    -0.440542     0.872041
    0.922446     -0.20331    -0.328266
    0.321909     0.874407     0.363024
     42.8763      -16.194      67.5606
     0.16032    -0.446458     0.880325
    0.958441    -0.142811    -0.246973
    0.235983     0.883335     0.405008
     43.7155     -11.5243      68.8655
    0.100607    -0.435578     0.894511
    0.987306   -0.0673519    -0.143841
    0.122901     0.897628     0.423273
     44.4172     -6.60206      69.7283
   0.0358172    -0.422811      0.90551
    0.999356    0.0170788   -0.0315546
 -0.00212337     0.906057     0.423151
     44.8419     -1.72495      69.9807
  -0.0299939     -0.42547     0.904475
    0.994837     0.075064    0.0683009
  -0.0969535     0.901854     0.421022
      44.868      3.16894      69.6201
  -0.0697208     -0.41187     0.908571
    0.972247     0.175844      0.15432
   -0.223326     0.894115     0.388179
     44.6503      8.02856      68.7728
   -0.142811    -0.425817     0.893468
    0.937782     0.230453     0.259725
   -0.316498     0.874969     0.366412
     44.0945      12.7477       67.337
   -0.192012    -0.437226     0.878615
     0.87196     0.334828     0.357178
   -0.450353       0.8347     0.316952
     43.3665      17.1413       65.368
   -0.247647    -0.463571     0.850749
    0.809573      0.38336     0.444553
   -0.532224     0.798835     0.280356
     42.3911      21.2677      62.9939
   -0.298225    -0.485012     0.822086
    0.740349     0.426072     0.519947
   -0.602449     0.763692     0.232013
     41.1801      25.0518      60.2414
   -0.335353    -0.494854     0.801659
     0.65763     0.486346     0.575318
   -0.674582      0.72013     0.162333
      39.644      28.5359      57.0491
   -0.358068     -0.52439      0.77253
     0.53734     0.560908       0.6298
   -0.763579     0.640623    0.0809325
     37.9804      31.4771      53.4742
   -0.403559    -0.551011     0.730429
    0.431631     0.589255     0.682988
   -0.806743     0.590903  3.44255e-05
     36.1709      33.8728      49.6681
    -0.47125    -0.559106     0.682147
    0.351078      0.59059       0.7266
   -0.809115     0.581897   -0.0820256
     34.0984      35.6703      45.5777
   -0.441679     -0.62911     0.639641
    0.169973     0.641363     0.748173
   -0.880925     0.439174    -0.176345
     31.6343      37.2064      41.4685
   -0.474756    -0.648052     0.595513
    0.078326     0.642834      0.76199
   -0.876625     0.408404     -0.25443
     29.5772      37.8211      37.1289
   -0.453112    -0.702124     0.549282
   -0.048178     0.634551     0.771378
   -0.890151     0.323057     -0.32135
     27.2363      37.7978      32.8557
   -0.470628    -0.724129      0.50413
   -0.163582     0.633064     0.756618
   -0.867036     0.273619    -0.416392
     25.0436      37.2936      28.5746
    -0.46895    -0.760833     0.448575
   -0.295182     0.613688     0.732294
   -0.832438     0.210998    -0.512373
     22.7448      36.2138      24.4063
   -0.456703    -0.791383      0.40637
   -0.414376     0.593449     0.690008
    -0.78722     0.146738     -0.59896
     20.6801      34.4287      20.5027
   -0.388894    -0.840707     0.376793
   -0.550017     0.539971     0.637112
   -0.739082    0.0405266    -0.672395
     18.5554      32.0967      16.7484
   -0.404491    -0.850381     0.336511
   -0.619312     0.525445     0.583404
   -0.672934    0.0275762    -0.739188
     16.7131      29.1967      13.3616
    -0.37112    -0.881448     0.292093
   -0.705529     0.472175     0.528468
   -0.603737  -0.00995504    -0.797122
     14.8391      25.9226       10.185
   -0.319671    -0.906236     0.276673
   -0.792049     0.415836     0.446921
   -0.520066   -0.0762711    -0.850714
     13.3058      22.3587      7.39722
   -0.268401    -0.934436     0.234074
   -0.864568     0.340833     0.369264
   -0.424833    -0.103262    -0.899363
     11.8125      18.2626      5.12773
   -0.202732    -0.955209     0.215581
   -0.923023     0.259922      0.28367
   -0.326998    -0.141477    -0.934375
      10.695      13.9108      3.36256
   -0.119138     -0.97131     0.205823
   -0.969968     0.158136     0.184812
   -0.212058    -0.177623    -0.960979
     9.97521      9.22124      1.90395
   -0.117446    -0.975462     0.186228
   -0.988089     0.133558    0.0764331
  -0.0994299    -0.175033    -0.979529
     9.48928      4.49594      1.21328
  -0.0604876    -0.981419     0.182096
   -0.998168    0.0596619   -0.0100141
 -0.00103612    -0.182368     -0.98323
     9.15403    -0.289098     0.986439
   0.0384164    -0.979857     0.195969
   -0.993233   -0.0589528    -0.100061
    0.109599    -0.190799    -0.975492
     8.94975     -5.09283      1.21608
    0.104126    -0.972243     0.209527
   -0.972125    -0.143992    -0.185041
    0.210075    -0.184419    -0.960135
     9.25713     -9.72875      2.08207
    0.158563    -0.961475     0.224551
    -0.93682    -0.218329    -0.273313
     0.31181    -0.167027    -0.935349
     9.97218     -14.2993      3.57385
    0.194606    -0.953928     0.228365
   -0.889605    -0.269721    -0.368583
    0.413196    -0.131426    -0.901108
     10.8478     -18.7975       5.1303
    0.248512    -0.938252     0.240676
   -0.832799    -0.333851    -0.441575
    0.494659   -0.0906979    -0.864342
     12.0729     -22.9236      7.34653
    0.287979    -0.916691     0.277029
    -0.75976    -0.394804    -0.516619
    0.582952   -0.0616997     -0.81016
     13.4365     -26.6611      10.1048
    0.328474    -0.890317     0.315344
   -0.671026    -0.454933    -0.585457
    0.664702   -0.0192967    -0.746859
     14.9306      -30.022      13.0477
    0.371584     -0.85701     0.357014
   -0.554337    -0.513283    -0.655173
    0.744739    0.0455461      -0.6658
      16.801     -32.9414      16.2786
    0.386126    -0.831332     0.399741
   -0.449155    -0.547949    -0.705699
    0.805708     0.092943    -0.584975
     18.7295     -35.2967       20.008
    0.433005     -0.79043     0.433275
    -0.32807    -0.585902    -0.741006
     0.83957     0.178715    -0.513015
     20.7843     -37.1554      23.8738
    0.455761    -0.750296     0.478892
   -0.212111    -0.614069    -0.760216
     0.86446     0.244899    -0.439015
     23.0114     -38.3072      27.9939
    0.460512    -0.713973     0.527419
  -0.0864061    -0.627407    -0.773883
    0.883438      0.31081     -0.35062
     25.3206     -39.1047      32.1999
    0.485089     -0.66658     0.566003
   0.0554381    -0.622513    -0.780644
    0.872706      0.41006     -0.26502
     27.5376     -39.1644      36.4585
    0.461223    -0.641062     0.613444
    0.173761    -0.612727    -0.770956
    0.870104     0.462175    -0.171213
     29.8875     -38.5563      40.6602
    0.469208    -0.589512      0.65751
    0.302542     -0.59219    -0.746846
    0.829646      0.54935   -0.0995085
     32.2792     -37.3721      44.6391
    0.451643    -0.547301     0.704614
    0.417079     -0.56863    -0.709017
     0.78871     0.614102     -0.02855
      34.396     -35.6492      48.4348
    0.431838     -0.51232     0.742324
    0.531306    -0.520581    -0.668363
    0.728855     0.683025     0.047392
     36.5813     -33.4282      52.1619
    0.395581    -0.482007     0.781783
    0.625672    -0.481711    -0.613587
    0.672347     0.731863     0.111022
     38.5446     -30.6408      55.4043
    0.347793    -0.459064     0.817496
    0.716416    -0.432339    -0.547569
    0.604805     0.776108     0.178516
     40.2307     -27.4217        58.28
    0.312244    -0.432894      0.84564
    0.797263    -0.364645    -0.481047
    0.516601     0.824401     0.231272
     41.7586      -23.736      61.0361
    0.259743    -0.415902     0.871527
    0.866683    -0.297642    -0.400337
    0.425904     0.859322     0.283145
     43.1482     -19.7658      63.2517
    0.188871    -0.401553     0.896149
     0.91939    -0.248333    -0.305045
    0.345035     0.881525     0.322281
     44.2951     -15.5473      64.9009
    0.138946    -0.387915     0.911162
    0.963255    -0.160619    -0.215271
    0.229857     0.907592     0.351344
     45.0902     -11.0098      66.1793
   0.0964707    -0.378954     0.920373
    0.987651   -0.0782385    -0.135736
    0.123446     0.922102     0.366727
     45.6336     -6.42654      66.8686
   0.0348395    -0.372127     0.927528
    0.999381   0.00836279   -0.0341832
  0.00496378     0.928144     0.372188
     45.9349     -1.71843      67.1112
  -0.0268707    -0.371437     0.928069
    0.995018    0.0792289    0.0605186
  -0.0960087     0.925071     0.367458
     45.9288      2.86271      66.7786
  -0.0733786    -0.366021     0.927709
    0.972957     0.178016     0.147193
   -0.219023     0.913421      0.34306
     45.7308      7.51119      66.0094
   -0.134248     -0.37216     0.918409
    0.936827      0.25443     0.240041
   -0.323005     0.892615     0.314493
     45.3552      12.0148      64.5808
   -0.175303    -0.394868     0.901858
    0.855711     0.391883     0.337914
   -0.486855     0.830967     0.269195
     44.7116        16.29      62.7671
    -0.25756    -0.398422     0.880297
    0.814489     0.400641     0.419636
   -0.519875     0.825074     0.221321
     43.6109      20.1422      60.3939
   -0.301219    -0.421931     0.855127
    0.748874     0.450478     0.486063
     -0.5903     0.786794      0.18028
     42.5329      23.6187      57.7178
   -0.343066    -0.453183     0.822758
    0.639054     0.529345     0.558035
   -0.688415      0.71723     0.108008
     41.0042      26.8957      54.8756
   -0.378185    -0.470036     0.797523
    0.536312     0.590956     0.602611
    -0.75455     0.655619    0.0285952
     39.4335      29.7181      51.5209
    -0.42195    -0.489933     0.762839
    0.440732     0.624453     0.644837
   -0.792284     0.608296   -0.0475584
     37.5959      32.0109      47.9174
   -0.441834    -0.528567     0.724845
    0.333398      0.65337     0.679671
   -0.832844     0.541964    -0.112458
     35.6277      33.8444      44.0288
   -0.468475    -0.566977     0.677546
    0.218103     0.668952     0.710587
   -0.856132     0.480667    -0.189728
     33.6131      35.1958       40.149
    -0.44985    -0.627525      0.63549
     0.05263     0.691689     0.720275
   -0.891552     0.357462     -0.27813
     31.4092      35.8241       36.041
   -0.474034     -0.65795     0.585144
  -0.0487396     0.683142     0.728657
   -0.879157     0.316888    -0.355901
     29.4263      35.8475       31.859
   -0.479349    -0.682047     0.552301
   -0.153873      0.68488     0.712223
    -0.86403     0.256419    -0.433245
     27.1351       35.334       27.757
   -0.468765    -0.728468     0.499594
   -0.292386     0.661664     0.690443
   -0.833529     0.177581    -0.523159
     25.0844      34.2643      23.9108
   -0.449829    -0.762752     0.464611
   -0.406837     0.638106     0.653685
   -0.795071     0.105025    -0.597354
     22.9859      32.4667      20.1469
   -0.398335    -0.811989     0.426618
   -0.539625     0.583559     0.606848
    -0.74171    0.0115147    -0.670622
     21.0873       30.299      16.6951
   -0.411293    -0.823319     0.391131
   -0.607125     0.567511     0.556174
    -0.67988  -0.00871469    -0.733272
     19.2826      27.6467      13.4189
   -0.363265     -0.86128     0.355296
   -0.712273     0.502555     0.490006
   -0.600589   -0.0750659    -0.796027
     17.4335      24.4472      10.4858
   -0.314221    -0.889335     0.332188
    -0.79382     0.438048     0.421857
   -0.520687    -0.131141    -0.843616
     16.0133      20.9341      7.84789
   -0.272076    -0.913285     0.303126
   -0.862604     0.371091     0.343809
   -0.426483    -0.167936    -0.888769
      14.657      17.1671      5.64992
    -0.22496    -0.934539     0.275736
   -0.918908     0.297595     0.258931
   -0.324039    -0.195127    -0.925702
     13.6332      13.0768      3.92453
   -0.112656    -0.953851     0.278347
   -0.970252     0.166014     0.176213
    -0.21429    -0.250215    -0.944178
     12.8025       8.7186      2.59803
   -0.110242    -0.961033     0.253502
   -0.986757     0.136363    0.0878377
   -0.118983    -0.240461    -0.963339
     12.4621      4.19621      1.83783
  -0.0397754    -0.968345     0.246426
   -0.999195    0.0372354   -0.0149605
  0.00531114    -0.246823    -0.969046
     12.1302    -0.371841      1.67205
  0.00800981    -0.969926     0.243269
   -0.994571   -0.0329695   -0.0987041
    0.103756    -0.241157    -0.964924
     12.1076     -5.00631      2.07077
   0.0790219    -0.961809     0.262066
   -0.973667     -0.13086    -0.186676
     0.21384    -0.240414    -0.946823
     12.2164     -9.40623      2.75314
    0.143729    -0.955018     0.259387
   -0.937639    -0.215248     -0.27295
    0.316505     -0.20398      -0.9264
     12.8585      -13.729      4.03961
    0.207086    -0.938754     0.275422
   -0.885628    -0.299496    -0.354916
    0.415667    -0.170423    -0.893408
     13.7242     -18.0134      5.77065
    0.281296    -0.911353     0.300513
     -0.8073     -0.39404    -0.439316
    0.518786    -0.119026    -0.846578
     14.8104      -21.918      7.84325
    0.283852    -0.896506     0.340155
   -0.757478    -0.427162     -0.49372
    0.587925    -0.117517    -0.800334
     16.1804     -25.4947      10.3064
    0.335056    -0.865478     0.372406
   -0.654511    -0.498117    -0.568766
    0.677755   -0.0531756    -0.733362
     17.6745     -28.5272      13.1187
    0.390062    -0.824154     0.410636
   -0.549062    -0.566185     -0.61479
    0.739177    0.0143415    -0.673358
      19.334     -31.2882      16.2799
    0.426586    -0.780407     0.457154
   -0.427028    -0.619353    -0.658823
     0.79729    0.0858269    -0.597463
     21.2703     -33.5603      19.8563
    0.441561    -0.751767     0.489766
   -0.320478    -0.642004    -0.696509
    0.838044     0.150592    -0.524409
     23.3423     -35.1953      23.4539
    0.451144    -0.725768     0.519356
   -0.222136    -0.654947    -0.722288
    0.864364     0.210488    -0.456694
     25.3709     -36.3641       27.301
    0.484454     -0.67285     0.559087
  -0.0729046    -0.667919    -0.740655
    0.871774     0.318053     -0.37263
     27.5019     -37.0499      31.3342
    0.484847    -0.637369     0.598902
   0.0417857     -0.66711    -0.743786
      0.8736     0.385648    -0.296813
     29.6488      -37.103      35.2316
    0.494711    -0.579173     0.647935
    0.188001    -0.656585    -0.730447
    0.848479     0.483172    -0.215935
     31.8058     -36.5282      39.1589
    0.467581    -0.546823     0.694517
    0.295698    -0.643672    -0.705868
    0.833025     0.535417    -0.139274
     33.9419     -35.4112      42.9873
    0.445014    -0.512427     0.734426
    0.399815    -0.620148    -0.674955
    0.801318     0.593998   -0.0710984
     36.0784     -33.7966      46.5366
    0.435354    -0.466204     0.770143
    0.529989    -0.558791     -0.63786
    0.727722     0.685862    0.0038111
     38.0437     -31.6775      50.0604
    0.390424    -0.439732     0.808829
    0.625494    -0.517944    -0.583516
    0.675519     0.733737    0.0728323
     39.9626     -29.0728      53.1035
    0.357091    -0.398176     0.844951
    0.720313    -0.458519     -0.52049
    0.594673     0.794491     0.123078
     41.5853     -26.0382      55.9953
    0.316732    -0.374546     0.871433
    0.811923    -0.367913    -0.453233
    0.490368     0.851091     0.187572
     43.0414     -22.5888      58.4983
    0.267906    -0.350753     0.897329
    0.869399    -0.313343    -0.382049
    0.415176      0.88249     0.220998
     44.3822     -18.8057      60.5998
    0.203493     -0.32542     0.923413
    0.927833    -0.237028    -0.287999
    0.312595     0.915379     0.253702
     45.4391      -14.714      62.1712
    0.158839    -0.318948     0.934367
    0.966069    -0.145019    -0.213731
     0.20367     0.936612     0.285091
     46.1113     -10.4902      63.3003
    0.105836    -0.303122     0.947056
    0.989577    -0.061427    -0.130249
    0.097656      0.95097     0.293461
     46.5786     -6.24373      64.0061
   0.0426516    -0.313385     0.948668
    0.999071    0.0191899   -0.0385785
 -0.00611488     0.949432     0.313913
     46.9083     -1.85036      64.2027
  -0.0110727    -0.295513     0.955274
    0.990548     0.127376    0.0508852
   -0.136716     0.946809      0.29131
      47.011      2.60627      63.9382
  -0.0624513     -0.30513     0.950261
    0.972332      0.19614     0.126883
     -0.2251     0.931893     0.284439
     46.8446      6.91575       63.088
    -0.12665    -0.310052     0.942246
    0.942104     0.259724     0.212095
   -0.310484     0.914555     0.259207
     46.4525      11.1263      61.7844
   -0.193017     -0.32172     0.926952
    0.885108     0.350639     0.306001
   -0.423472     0.879516     0.217078
     45.8807      15.1102      60.0841
   -0.243126    -0.349104     0.904995
    0.810385     0.439632     0.387298
   -0.533072     0.827557     0.176022
     44.8379      18.8728      57.9436
   -0.302089    -0.368731     0.879079
    0.753084     0.473083     0.457227
   -0.584471     0.800144     0.134772
     43.6114      22.2763      55.3282
   -0.322209    -0.400106     0.857961
     0.65149     0.563824     0.507605
   -0.686835     0.722507    0.0789959
     42.2654      25.4159      52.5755
   -0.372695    -0.418228     0.828362
    0.551635     0.617966     0.560193
   -0.746188     0.665735  0.000396844
     40.7879      27.9094      49.3961
   -0.412339     -0.45512     0.789204
    0.442021     0.657536     0.610134
   -0.796614     0.600427   -0.0699556
     38.9852        30.02      46.0398
   -0.446268    -0.484208     0.752587
    0.333961      0.69011     0.642042
    -0.83025     0.537858    -0.146267
      37.182        31.76       42.522
      -0.465      -0.5318     0.707788
    0.211471     0.709616     0.672105
   -0.859683     0.462205    -0.217511
      35.313      32.9606      38.6943
   -0.457438     -0.58592     0.668916
   0.0662184     0.727699     0.682693
   -0.886772     0.356584    -0.294079
     33.2255      33.5677      34.8731
   -0.498498    -0.592579     0.632732
 -0.00645208     0.732402     0.680841
   -0.866867     0.335316    -0.368924
     31.2393      33.6391       30.993
   -0.488565    -0.635957      0.59738
   -0.141336     0.733296     0.665058
   -0.861004     0.240492    -0.448147
      29.279      33.1656      27.2628
   -0.449211    -0.708585     0.544166
   -0.305834     0.694239     0.651535
   -0.839449     0.126253    -0.528569
     27.1205      32.1009      23.4356
   -0.428612    -0.744065     0.512504
   -0.425133     0.666621     0.612273
   -0.797217    0.0445455    -0.602048
     25.3123      30.4972      19.8517
   -0.417314    -0.775703     0.473427
   -0.530567      0.63092     0.566073
   -0.737799    -0.014955    -0.674854
     23.4491      28.3403      16.5228
     -0.4069    -0.801035     0.439061
   -0.617107     0.595436     0.514427
   -0.673507   -0.0616277    -0.736608
     21.7458      25.7906      13.5447
   -0.352631    -0.843719     0.404709
   -0.719858     0.520914     0.458752
   -0.597876    -0.129562    -0.791048
     20.0779      23.0264      10.7323
   -0.331209    -0.862861       0.3818
   -0.787613     0.475645     0.391699
   -0.519583    -0.170976    -0.837138
     18.7128      19.6702      8.30921
   -0.297516     -0.88453     0.359291
   -0.848917      0.41729     0.324359
   -0.436834    -0.208507    -0.875044
     17.4524      16.0736      6.27932
   -0.195369    -0.919412     0.341339
   -0.925634     0.287878     0.245616
   -0.324087    -0.267969    -0.907282
      16.394      12.1632      4.60121
    -0.14034    -0.931955     0.334311
   -0.966055     0.202856      0.15996
   -0.216893    -0.300514    -0.928789
     15.7373      8.11817      3.40159
  -0.0972254    -0.941415     0.322932
   -0.989084     0.127493     0.073886
   -0.110729    -0.312224    -0.943534
     15.3176      3.80514      2.66347
  -0.0458928    -0.948622     0.313067
   -0.998923    0.0414293   -0.0208987
  0.00685477    -0.313689    -0.949501
      14.966    -0.506093      2.55378
   0.0405324    -0.947409     0.317448
   -0.990887   -0.0789564    -0.109123
    0.128449    -0.310132    -0.941976
     14.9549     -4.83608      2.83214
     0.10762    -0.944187     0.311335
   -0.970093    -0.168261    -0.174953
    0.217574    -0.283196    -0.934057
     15.2537     -9.04282       3.6177
    0.110513    -0.942712     0.314771
   -0.945607    -0.197233    -0.258701
    0.305964     -0.26906    -0.913232
     15.8841     -13.0686      4.79151
    0.211226    -0.922952      0.32178
   -0.885535    -0.320062    -0.336731
    0.413776    -0.213821    -0.884913
     16.5162      -17.036      6.34558
    0.288602    -0.890257     0.352352
    -0.80741    -0.424086    -0.410171
    0.514585    -0.166116    -0.841194
     17.6009     -20.7386      8.35377
    0.312228    -0.864821      0.39319
