   0.0258707  -0.00128991     0.999664
   -0.999605   -0.0110096     0.025855
   0.0109726    -0.999939  -0.00157423
           0            0            0
   -0.109792  -0.00179751     0.993953
   -0.993954   0.00157245    -0.109789
  -0.0013656    -0.999997  -0.00195928
    -0.27703     -6.15084     0.254609
    -0.22972   0.00745779     0.973228
   -0.973247   0.00272514    -0.229745
 -0.00436557    -0.999968   0.00663225
    -1.35325     -12.4025     0.356032
   -0.349103   0.00340042     0.937078
   -0.937082  0.000934302    -0.349107
 -0.00206263    -0.999994    0.0028603
    -3.18361     -18.2351     0.530987
   -0.470401   0.00207269      0.88245
   -0.882432  -0.00787134    -0.470373
  0.00597113    -0.999967    0.0055317
    -5.84507     -24.1381     0.492502
   -0.574495  -0.00709095     0.818478
   -0.818276   -0.0188509    -0.574516
   0.0195029    -0.999797   0.00502737
     -9.1726     -29.5556     0.564694
   -0.674172   -0.0107628     0.738496
   -0.738425    -0.010314    -0.674257
   0.0148738    -0.999889  -0.00099409
    -13.1705     -34.2886     0.851737
   -0.758979   -0.0300462     0.650422
    -0.64921   -0.0414417    -0.759479
   0.0497741    -0.998689     0.011947
    -17.8681     -38.7921      1.00975
    -0.83937  -0.00536181     0.543533
    -0.54337   -0.0181659    -0.839297
   0.0143739    -0.999821    0.0123345
    -22.8042     -42.5688      1.51947
   -0.905544    -0.031668     0.423069
   -0.422349   -0.0270779    -0.906029
   0.0401479    -0.999132    0.0111453
    -28.4921     -45.5185      1.64296
   -0.951997   -0.0251245     0.305076
   -0.304259   -0.0317131    -0.952061
    0.033595    -0.999181    0.0225464
    -34.2022      -47.777      2.11461
    -0.98332   -0.0320947     0.179028
   -0.177943   -0.0339844    -0.983454
   0.0376478    -0.998907    0.0277065
    -40.2813      -49.439      2.25894
   -0.998315    -0.022405    0.0535331
  -0.0529771   -0.0247152     -0.99829
   0.0236897    -0.999443    0.0234866
    -46.5617     -50.1818      2.47408
   -0.997859   -0.0355248   -0.0549084
   0.0560057   -0.0306664    -0.997959
   0.0337685    -0.998898    0.0325904
    -52.8142     -50.2233      2.78316
   -0.983582   -0.0183953    -0.179523
    0.180051   -0.0327982     -0.98311
   0.0121966    -0.999293    0.0355718
    -59.2179     -49.4749      3.03536
   -0.953521   -0.0511021    -0.296962
    0.298682   -0.0300134    -0.953881
   0.0398324    -0.998242    0.0438817
    -65.1582     -47.9839      3.18415
    -0.90806   -0.0467985    -0.416218
    0.417748   -0.0294349    -0.908086
   0.0302458    -0.998471    0.0462786
    -70.9613     -45.5458       3.5382
   -0.841562   -0.0392628    -0.538731
    0.539929   -0.0319831    -0.841103
   0.0157937    -0.998717    0.0481149
    -76.4716     -42.5862      3.75894
   -0.771466   -0.0529833    -0.634061
    0.635731   -0.0231646    -0.771563
   0.0261922    -0.998327    0.0515539
    -81.5867     -38.9065      3.98939
   -0.683371   -0.0299441    -0.729457
    0.730042   -0.0370579    -0.682397
 -0.00659837    -0.998864    0.0471847
    -86.2068     -34.7391      4.15212
   -0.590807   -0.0370763     -0.80596
    0.806803   -0.0222353    -0.590402
   0.0039692    -0.999065      0.04305
    -90.1977     -29.9342       4.0193
   -0.490717   -0.0319091    -0.870735
    0.871281   -0.0272678    -0.490026
 -0.00810671    -0.999119    0.0411825
    -93.6206      -24.604      4.27401
    -0.37917   -0.0463572    -0.924165
    0.925326   -0.0200258    -0.378642
-0.000954394    -0.998724    0.0504887
    -96.2835     -18.9612       4.1771
   -0.263256   -0.0561581     -0.96309
    0.964725   -0.0169225    -0.262716
  -0.0015443    -0.998278    0.0586321
    -98.3447     -12.9069      4.20732
   -0.135423   -0.0474497    -0.989651
    0.990505   -0.0303586    -0.134084
  -0.0236821    -0.998412    0.0511104
    -99.5116     -6.83747      4.30836
  0.00338141   -0.0469783     -0.99889
    0.999964   0.00791427   0.00301284
  0.00776395    -0.998865    0.0470034
    -99.8225    -0.551488      4.22798
    0.115119   -0.0342864     -0.99276
    0.993305    0.0136563     0.114711
  0.00962441    -0.999319    0.0356289
     -99.497      5.72807      4.22168
    0.241367   -0.0501856    -0.969135
     0.97043    0.0096372      0.24119
 -0.00276452    -0.998693    0.0510278
     -98.474       11.806      4.34844
    0.357575     -0.06826    -0.931387
    0.933369   -0.0070109      0.35885
  -0.0310249    -0.997643    0.0612048
    -96.5308      17.6671      4.36571
    0.469358   -0.0509065    -0.881539
    0.882841    0.0464457     0.467369
   0.0171516    -0.997623     0.066742
    -94.0152       23.462      4.33301
    0.573252   -0.0747853    -0.815959
    0.818533   0.00700648     0.574417
   -0.037241    -0.997175    0.0652307
    -90.8019      28.7073      4.35226
    0.668267   -0.0572657    -0.741714
    0.743665    0.0252603     0.668075
  -0.0195218    -0.998039    0.0594672
    -86.8489      33.5669      4.10541
    0.758879   -0.0321198    -0.650439
    0.651232    0.0381781     0.757918
 0.000488362    -0.998755      0.04989
    -82.3733      37.9103      4.03823
    0.834724   -0.0663933    -0.546652
    0.549407    0.0332393     0.834893
   -0.037261     -0.99724    0.0642226
    -77.1196      41.7133      4.12344
    0.896959   -0.0199917    -0.441662
    0.442086    0.0518828     0.895471
  0.00501262    -0.998453    0.0553748
    -71.6008      44.7731      3.73502
    0.946164     -0.04386    -0.320703
     0.32215    0.0311064     0.946178
  -0.0315234    -0.998553    0.0435612
    -65.8155        47.08      3.73931
    0.977445   -0.0615051    -0.202034
    0.203085    0.0112705     0.979096
  -0.0579424    -0.998043     0.023507
    -59.8376      48.6986      3.53131
    0.995033   -0.0515935   -0.0851303
   0.0861405    0.0176798     0.996126
  -0.0498885    -0.998512    0.0220362
    -53.6097      49.5084      3.33352
    0.998425   -0.0306633    0.0469804
  -0.0463173    0.0219892     0.998685
   -0.031656    -0.999288    0.0205343
    -47.2106      49.5442       3.2615
    0.984298   -0.0226578     0.175052
   -0.174279    0.0325255     0.984159
  -0.0279925    -0.999214     0.028066
    -41.0383      48.7745      3.00873
    0.954371   -0.0170114     0.298138
   -0.297742    0.0224399     0.954383
  -0.0229256    -0.999603     0.016351
    -35.0984      47.2863      2.94942
    0.907561   -0.0373452     0.418256
   -0.417527    0.0259286     0.908294
  -0.0447652    -0.998966   0.00793918
    -29.3311      45.0153      2.91545
    0.854143   -0.0260914     0.519383
   -0.518989    0.0206592     0.854531
  -0.0330259    -0.999446   0.00410479
    -23.6503      41.8624      2.72717
     0.77268    -0.014606     0.634627
   -0.634125    0.0281705     0.772717
  -0.0291641    -0.999496    0.0125047
    -18.5121       38.345      2.72628
    0.697938  -0.00138487     0.716157
    -0.71608    0.0134959     0.697888
  -0.0106316    -0.999908    0.0084276
    -13.8352      34.1912      2.72507
    0.589376   0.00060448     0.807859
   -0.807738    0.0177485     0.589274
  -0.0139821    -0.999842    0.0109488
    -9.82106      29.4221      2.71553
    0.477634    0.0071725      0.87853
   -0.878554   0.00724277     0.477588
 -0.00293749    -0.999948   0.00976083
    -6.45899      24.0799      2.81394
    0.372803    0.0208066     0.927677
   -0.927861  -0.00192057     0.372921
  0.00954089    -0.999782    0.0185897
    -3.72832      18.4419      2.76909
    0.249774    0.0339042      0.96771
   -0.968293     0.013546      0.24945
 -0.00465116    -0.999333    0.0362127
    -1.79777      12.5352       2.9078
    0.140343    0.0311385     0.989613
     -0.9901   0.00193448     0.140351
  0.00245594    -0.999513    0.0311017
   -0.645653      6.33705      2.99809
   0.0223876    0.0540278     0.998288
   -0.999383   -0.0258053    0.0238088
   0.0270474    -0.998206    0.0534168
  -0.0959045     0.106388      3.12848
   -0.100286    0.0485904     0.993771
   -0.994837   -0.0205147   -0.0993904
   0.0155576    -0.998608    0.0503968
   -0.419433     -6.06277      3.28406
   -0.230384    0.0536563     0.971619
   -0.972597   -0.0447861    -0.228143
   0.0312737    -0.997555    0.0625039
     -1.5259     -12.2906      3.40362
   -0.354922    0.0625478     0.932801
   -0.934608  0.000999154    -0.355677
  -0.0231788    -0.998041    0.0581031
    -3.26254     -18.2413      3.65961
   -0.468517    0.0531438     0.881855
   -0.883454   -0.0269281    -0.467744
 -0.00111096    -0.998224    0.0595663
    -5.92888     -24.0441      3.65893
   -0.576006    0.0494869     0.815946
    -0.81739   -0.0465418    -0.574202
  0.00956013     -0.99769    0.0672584
    -9.19632     -29.3854       3.7046
   -0.669519    0.0333754     0.742045
   -0.742332   -0.0653256     -0.66684
   0.0262185    -0.997306    0.0685123
    -13.1668     -34.1924      3.90414
   -0.765604    0.0203528      0.64299
   -0.642465    -0.075467     -0.76259
   0.0330037    -0.996941    0.0708537
    -17.7976     -38.6882       4.1208
   -0.844861   0.00737548     0.534935
   -0.533282   -0.0913552     -0.84099
   0.0426664    -0.995791    0.0811157
    -22.8749     -42.3244      4.52435
   -0.906709 -0.000981915     0.421756
    -0.42031   -0.0806883    -0.903786
   0.0349183    -0.996739    0.0727481
    -28.4456     -45.1962      4.81347
   -0.951368    -0.019478      0.30744
   -0.304552   -0.0906486    -0.948173
   0.0463376    -0.995692    0.0803081
    -34.1635     -47.4971      5.12444
    -0.98261  -0.00427236     0.185631
   -0.184585   -0.0859306    -0.979053
   0.0201342    -0.996292    0.0836477
    -40.2358     -49.1266      5.30731
   -0.998124   -0.0129211    0.0598504
  -0.0584594   -0.0895694    -0.994263
   0.0182077    -0.995897     0.088646
    -46.4508      -50.057      5.62502
   -0.996989   -0.0356016   -0.0688922
   0.0717962   -0.0880214    -0.993528
   0.0293072    -0.995482    0.0903124
    -52.8242     -50.1544      5.85308
    -0.98171    -0.041897    -0.185715
    0.188907   -0.0931589    -0.977566
    0.023656    -0.994769    0.0993696
    -58.9774     -49.2217      6.17516
   -0.950619   -0.0558965    -0.305285
    0.309263   -0.0879595      -0.9469
   0.0260756    -0.994555     0.100903
     -65.036     -47.7459      6.38927
   -0.912105   -0.0350477    -0.408456
    0.409929   -0.0896363    -0.907703
 -0.00479963    -0.995358    0.0961248
    -70.7083     -45.3675      6.57752
   -0.845451   -0.0637666    -0.530232
    0.533774   -0.0688323    -0.842821
   0.0172467    -0.995588    0.0922314
    -76.2588     -42.3984        6.679
   -0.764918   -0.0684263    -0.640482
    0.644026   -0.0635695    -0.762358
   0.0114502    -0.995629    0.0926938
    -81.3802     -38.7877      6.84087
   -0.682594   -0.0747959     -0.72696
     0.73076   -0.0800657    -0.677923
  -0.0074987    -0.993979      0.10931
    -85.9909      -34.494      6.96049
   -0.594883   -0.0840044    -0.799411
    0.803773   -0.0719719    -0.590566
 -0.00792499    -0.993863     0.110335
    -90.0619     -29.6654      7.03733
   -0.487157   -0.0959289     -0.86803
     0.87329   -0.0610042    -0.483367
 -0.00658463    -0.993517     0.113492
    -93.4537     -24.4453      7.12322
   -0.382954    -0.105107    -0.917768
    0.923765   -0.0456414    -0.380229
 -0.00192349    -0.993413     0.114573
    -96.1799     -18.7899       7.2332
   -0.256008    -0.105042    -0.960951
    0.966668   -0.0316128    -0.254075
 -0.00368972    -0.993965     0.109634
    -98.1402     -12.8931      7.36436
   -0.139579    -0.110963    -0.983974
    0.990188   -0.0224077    -0.137933
 -0.00674316    -0.993572     0.113002
    -99.1963     -6.72855      7.30594
  0.00145253    -0.113499    -0.993537
    0.999879   -0.0152133   0.00319974
  -0.0154782    -0.993422     0.113463
    -99.7292    -0.549236      7.29876
    0.113599    -0.114541    -0.986902
    0.993304  -0.00791915     0.115255
  -0.0210168    -0.993387     0.112874
    -99.3978        5.666      7.38056
    0.243791    -0.119005    -0.962499
    0.969739    0.0433086     0.240271
   0.0130911    -0.991949     0.125962
    -98.3342      11.8151      7.34188
    0.350612    -0.118075    -0.929048
    0.936495    0.0367914     0.348746
 -0.00699715    -0.992323     0.123476
    -96.3655        17.71      7.45115
    0.470219    -0.121005    -0.874215
    0.882426    0.0479201     0.468003
  -0.0147384    -0.991495     0.129311
    -93.7598      23.3411      7.34523
    0.574502    -0.132975    -0.807629
    0.817187    0.0372542     0.575167
   -0.046395    -0.990419     0.130068
    -90.4489      28.5632       7.3302
    0.673025    -0.120975    -0.729659
    0.738211    0.0490019     0.672788
  -0.0456362    -0.991445     0.122285
    -86.5893      33.3849      7.25214
    0.764602    -0.102088    -0.636366
    0.643656    0.0703517     0.762075
  -0.0330295    -0.992285     0.119501
    -82.0931      37.7543       7.0788
    0.835294   -0.0958879    -0.541377
    0.549173    0.0983878     0.829897
  -0.0263122    -0.990518     0.134842
    -77.0351      41.5446      7.04513
    0.897851    -0.086148     -0.43179
     0.43847     0.085622     0.894658
  -0.0401023    -0.992596     0.114649
    -71.4869      44.5527      6.89882
    0.942589    -0.060965    -0.328343
     0.33271    0.0866051     0.939044
  -0.0288127    -0.994376     0.101917
    -65.7218      46.8898      6.77932
     0.97967   -0.0626468    -0.190583
    0.195348     0.081636      0.97733
  -0.0456682    -0.994691    0.0922142
    -59.5808      48.5061      6.60072
    0.997336   -0.0271416   -0.0677112
   0.0697736    0.0840723     0.994014
  -0.0212865     -0.99609    0.0857421
     -53.395      49.2707      6.37319
    0.997473   -0.0250994    0.0664713
  -0.0639506    0.0905459     0.993837
  -0.0309634    -0.995576    0.0887119
    -47.0165      49.3467      6.23996
    0.982295   -0.0281567     0.185213
   -0.182329    0.0834772     0.979688
  -0.0430458    -0.996112    0.0768655
    -40.9109      48.5678      6.17839
    0.949321   -0.0245901     0.313344
   -0.309982    0.0915817     0.946321
  -0.0519668    -0.995494     0.079318
    -34.9821      47.1993       6.0181
    0.903875    0.0266535     0.426966
   -0.427679     0.079736     0.900407
  -0.0100456     -0.99646    0.0834705
    -29.2534       44.797      5.84234
    0.850505    0.0260982     0.525319
   -0.525749    0.0709858     0.847673
  -0.0151674    -0.997136    0.0740949
    -23.7657      41.7114      5.85809
    0.776343    0.0464233     0.628599
   -0.630309    0.0592525      0.77408
 -0.00131069    -0.997163    0.0752613
    -18.5709       38.199       5.8051
    0.693731    0.0308249     0.719575
    -0.71973    0.0670712     0.691007
  -0.0269625    -0.997272    0.0687149
    -13.9998      33.9203      5.88924
    0.591018    0.0549685     0.804783
   -0.806646    0.0457058     0.589265
 -0.00439227    -0.997441    0.0713531
    -9.97964       29.202      5.85503
    0.493824    0.0550055     0.867821
    -0.86954    0.0383867     0.492369
  -0.0062298    -0.997748    0.0667857
     -6.6442      24.0684      5.98779
    0.371953    0.0679715      0.92576
   -0.928179    0.0397139     0.370009
  -0.0116155    -0.996897    0.0778614
    -3.87374        18.35      5.96317
    0.253368    0.0913447     0.963048
   -0.967302    0.0121588     0.253334
   0.0114313    -0.995745    0.0914386
    -1.94899       12.448      5.86909
    0.134279    0.0993615     0.985949
   -0.990146   -0.0264461     0.137516
   0.0397383      -0.9947    0.0948313
   -0.897179      6.35547      6.01721
   0.0225171     0.102933     0.994433
   -0.999737   0.00669174    0.0219445
 -0.00439568    -0.994666     0.103056
   -0.381369     0.229251      6.22486
  -0.0951673     0.113265     0.988997
   -0.995286   0.00781042    -0.096667
  -0.0186735    -0.993534     0.111988
   -0.660618     -6.01027      6.33828
   -0.222971     0.100374     0.969644
   -0.974487   -0.0491626    -0.218996
   0.0256889    -0.993734     0.108775
    -1.69971     -12.2127      6.46715
    -0.35474    0.0930621     0.930322
   -0.934854    -0.050654    -0.351401
   0.0144225    -0.994371     0.104968
     -3.5059     -18.2183      6.64446
   -0.478012    0.0911548      0.87361
   -0.878163   -0.0702963    -0.473168
     0.01828    -0.993353     0.113651
    -6.02328     -23.8721      6.80524
   -0.576062    0.0907565     0.812352
   -0.817189    -0.086851    -0.569789
   0.0188416    -0.992079     0.124197
    -9.39603     -29.2444      6.95175
   -0.674352    0.0743247      0.73466
   -0.738111   -0.0961884    -0.667788
   0.0210327    -0.992584     0.119725
    -13.3006     -33.9929      6.99372
   -0.763941    0.0409832     0.643984
   -0.643188    -0.128784    -0.754801
   0.0520004    -0.990826     0.124743
    -17.9078     -38.2665      7.20501
   -0.843278    0.0395937     0.536017
   -0.536382    -0.125644    -0.834571
   0.0343035    -0.991285      0.12719
    -22.9363     -41.9083      7.57508
   -0.904262    0.0127864     0.426786
   -0.424266     -0.13937    -0.894748
   0.0480405    -0.990158     0.131452
    -28.4644     -44.8509      7.74187
   -0.947687    0.0284614     0.317929
   -0.318804    -0.134016    -0.938298
   0.0159023     -0.99057     0.136079
    -34.2039     -47.1577      8.09864
   -0.980842   -0.0308395     0.192346
   -0.185474    -0.154047    -0.970499
   0.0595602    -0.987582     0.145376
    -40.2354     -48.7955      8.18985
   -0.997681   -0.0136337    0.0666857
  -0.0638501    -0.151952    -0.986323
   0.0235803    -0.988294     0.150729
    -46.3864     -49.5785      8.62389
   -0.998572   -0.0217059   -0.0488156
   0.0514515    -0.144744     -0.98813
   0.0143824    -0.989231     0.145654
    -52.6938     -49.6527      8.97504
   -0.983756   -0.0383793    -0.175358
    0.179259    -0.158484    -0.970953
  0.00947295    -0.986615      0.16279
    -58.8571     -48.8304      9.16774
   -0.950984   -0.0497332    -0.305213
    0.309225    -0.162242    -0.937047
 -0.00291621    -0.985497     0.169669
    -64.9058     -47.2913      9.38284
   -0.908104   -0.0534407    -0.415322
    0.418289    -0.162056     -0.89374
  -0.0195433    -0.985333     0.169517
    -70.7556     -45.0132      9.53015
    -0.84486   -0.0997874    -0.525599
    0.534775    -0.129837     -0.83496
   0.0150762    -0.986501     0.163058
    -76.1434     -42.0248      9.68442
   -0.777426   -0.0860085    -0.623067
    0.628866    -0.124697    -0.767449
  -0.0116877     -0.98846     0.151031
    -81.2083     -38.5088      9.93836
    -0.68424    -0.134461    -0.716754
    0.728907   -0.0956428    -0.677899
   0.0225987    -0.986292     0.163452
    -85.8254      -34.269       9.8685
   -0.593669    -0.159845    -0.788674
    0.804043   -0.0779664    -0.589437
   0.0327284    -0.984058     0.174808
    -89.7625     -29.4782      9.97977
   -0.496502    -0.142433     -0.85627
    0.867827    -0.103067    -0.486059
  -0.0190226    -0.984424      0.17478
    -93.1226     -24.2982      10.3393
   -0.381567    -0.146465    -0.912663
    0.923479    -0.103044    -0.369552
  -0.0399184    -0.983834     0.174575
    -95.6821     -18.6772      10.3672
   -0.259035    -0.183618    -0.948254
    0.965854   -0.0440457    -0.255314
  0.00511366     -0.98201     0.188757
    -97.7228     -12.8851      10.1769
   -0.141207    -0.163132    -0.976447
    0.989764   -0.0438849    -0.135801
  -0.0206978    -0.985628     0.167659
    -98.8037     -6.69006      10.3403
  -0.0032514    -0.179148    -0.983817
    0.999351   -0.0358632   0.00322775
  -0.0358611    -0.983168     0.179148
    -99.3119    -0.533107      10.3862
    0.109462    -0.179969    -0.977563
    0.992528   -0.0335423     0.117313
  -0.0539024      -0.9831     0.174952
    -98.8701      5.66642      10.4333
    0.242107    -0.170476    -0.955156
     0.97023    0.0487539     0.237226
   0.0061261    -0.984155     0.177205
    -97.8231      11.6856      10.3574
    0.361245     -0.17843     -0.91524
    0.932304    0.0505448     0.358126
  -0.0176397    -0.982654      0.18461
    -95.8815         17.6      10.3737
      0.4703     -0.16776    -0.866415
    0.882418    0.0755198     0.464365
  -0.0124705    -0.982931     0.183552
    -93.3731      23.2307       10.314
    0.584021    -0.164475    -0.794901
    0.811635     0.102691     0.575068
  -0.0129546    -0.981021     0.193468
     -90.061      28.4697      10.4048
    0.672321    -0.169676    -0.720551
    0.738282    0.0826021     0.669415
  -0.0540646    -0.982032     0.180804
    -86.0828      33.3357      10.3266
    0.753867    -0.170801    -0.634437
    0.653337    0.0926911     0.751371
  -0.0695281    -0.980936     0.181467
    -81.6212       37.587      10.1679
    0.840675    -0.122874    -0.527417
    0.540712     0.136592     0.830044
    -0.02995    -0.982977     0.181269
    -76.7891      41.2549      10.0964
    0.896838    -0.105435    -0.429609
    0.441523     0.153702     0.883987
  -0.0271716    -0.982476     0.184398
    -71.1984      44.3236      9.96608
    0.943826   -0.0892191    -0.318169
    0.328271     0.142978       0.9337
  -0.0378125    -0.985696     0.164235
    -65.3587      46.6015      9.75613
     0.97873   -0.0770357     -0.19014
    0.199357     0.138378     0.970107
  -0.0484217    -0.987379     0.150792
    -59.3925      48.1913      9.50175
    0.997255   -0.0390767   -0.0628867
   0.0680191     0.148071     0.986635
  -0.0292427    -0.988204     0.150323
    -53.2895      48.9204      9.41367
    0.997393   -0.0057204    0.0719286
  -0.0701848     0.154491     0.985498
  -0.0167498    -0.987978     0.153687
    -47.0061      49.0062      9.34408
     0.97911   -0.0110597     0.203031
   -0.198745     0.158843     0.967093
  -0.0429458    -0.987242     0.153327
    -40.8383      48.1812      9.25872
    0.945419    0.0345475     0.324019
   -0.325524     0.145001     0.934349
  -0.0147037    -0.988828     0.148333
    -34.9278      46.6783      8.98728
    0.897845    0.0661615     0.435313
   -0.440311     0.133013     0.887938
 0.000845236    -0.988904     0.148556
    -29.2861      44.4205      8.84667
    0.852608    0.0503068     0.520124
   -0.521748     0.137105      0.84201
  -0.0289528    -0.989278     0.143144
    -23.7837      41.4935      8.86393
    0.774963     0.080343      0.62688
   -0.631655     0.131575     0.764003
  -0.0210997    -0.988045     0.152715
    -18.7231      37.9031      8.82344
     0.68467    0.0918629     0.723041
    -0.72878      0.10035     0.677355
  -0.0103336    -0.990702     0.135655
    -14.0808      33.7666      8.85163
    0.581709     0.124921     0.803747
    -0.81286    0.0533769     0.580008
   0.0295536     -0.99073     0.132593
    -10.1998      28.9782       8.8765
    0.484922     0.120784     0.866176
   -0.874522    0.0581348     0.481488
  0.00780113    -0.990975     0.133819
    -6.97268      23.9027      8.91523
    0.371345     0.121244     0.920545
   -0.928216    0.0727607     0.364856
  -0.0227428    -0.989952      0.13956
    -4.29271      18.1978       9.0483
    0.243139     0.148429     0.958568
   -0.969991    0.0369119     0.240321
 0.000287999    -0.988234     0.152949
    -2.33562      12.3467      9.04567
    0.135161       0.1594     0.977918
   -0.990786    0.0303353     0.131995
 -0.00862552    -0.986748     0.162031
    -1.18203      6.43669      9.12119
  0.00485487     0.155256     0.987862
   -0.999978  -0.00368227   0.00549313
  0.00449042    -0.987867     0.155234
   -0.795152     0.236976      9.24819
    -0.11515     0.157844     0.980727
   -0.993326   -0.0249232    -0.112618
  0.00666688    -0.987149      0.15966
    -1.04373     -5.84867      9.38765
   -0.217372     0.157926     0.963228
   -0.976014    -0.047382    -0.212489
   0.0120821    -0.986313     0.164438
    -2.14816     -11.8904      9.41263
   -0.351337     0.158102     0.922803
    -0.93624   -0.0551266    -0.347008
  -0.0039917    -0.985883      0.16739
    -3.95323     -17.9073      9.59945
   -0.470651     0.141542     0.870892
   -0.882289   -0.0836628    -0.463213
  0.00729704    -0.986391     0.164257
     -6.5468     -23.5945      9.82755
   -0.579197     0.142949     0.802556
   -0.815161    -0.109415    -0.568806
  0.00650147    -0.983664     0.179899
     -9.7358     -28.8524      9.96044
   -0.677245      0.11009     0.727475
   -0.735123    -0.142312    -0.662829
   0.0305574    -0.983681      0.17731
     -13.735     -33.5244      10.0661
   -0.771674    0.0867166     0.630079
   -0.634397    -0.175629    -0.752791
   0.0453804     -0.98063     0.190541
    -18.1535     -37.8238      10.3323
   -0.840173    0.0806768     0.536284
   -0.541715    -0.171512    -0.822878
   0.0255918    -0.981873     0.187803
     -23.271     -41.4008      10.6096
   -0.905734    0.0683329     0.418303
   -0.423642    -0.176637     -0.88844
   0.0131779    -0.981901     0.188935
    -28.5471     -44.3912      10.8451
   -0.951673    0.0350628     0.305105
   -0.305688    -0.203741    -0.930078
   0.0295512    -0.978397     0.204613
    -34.2676     -46.6527      11.0151
   -0.980375   -0.0138268     0.196656
   -0.189927    -0.201138    -0.960974
   0.0528421    -0.979465     0.194564
    -40.2584     -48.0651      11.2587
    -0.99562   -0.0636269    0.0684945
  -0.0536859    -0.210686    -0.976079
   0.0765356    -0.975481     0.206347
    -46.4104     -48.9862      11.5756
   -0.998777   -0.0151477   -0.0470744
   0.0492204    -0.212577    -0.975904
  0.00477576    -0.977027     0.213063
    -52.5956     -48.9899       11.881
   -0.982077   -0.0838372    -0.168808
    0.182905    -0.207685    -0.960944
   0.0455038    -0.974596     0.219297
    -58.7548     -48.1489      11.9975
   -0.955079    -0.104789    -0.277206
    0.293559    -0.206445    -0.933383
   0.0405811    -0.972831     0.227933
    -64.7303     -46.5502      12.3645
   -0.909589     -0.10699      -0.4015
    0.415151    -0.193854    -0.888859
   0.0172664    -0.975179     0.220744
    -70.5398     -44.4062      12.4801
   -0.849823    -0.130027    -0.510778
    0.526504    -0.164576    -0.834091
   0.0243929    -0.977756      0.20832
    -75.8746     -41.6853      12.6687
     -0.7823    -0.132578    -0.608629
    0.622885    -0.173722    -0.762781
 -0.00460421     -0.97583     0.218483
    -80.8603     -38.0997      12.8466
   -0.682986    -0.197074    -0.703344
    0.728805    -0.119623    -0.674192
   0.0487295    -0.973063     0.225329
    -85.4223     -33.9234      12.8575
   -0.590353    -0.198206    -0.782431
    0.806896    -0.120838    -0.578202
   0.0200562    -0.972683     0.231269
       -89.3     -29.1983      13.0563
   -0.487843    -0.216999     -0.84553
    0.872872    -0.109963    -0.475397
   0.0101837    -0.969958     0.243058
    -92.6312     -23.9345      13.2198
   -0.389084    -0.215831    -0.895562
    0.921114    -0.104634    -0.374969
  -0.0127761    -0.970808     0.239516
    -95.2186     -18.4239      13.3266
   -0.263525    -0.231845    -0.936377
    0.964637   -0.0687983    -0.254444
 -0.00542964    -0.970317     0.241776
    -97.1321     -12.6341      13.2759
   -0.137686     -0.23068    -0.963239
    0.990476   -0.0316599    -0.133997
 0.000414359    -0.972515     0.232842
    -98.3594     -6.51766      13.2876
  -0.0090266    -0.240194    -0.970683
    0.999814   -0.0187308  -0.00466258
  -0.0170618    -0.970544     0.240319
    -98.7552    -0.373728      13.3154
    0.124653    -0.238601    -0.963084
    0.991998     0.010373     0.125825
  -0.0200319    -0.971062     0.237985
    -98.2977      5.67556       13.434
    0.241883     -0.23787    -0.940697
    0.969793    0.0277673     0.242343
  -0.0315256      -0.9709     0.237401
    -97.1994      11.5859      13.3979
     0.35773    -0.225272    -0.906246
    0.933721     0.071803     0.350727
  -0.0139381    -0.971646     0.236028
    -95.2997      17.5555      13.2909
    0.476617    -0.211372    -0.853322
    0.879108      0.11218     0.463232
 -0.00218853    -0.970947     0.239286
    -92.7587      23.0473      13.2254
    0.591793    -0.200326    -0.780802
    0.806056      0.13808     0.575507
 -0.00747557     -0.96995     0.243188
    -89.5263      28.3302       13.323
    0.676734    -0.222617    -0.701764
    0.733271     0.118464     0.669537
  -0.0659167    -0.967682     0.243407
    -85.5426      32.9969      13.3313
    0.765836    -0.174745    -0.618837
    0.642339     0.163092     0.748867
  -0.0299333    -0.971012     0.237148
    -81.2356      37.1419      13.1207
     0.84098    -0.144364    -0.521452
    0.540839     0.196391     0.817877
  -0.0156634     -0.96984     0.243238
    -76.3518      40.7151      13.0198
    0.899309    -0.141382     -0.41383
    0.435024     0.192479     0.879606
  -0.0447069    -0.971063     0.234602
    -70.9232      43.7803       12.828
    0.949839   -0.0909801    -0.299214
    0.312153     0.217248     0.924859
  -0.0191403    -0.971867      0.23475
    -65.1888      46.1463      12.5348
    0.983763   -0.0558231    -0.170569
    0.178738     0.218883     0.959241
  -0.0162131    -0.974153     0.225307
    -59.1741      47.6755       12.504
    0.997423   -0.0446168    -0.056185
   0.0644491     0.213107     0.974901
  -0.0315235     -0.97601     0.215433
    -53.1007      48.4482      12.4223
    0.997853 -0.000314038    0.0654956
  -0.0638458     0.218413     0.973766
  -0.0146109    -0.975856     0.217924
    -46.9524      48.4997      12.3954
     0.98054   -0.0236337     0.194891
   -0.184814     0.223726     0.956969
   -0.066219    -0.974365     0.215004
    -40.8059      47.7367      12.1939
    0.947232    0.0578985     0.315275
   -0.320378     0.203036     0.925275
  -0.0104401    -0.977458     0.210872
    -35.0536      46.3249      12.0445
    0.902729    0.0749817     0.423625
   -0.429916     0.193594     0.881869
  -0.0158872    -0.978212     0.206999
     -29.392       43.912      11.8869
    0.848376    0.0970985     0.520414
    -0.52889      0.19836     0.825184
  -0.0231052    -0.975308     0.219638
    -24.0527      41.0181      11.9098
    0.768552     0.137744     0.624783
   -0.639786     0.164337     0.750777
 0.000739909    -0.976739     0.214429
      -19.02      37.5486      11.9256
     0.68351     0.141269     0.716141
    -0.72989     0.143931      0.66824
 -0.00867306    -0.979452     0.201489
    -14.5754      33.2858      11.9309
    0.588629     0.160684     0.792273
   -0.808403     0.116286     0.577028
 0.000589023    -0.980132     0.198347
    -10.7155      28.6051      11.9488
    0.473462      0.19706     0.858488
   -0.880483    0.0791569     0.467423
    0.024155    -0.977191     0.210985
    -7.38978      23.6481      11.9242
    0.356532     0.200299      0.91256
   -0.934001    0.0524133     0.353405
   0.0229562    -0.978332     0.205766
    -4.78413      18.0438       12.016
     0.24763     0.211271     0.945539
    -0.96885    0.0569628     0.241007
 -0.00294277    -0.975766     0.218796
    -2.98755      12.2506      12.1993
    0.127217     0.219887     0.967195
   -0.991832    0.0191572     0.126102
  0.00919948    -0.975337     0.220528
    -1.79046      6.37627      12.2835
  0.00860295     0.209708     0.977726
   -0.999959   0.00446935   0.00783996
 -0.00272569    -0.977754     0.209738
    -1.37499      0.33965      12.4049
   -0.117094     0.215154     0.969535
   -0.992582   -0.0575216    -0.107112
   0.0327236    -0.974885     0.220293
    -1.67926     -5.75888      12.2962
   -0.238798     0.219302     0.945982
   -0.970868   -0.0737755    -0.227977
   0.0197945    -0.972864     0.230531
    -2.72768     -11.8062      12.5035
   -0.365497     0.206943     0.907517
   -0.930803   -0.0769052    -0.357339
 -0.00415599    -0.975326     0.220732
    -4.49731     -17.6705      12.5946
   -0.479614     0.198004     0.854848
   -0.877338    -0.125726     -0.46311
   0.0157791    -0.972105     0.234017
    -7.02494     -23.2531      12.7659
   -0.576197     0.200473     0.792343
   -0.817199    -0.125272    -0.562577
  -0.0135229    -0.971657     0.236007
    -10.2004     -28.3011      12.9729
   -0.681566      0.14157     0.717932
   -0.730149    -0.196563    -0.654405
   0.0484746    -0.970217     0.237337
    -14.0536      -32.995      13.0178
   -0.765634      0.13343     0.629286
   -0.641955    -0.221146    -0.734158
   0.0412058     -0.96607     0.254973
    -18.5476     -37.2214      13.4052
   -0.839993     0.119818     0.529202
   -0.541986    -0.231535    -0.807863
   0.0257328     -0.96542     0.259428
    -23.4984     -40.8434      13.6415
   -0.904667    0.0482092     0.423383
   -0.420836    -0.257045    -0.869957
   0.0668887    -0.965196     0.252829
    -28.7397     -43.8007       13.716
   -0.949669    0.0265402      0.31213
   -0.308386    -0.254236    -0.916658
   0.0550265    -0.966778     0.249625
    -34.4583     -45.9759       14.124
   -0.979208    0.0190565     0.201964
   -0.199914    -0.259729    -0.944762
    0.034452    -0.965493     0.258138
    -40.2633     -47.3895      14.3139
   -0.996654   0.00240943    0.0816965
  -0.0793505    -0.268059    -0.960129
   0.0195861      -0.9634     0.267353
    -46.3253     -48.1944      14.5707
   -0.999264  -0.00934119   -0.0371975
   0.0383447    -0.262921    -0.964055
-0.000774579    -0.964772     0.263086
    -52.4184     -48.2134      14.8189
   -0.984746   -0.0775983    -0.155735
    0.171069    -0.268294    -0.948026
   0.0317826    -0.960207     0.277476
    -58.5548     -47.4702      14.8669
   -0.954965    -0.114636     -0.27368
    0.294718     -0.25952    -0.919669
   0.0344019     -0.95891     0.281618
    -64.5408     -45.9515      15.1166
   -0.917259   -0.0982046    -0.385994
    0.397929    -0.267259    -0.877625
  -0.0169735    -0.958608     0.284224
     -70.102     -43.8248      15.4734
    -0.85163     -0.16851    -0.496316
    0.523528    -0.227626    -0.821039
    0.025379    -0.959057     0.282073
     -75.439     -41.0154      15.6008
   -0.775333    -0.178053    -0.605934
    0.631552    -0.220138    -0.743425
 -0.00102048    -0.959081      0.28313
    -80.3427     -37.4653      15.8577
   -0.677466     -0.23856    -0.695794
    0.734488    -0.168491    -0.657372
   0.0395876    -0.956399     0.289367
    -84.7284      -33.436      15.8373
   -0.589234     -0.27567     -0.75948
    0.806548    -0.145098    -0.573085
    0.047783    -0.950238     0.307838
    -88.6888     -28.7114      16.0074
   -0.501001    -0.263118     -0.82448
    0.865418    -0.144646    -0.479717
  0.00696441    -0.953859     0.300175
    -91.7977     -23.5405      16.2612
     -0.3912    -0.265002    -0.881326
    0.919134    -0.160811    -0.359628
   -0.046425    -0.950744     0.306482
     -94.497     -18.2553      16.2765
   -0.264723    -0.286907    -0.920655
    0.963813    -0.109799    -0.242916
  -0.0313927    -0.951645     0.305591
    -96.3788     -12.4314      16.2112
   -0.120879    -0.291039    -0.949044
     0.99264   -0.0283678    -0.117732
  0.00734235     -0.95629     0.292326
     -97.566     -6.29908      16.1245
 -0.00503239    -0.285076    -0.958492
    0.999955  -0.00911821  -0.00253813
 -0.00801617    -0.958462     0.285109
    -97.9607    -0.316927      16.3749
    0.110944    -0.293389    -0.949534
    0.993447   0.00632672      0.11412
   -0.027474    -0.955972     0.292168
    -97.6916      5.66901      16.3433
    0.242568    -0.292643    -0.924944
    0.970074    0.0625251     0.234622
  -0.0108282    -0.954175     0.299052
    -96.4397      11.5855      16.3185
    0.361483    -0.283479     -0.88824
     0.93233     0.100101     0.347479
 -0.00958872     -0.95374      0.30048
     -94.627       17.406      16.4795
    0.480463    -0.272578     -0.83358
    0.877014     0.147829     0.457158
 -0.00138382    -0.950709     0.310081
    -92.0017      22.7983       16.271
    0.592231    -0.240915     -0.76891
    0.805757      0.18223     0.563515
  0.00435937    -0.953285     0.302041
    -88.7142      27.9941      16.1966
    0.681585    -0.234972    -0.692987
    0.731085     0.178647     0.658483
  -0.0309249    -0.955444     0.293547
    -84.9343      32.4786      16.2958
    0.763533    -0.233965    -0.601895
    0.642983     0.188968     0.742202
  -0.0599104    -0.953704     0.294719
    -80.6378      36.5128      16.2464
    0.833655    -0.213561    -0.509324
    0.549089     0.221405     0.805904
  -0.0593424     -0.95151      0.30184
    -75.8848      40.0467      16.0072
    0.901843    -0.176184     -0.39451
    0.428429     0.246463     0.869313
  -0.0559271    -0.953003     0.297753
    -70.5077      43.1514      15.7385
    0.950636    -0.109621    -0.290302
    0.309588     0.271289     0.911349
  -0.0211478    -0.956235     0.291834
    -64.7898      45.4535      15.5523
    0.984204   -0.0573482    -0.167492
    0.176948     0.288473     0.940996
  -0.0056476    -0.955769     0.294064
     -58.868      47.0135      15.4963
    0.998648   -0.0251558   -0.0454859
   0.0508129     0.288176     0.956228
  -0.0109468    -0.957247     0.289064
    -52.8389      47.7146      15.3824
    0.997783  -0.00862434    0.0659919
  -0.0608085     0.284859     0.956639
  -0.0270488    -0.958531     0.283703
    -47.0446      47.7083      15.4068
    0.982243    0.0101352     0.187338
   -0.182897     0.274183     0.944125
  -0.0417959    -0.961624     0.271168
    -40.9627      47.0448       15.133
    0.948642    0.0647572     0.309654
   -0.315717     0.255797     0.913723
  -0.0200383    -0.964559     0.263105
    -35.0992      45.5043      15.0408
     0.90618     0.100574     0.410759
    -0.42253     0.255519     0.869585
  -0.0174992    -0.961559     0.274041
    -29.6443      43.2207      14.9456
    0.845982     0.115874     0.520469
   -0.531855     0.252958     0.808172
  -0.0380107    -0.960513     0.275626
    -24.4447      40.5296      14.9702
    0.774231     0.129658      0.61948
   -0.630491     0.243382     0.737053
  -0.0552052    -0.961225     0.270182
    -19.5141       36.993      14.8667
    0.696505     0.178704     0.694943
   -0.717195     0.203929     0.666366
  -0.0226372    -0.962537     0.270203
    -15.1458      32.7901      14.8335
    0.606102     0.198479     0.770225
   -0.795076     0.178256     0.579723
  -0.0222344    -0.963759     0.265847
    -11.3006      28.2281      14.8997
    0.483398     0.246332     0.840028
   -0.875302     0.121567     0.468047
   0.0131754    -0.961531      0.27438
    -8.01378      23.1813      14.8036
     0.37104     0.269179     0.888747
   -0.928235    0.0800549     0.363279
   0.0266384    -0.959757     0.279565
    -5.51851      17.7409      15.0811
    0.256532     0.270324     0.927963
   -0.966521    0.0664619      0.24783
   0.0053202    -0.960473     0.278323
    -3.61101      12.0888      15.1333
    0.123997     0.274811     0.953469
   -0.992283    0.0345129     0.119098
-0.000177643    -0.960879      0.27697
    -2.49083      6.26975      15.3118
   0.0135735     0.270932     0.962503
     -0.9994    0.0343465   0.00442571
  -0.0318595    -0.961986     0.271235
    -2.13903     0.344846      15.3604
   -0.126868     0.276611     0.952571
   -0.991628   -0.0586703    -0.115033
   0.0240683    -0.959189     0.281738
    -2.35543     -5.73286      15.2738
   -0.228336     0.286718     0.930406
   -0.973547   -0.0591071    -0.220708
 -0.00828733     -0.95619     0.292629
    -3.33797     -11.6007      15.4546
   -0.355053     0.262165     0.897333
   -0.934694     -0.11688    -0.335688
   0.0168742    -0.957919     0.286543
    -5.15736     -17.3835      15.5375
   -0.474877     0.240683     0.846501
   -0.879692    -0.157341    -0.448761
   0.0251798    -0.957766     0.286445
    -7.64713      -22.797      15.7254
    -0.58096     0.214245     0.785229
   -0.813329    -0.189919    -0.549933
   0.0313101    -0.958139     0.284587
     -10.809     -27.8122      15.9281
   -0.680561     0.206061     0.703119
