  -0.0202864    -0.999715    0.0125479
   0.0164226    -0.012882    -0.999782
    0.999659   -0.0200759    0.0166792
           0            0            0
   -0.099579    -0.994963    0.0114936
     0.12322   -0.0237927    -0.992094
    0.987371   -0.0973755     0.124968
   -0.240515     0.298922      5.47628
   -0.127577    -0.991805   0.00688831
    0.216805   -0.0346635    -0.975599
    0.967843     -0.12297      0.21945
   -0.885245      1.17844      10.8711
   -0.179696    -0.983517   -0.0201078
    0.329653   -0.0409462    -0.943214
    0.926843     -0.17612     0.331577
    -1.63334      2.77728      16.0934
   -0.255351    -0.965364    -0.053558
    0.426944   -0.0628843    -0.902089
    0.867476    -0.253215     0.428214
    -2.82899      4.90757      21.0885
   -0.275384    -0.956378   -0.0974961
    0.518775   -0.0624591    -0.852626
    0.809343    -0.285378     0.513345
     -4.3169      7.44041       25.553
   -0.347681    -0.928653    -0.129315
    0.600959     -0.11485    -0.790985
    0.719699    -0.352723     0.598013
    -5.97128      10.5739      29.6637
   -0.424594    -0.890741    -0.162174
    0.661021    -0.182582    -0.727815
    0.618685    -0.416226     0.666322
    -8.09358      14.0946      33.2694
    -0.43566    -0.876339      -0.2055
    0.736197    -0.215554    -0.641523
    0.517895    -0.430774     0.739066
    -10.5441      18.0187      36.5448
    -0.45066    -0.856563    -0.251408
    0.787229    -0.248538    -0.564358
    0.420924    -0.452249     0.786317
    -13.0708      22.2111      39.0845
   -0.478026    -0.822875    -0.307195
    0.824469    -0.299761    -0.479994
     0.30289    -0.482722     0.821728
    -15.4302      26.6478      41.2431
   -0.492906    -0.794052    -0.355705
    0.851476    -0.356119    -0.384925
    0.178977    -0.492606     0.851649
    -18.1176      31.1556      42.6527
   -0.509095    -0.751752    -0.419154
    0.860209    -0.427773     -0.27758
   0.0293688    -0.501875     0.864441
    -20.7522      36.0408       43.292
   -0.468467     -0.75023    -0.466577
    0.880668    -0.438653    -0.178905
  -0.0704456    -0.494711     0.866198
    -23.4184      40.9521       43.094
   -0.479094    -0.713008    -0.511945
     0.85685    -0.506454   -0.0965069
   -0.190466    -0.484896      0.85358
    -25.9005      45.7623      42.3982
   -0.464019     -0.67613    -0.572306
    0.822089    -0.569327   0.00607033
   -0.329934     -0.46767     0.820017
    -28.4116      50.4069       41.094
   -0.453945    -0.628629    -0.631473
    0.769337    -0.634047    0.0781405
   -0.449505    -0.450344      0.77145
    -30.8265      54.8091      39.0524
   -0.414137    -0.616927    -0.669247
    0.725895    -0.667453     0.166083
   -0.549152    -0.417022     0.724241
    -33.1972      58.9286      36.3127
   -0.356024    -0.589002    -0.725482
    0.681057    -0.695125     0.230133
    -0.63985    -0.412162     0.648626
    -35.3881      62.7737      32.8785
   -0.307123    -0.583727    -0.751624
    0.609148    -0.727383     0.315996
   -0.731173      -0.3608     0.578972
    -37.2584      66.4039      29.1627
   -0.285288    -0.551884    -0.783603
    0.495417      -0.7848      0.37236
   -0.820471     -0.28198     0.497307
    -38.8154      69.5897      24.9218
   -0.213112    -0.536567    -0.816504
    0.404929    -0.809055     0.425984
   -0.889166    -0.239844     0.389692
    -40.2332      72.1074      20.2065
    -0.17435    -0.529409    -0.830258
    0.284385    -0.834314     0.472277
   -0.942723    -0.153771     0.296018
    -41.2421      73.9682      15.0981
   -0.102869    -0.530831    -0.841211
    0.206161    -0.838712     0.504043
   -0.973096    -0.121574     0.195715
    -42.0149      75.5476       9.6691
  -0.0595566    -0.539738    -0.839723
   0.0890993    -0.840733     0.534068
   -0.994241   -0.0430115    0.0981615
    -42.3399      76.3941      4.34314
  -0.0258932    -0.533659    -0.845303
  -0.0406579    -0.844325     0.534287
   -0.998838    0.0482026  0.000164781
    -42.2715      76.6581     -1.25364
   0.0646861    -0.539814    -0.839295
    -0.12247    -0.838993     0.530181
   -0.990362    0.0684929    -0.120382
    -42.0832      76.3196     -6.79241
    0.113714    -0.549918    -0.827441
   -0.235989    -0.823958     0.515172
   -0.965079     0.136685     -0.22347
    -41.3881      75.4829     -12.4196
    0.197773    -0.559534    -0.804865
   -0.297269    -0.816652     0.494683
   -0.934086     0.141426    -0.327843
    -40.5712      74.0259     -17.7261
    0.261941    -0.572308    -0.777078
   -0.401297    -0.796872     0.451615
   -0.877694     0.193542    -0.438399
    -39.1946       72.085     -22.7678
     0.30481     -0.59867    -0.740733
   -0.514846    -0.757887     0.400676
   -0.801264     0.259233    -0.539234
    -37.5403      69.4932      -27.553
     0.35119    -0.631643    -0.691153
   -0.609767    -0.714464     0.343112
   -0.710528     0.300945    -0.636067
    -35.5506      66.4106     -31.9423
    0.401422    -0.643528    -0.651715
    -0.66648    -0.693312     0.274086
   -0.628224     0.324331    -0.707209
    -33.4171      62.8746     -35.6534
    0.411029    -0.677984     -0.60942
   -0.747786    -0.633106     0.199984
   -0.521413     0.373516    -0.767212
     -31.057      59.0609     -38.8579
    0.479648    -0.690186    -0.541831
    -0.77041    -0.626823     0.116456
   -0.420008     0.361574     -0.83238
    -28.5337      54.6444     -41.5848
    0.468383    -0.738181    -0.485496
   -0.835929    -0.548172    0.0270131
   -0.286076     0.393188    -0.873822
    -25.8301       50.308     -43.5925
    0.482027    -0.757035    -0.441076
   -0.859385    -0.506548   -0.0697657
   -0.170611     0.412683    -0.894754
    -23.0541       45.654     -44.8714
    0.482143    -0.785612    -0.387754
   -0.875036    -0.453562    -0.169098
  -0.0430247     0.420828     -0.90612
     -20.162      40.8531     -45.6316
    0.481642    -0.809686    -0.335307
   -0.871148    -0.400643    -0.283878
    0.095514     0.428829    -0.898322
    -17.3655       35.901     -45.4625
    0.489684    -0.827414    -0.274948
   -0.846771    -0.376143     -0.37616
     0.20782     0.417017    -0.884821
    -14.6923      31.0947     -44.6647
    0.454964    -0.857643    -0.239699
   -0.829426    -0.310143    -0.464612
    0.324131     0.410194    -0.852455
     -11.907      26.3916     -43.2557
    0.431229    -0.884044    -0.180298
   -0.777281    -0.262543    -0.571757
    0.458123     0.386701    -0.800366
    -9.39908      21.9316     -41.0599
    0.424989    -0.894571    -0.138299
   -0.725011    -0.244917    -0.643719
    0.541981     0.373842    -0.752661
    -7.15322      17.7185     -38.2973
    0.411957    -0.907105   -0.0863219
   -0.645639    -0.223733    -0.730133
    0.642995     0.356516     -0.67783
    -4.79372       13.765     -34.9702
    0.348431    -0.936706   -0.0343137
   -0.577452    -0.185674    -0.795031
    0.738339     0.296828    -0.605597
     -2.5978      10.2429     -30.9225
    0.253533    -0.967318  -0.00419675
   -0.509172    -0.129762    -0.850827
    0.822475      0.21785     -0.52543
    -0.75542      7.21462     -26.6144
    0.244252    -0.969275    0.0291124
   -0.403107    -0.128794    -0.906044
    0.881955     0.209568     -0.42218
     0.48107      4.59431     -21.9257
    0.144407     -0.98863    0.0419279
   -0.311694   -0.0856618    -0.946313
    0.939145     0.123586     -0.32052
     1.73547        2.613     -16.7897
   0.0987156    -0.993339     0.059437
   -0.196415   -0.0780033    -0.977413
    0.975539    0.0848117    -0.202806
     2.43633      1.32856     -11.2551
   0.0457308    -0.996617    0.0682815
  -0.0953703   -0.0723966    -0.992806
    0.994391    0.0388898   -0.0983585
     2.89648     0.362957     -5.70802
  -0.0109024    -0.997422    0.0709205
   0.0271537   -0.0711938    -0.997093
    0.999572  -0.00894491    0.0278599
     2.99776     0.117595    0.0541986
  -0.0857534    -0.993728    0.0717715
    0.120899   -0.0818833    -0.989282
    0.988954   -0.0761572     0.127162
      2.7583     0.334833      5.77924
    -0.13007    -0.989614     0.061199
    0.223668   -0.0894181    -0.970555
    0.965947    -0.112552     0.232976
      2.2459      1.42129      11.2523
   -0.180807    -0.982956    0.0332587
    0.334488   -0.0932565    -0.937775
    0.924893    -0.158432     0.345648
     1.26937       2.9476      16.6472
   -0.247356    -0.968922   -0.0022535
    0.426898    -0.106895     -0.89796
    0.869812    -0.223078     0.440072
   0.0636061      5.17392       21.762
   -0.301076     -0.95289   -0.0367865
    0.519224    -0.131453    -0.844468
     0.79985    -0.273349     0.534341
    -1.43966      7.78739      26.4773
   -0.382836     -0.92148   -0.0656566
     0.58833    -0.188396    -0.786368
    0.712253    -0.339678     0.614259
    -3.17629      11.0309       30.609
   -0.427834    -0.898438   -0.0988251
    0.654532    -0.232558    -0.719378
    0.623334    -0.372459     0.687553
    -5.36263      14.6638      34.3814
   -0.457684    -0.876986    -0.146357
    0.715287    -0.265409    -0.646469
      0.5281    -0.400566     0.748771
    -7.73477      18.7576      37.7967
    -0.48583    -0.850407    -0.201934
    0.774281    -0.311539    -0.550847
    0.405534    -0.423972     0.809809
    -10.2937      23.0287      40.5672
   -0.451868    -0.855564    -0.252637
    0.834826    -0.305727    -0.457817
    0.314454    -0.417781     0.852395
    -12.9583      27.5674      42.5535
   -0.491323    -0.817109    -0.301555
     0.85294    -0.381294    -0.356522
    0.176336    -0.432376     0.884283
     -15.617      32.3556      43.9565
   -0.507937    -0.779855    -0.365821
    0.860602    -0.441227    -0.254327
   0.0369283    -0.444009     0.895261
    -18.3984      37.3029      44.7286
   -0.495978    -0.759495    -0.420919
    0.864622    -0.476733    -0.158598
  -0.0802117    -0.442598     0.893126
    -21.1692      42.1991      44.5416
   -0.469794    -0.744265    -0.474725
      0.8608    -0.505465   -0.0593998
   -0.195747    -0.436549     0.878128
    -23.7583      47.2061      43.8737
   -0.460694    -0.715056    -0.525791
    0.824069    -0.564633    0.0458377
   -0.329655     -0.41217     0.849378
    -26.3877      52.1814      42.5309
   -0.457558    -0.663793    -0.591624
    0.759295     -0.63793     0.128514
   -0.462722    -0.390414     0.795905
    -28.8868      56.7074      40.3934
   -0.421103    -0.656982    -0.625338
    0.712157    -0.666455     0.220612
   -0.561697    -0.352439     0.748521
    -31.3516      60.9746      37.5411
   -0.360942      -0.6435    -0.675002
    0.672985    -0.680793     0.289157
    -0.64561    -0.349897     0.678793
     -33.627      64.9946      34.0162
   -0.320509    -0.622784    -0.713732
    0.598116    -0.717334     0.357336
   -0.734528    -0.312365     0.602409
    -35.5042      68.6333      30.1078
    -0.28131    -0.598874     -0.74981
    0.498291    -0.758927     0.419209
   -0.820104    -0.255696     0.511907
    -37.0632      71.7746      25.6601
    -0.23518    -0.574212    -0.784201
    0.390336    -0.794706     0.464843
   -0.890128    -0.196781     0.411035
    -38.5262      74.4742      20.7915
   -0.170218    -0.576256    -0.799346
    0.294205    -0.803906     0.516894
   -0.940462    -0.147187     0.306377
    -39.6607      76.4411      15.5526
   -0.101584    -0.587292    -0.802975
    0.200275    -0.802698     0.561753
   -0.974459    -0.103751     0.199161
    -40.3128      77.9913      10.1164
   -0.039955    -0.596884    -0.801332
    0.115532    -0.799353      0.58965
     -0.9925   -0.0690197     0.100897
    -40.5485      78.9122         4.48
   0.0119627    -0.581993    -0.813106
 -0.00376926    -0.813185     0.581993
   -0.999921  -0.00389742   -0.0119216
    -40.6182      79.2038     -1.31357
   0.0788707     -0.59293    -0.801382
   -0.111437    -0.804092     0.583967
   -0.990637    0.0432457    -0.129494
    -40.2775      78.9411     -7.14119
     0.11504    -0.604884     -0.78796
   -0.244827    -0.786022     0.567652
   -0.962718     0.127611    -0.238516
    -39.5206      78.0759      -12.778
    0.208146    -0.601884     -0.77098
   -0.308577    -0.788398     0.532174
   -0.928146     0.127137    -0.349829
    -38.6148       76.377     -18.2273
    0.249441    -0.624428    -0.740182
   -0.422655      -0.7579     0.496941
   -0.871288     0.188884    -0.452968
    -37.2435       74.348     -23.4819
    0.319702    -0.645407    -0.693715
   -0.500696    -0.736644     0.454598
   -0.804422     0.202004    -0.558659
    -35.6185      71.6519     -28.2929
    0.364888    -0.670504    -0.645973
   -0.597717    -0.700657     0.389635
   -0.713857     0.243936    -0.656433
    -33.5793      68.6323     -32.6545
    0.408816    -0.678483    -0.610352
   -0.649646     -0.68607     0.327518
    -0.64096     0.262618     -0.72125
    -31.3916      64.9867     -36.5524
     0.44555    -0.699135    -0.559192
   -0.724843     -0.64831     0.233018
   -0.525441     0.301505    -0.795617
    -28.9366      61.0102     -39.8694
    0.491915    -0.708117    -0.506547
   -0.757012    -0.635259     0.152901
   -0.430061     0.308248    -0.848546
    -26.3693      56.5154     -42.6672
    0.460685      -0.7634    -0.452758
   -0.840487    -0.539148    0.0538597
    -0.28522     0.355725    -0.890005
    -23.4984      51.9151     -44.7214
    0.488885    -0.777641    -0.395304
    -0.85438    -0.518331   -0.0369812
    -0.17614      0.35582    -0.917805
    -20.8063      47.1251     -45.9748
    0.499987    -0.795466    -0.342415
   -0.864019    -0.485125    -0.134626
  -0.0590236     0.363164    -0.929854
    -17.8612      42.2759     -46.6672
    0.504817    -0.812528    -0.291477
   -0.860551    -0.447134    -0.243972
    0.067905     0.373992    -0.924943
    -14.9225      37.2351     -46.7089
    0.486111    -0.841787    -0.234714
   -0.850642    -0.394241    -0.347826
    0.200262     0.368739    -0.907704
    -12.0041      32.2386     -45.9305
    0.451685    -0.871418    -0.191343
   -0.829311    -0.331006    -0.450197
    0.328974      0.36203    -0.872187
    -9.17461      27.4178     -44.4494
    0.443137    -0.888095    -0.122131
   -0.781864    -0.316242     -0.53729
    0.438542     0.333583    -0.834508
     -6.7102      22.8833     -42.2059
    0.401842    -0.912662   -0.0746386
   -0.732968    -0.271721    -0.623639
    0.548891     0.305312    -0.778141
    -4.18751      18.6125     -39.3912
    0.384551    -0.922765   -0.0250143
     -0.6563    -0.254248    -0.710372
    0.649146     0.289591    -0.703382
    -1.93794      14.4808     -35.9647
    0.318661    -0.947604     0.022392
   -0.588822    -0.216412    -0.778752
    0.742794     0.234973    -0.626933
    0.322476      10.8803     -31.7704
    0.267003    -0.962015    0.0568937
   -0.500967     -0.18899     -0.84458
     0.82325     0.197004    -0.532399
     2.02922      7.67401     -27.2183
     0.23466    -0.968276    0.0858826
   -0.403732    -0.177449    -0.897503
    0.884271     0.175934    -0.432564
     3.47803      5.07166     -22.3671
     0.12956    -0.984746     0.116143
   -0.313263    -0.151781    -0.937459
    0.940787    0.0850739    -0.328149
     4.76048      3.04474      -17.089
    0.105982    -0.987699      0.11497
   -0.199985    -0.134431    -0.970533
     0.97405    0.0798663    -0.211772
     5.50758       1.4895     -11.4266
   0.0546653    -0.989566     0.133308
  -0.0973174    -0.138153    -0.985618
    0.993751    0.0409059    -0.103854
     6.00193     0.731867     -5.72345
  -0.0138293    -0.992124     0.124494
   0.0131683    -0.124676     -0.99211
    0.999818   -0.0120809    0.0147888
     6.04483     0.338036     0.101981
   -0.046755    -0.991527     0.121199
    0.123357    -0.126134    -0.984314
     0.99126   -0.0310709     0.128209
     5.83706     0.705753      5.98399
   -0.117564    -0.985033     0.126052
    0.239855    -0.151339     -0.95894
    0.963664   -0.0825023     0.254057
     5.29036      1.69262      11.7045
   -0.183858    -0.978638    0.0919959
    0.329366    -0.149517    -0.932289
    0.926129    -0.141108      0.34982
     4.22815      3.34864      17.0816
   -0.253255    -0.965207    0.0650915
    0.436888    -0.174146    -0.882498
    0.863128    -0.195059     0.465791
     3.02412      5.54202      22.3702
   -0.319442    -0.947196    0.0278806
    0.505747    -0.195297    -0.840285
    0.801359    -0.254322     0.541427
     1.37857      8.33531      27.1309
   -0.372441    -0.928047   0.00407345
    0.592022    -0.240964    -0.769055
    0.714701    -0.284016     0.639169
   -0.434156      11.6313      31.6999
   -0.399885     -0.91567   -0.0405012
    0.664513    -0.259201    -0.700883
     0.63128    -0.307187     0.712125
     -2.6134       15.351      35.4854
   -0.435019    -0.896121   -0.0878984
    0.721407    -0.288451    -0.629578
    0.538823    -0.337289     0.771949
    -5.05409      19.6576      39.0025
   -0.444607    -0.883685    -0.146375
    0.791848    -0.311377    -0.525377
    0.418689    -0.349493     0.838185
    -7.73628      23.9952      41.8385
   -0.497321    -0.841771    -0.209982
    0.821206    -0.378688    -0.426867
    0.279806    -0.384729     0.879598
    -10.1779      28.6817      43.8232
   -0.470751    -0.843381    -0.259041
    0.863148    -0.379461    -0.333143
    0.182671    -0.380418     0.906594
    -13.0995      33.6406      45.1812
    -0.50538    -0.803123     -0.31557
    0.861619    -0.449778    -0.235186
    0.046947     -0.39076     0.919295
     -15.905      38.7572      45.8771
   -0.476669     -0.79615    -0.372736
    0.876321    -0.463925    -0.129747
  -0.0696235    -0.388483     0.918822
    -18.7942      43.8397      45.7882
   -0.465843    -0.773537    -0.429687
    0.862712    -0.505019   -0.0261531
    -0.19677     -0.38288     0.902599
    -21.3637      48.8729      44.9957
   -0.445056    -0.752836    -0.484936
    0.839472    -0.539284    0.0667737
   -0.311788    -0.377373     0.871997
     -24.111      53.8998      43.5356
   -0.439983    -0.714869    -0.543486
    0.785061    -0.600043     0.153709
   -0.435997     -0.35904     0.825225
    -26.7567      58.5793      41.3604
   -0.415939    -0.691606    -0.590487
    0.719597    -0.647326     0.251295
   -0.556035    -0.320389     0.766926
    -29.2827      63.0524      38.5831
   -0.361988    -0.678388    -0.639339
    0.662581     -0.66968     0.335434
   -0.655707    -0.302191     0.691903
    -31.5101      67.1858      34.9992
   -0.317295    -0.664608    -0.676477
    0.587241    -0.697813     0.410129
   -0.744629    -0.267123     0.611697
    -33.5467      70.8664      30.8699
   -0.281076    -0.637448    -0.717396
    0.489806    -0.738126     0.463962
    -0.82528    -0.220976     0.519695
    -35.3186      74.0589      26.4099
   -0.221663    -0.630011    -0.744279
     0.39119    -0.756608     0.523942
   -0.893217    -0.175016     0.414166
    -36.7976      76.7138      21.3692
   -0.150981    -0.633898    -0.758537
    0.332577    -0.755176     0.564892
   -0.930912    -0.166984     0.324837
    -37.8115      78.8039      15.8557
  -0.0816016    -0.641654    -0.762641
    0.234618    -0.756056      0.61101
   -0.968657     -0.12907     0.212239
    -38.5091      80.3857      10.3431
  -0.0440955     -0.63812    -0.768673
   0.0941306    -0.768652     0.632703
   -0.994583   -0.0444563    0.0939607
    -38.7414       81.372      4.54774
   0.0115781    -0.636191    -0.771445
  -0.0140053    -0.771524     0.636046
   -0.999835   0.00344012   -0.0178428
    -38.7265      81.6446     -1.43038
   0.0706447    -0.646883     -0.75931
     -0.1315    -0.760608     0.635754
   -0.988796    0.0549368    -0.138798
    -38.4381      81.3299     -7.21324
     0.12689     -0.65532    -0.744617
   -0.226089    -0.750033     0.621558
   -0.965807      0.08948    -0.243332
    -37.8034      80.3389     -12.9832
    0.189866     -0.66068     -0.72626
   -0.331817    -0.739369     0.585858
   -0.924039     0.129751    -0.359606
    -36.6864      78.8269     -18.5961
    0.278528    -0.670787    -0.687363
   -0.413996    -0.729633     0.544281
   -0.866619     0.132968    -0.480927
    -35.3201      76.6494     -23.9473
    0.322153    -0.683392    -0.655128
   -0.498757    -0.710712     0.496114
   -0.804648     0.166926    -0.569805
    -33.6491      73.9542     -28.8243
    0.371397    -0.700759    -0.609099
    -0.58769    -0.685305      0.43009
   -0.718807     0.198227     -0.66635
    -31.4771      70.6894     -33.3901
    0.420974    -0.712058     -0.56192
   -0.653761    -0.667614     0.356214
   -0.628791     0.217404    -0.746564
    -29.2034      67.0631     -37.4178
     0.43655    -0.738162    -0.514336
   -0.734301    -0.622657     0.270373
   -0.519834     0.259646    -0.813853
    -26.5926      63.0007      -40.897
     0.46925    -0.748771     -0.46813
   -0.776461    -0.602354     0.185143
    -0.42061     0.276606    -0.864046
    -23.9862      58.4348     -43.6501
    0.478003    -0.778575    -0.406613
   -0.829205    -0.552677    0.0834647
   -0.289709     0.297269     -0.90978
    -21.1838      53.6551     -45.7623
     0.51073    -0.782107     -0.35702
   -0.840929    -0.540839   -0.0181891
   -0.178864     0.309518     -0.93392
    -18.2863      48.7844     -47.1287
    0.490836    -0.819066    -0.297004
   -0.870216    -0.477505    -0.121294
  -0.0424733     0.317993    -0.947141
    -15.2875      43.7828     -47.7761
    0.507054    -0.826244    -0.245393
   -0.858978     -0.46093    -0.222938
   0.0710916     0.323829    -0.943441
     -12.343      38.7165     -47.6582
    0.481234    -0.856495    -0.186629
   -0.852746    -0.408088    -0.326019
    0.203073     0.316038    -0.926758
    -9.45697      33.6344     -46.9261
    0.457698    -0.880562    -0.122979
   -0.826485     -0.37038    -0.423958
    0.327773     0.295685    -0.897293
    -6.57041      28.6269     -45.4252
    0.436519    -0.896983   -0.0698063
   -0.781108    -0.339338    -0.524138
    0.446454     0.283322    -0.848768
    -3.98629      23.9113     -43.0346
    0.403054    -0.915015   -0.0171565
   -0.738363     -0.31405    -0.596819
    0.540711     0.253218    -0.802192
    -1.45033      19.4681     -40.0875
     0.39893     -0.91615    0.0390337
   -0.658921    -0.316005    -0.682616
    0.637714     0.246595    -0.729734
     0.86274      15.3032     -36.5451
    0.325317    -0.942355    0.0783324
   -0.587766    -0.266407     -0.76391
    0.740742     0.202472    -0.640551
     3.13138      11.6408     -32.4266
    0.262126    -0.959151      0.10639
   -0.512972    -0.231866    -0.826498
    0.817404     0.162071    -0.552795
     4.97786      8.36464     -27.8107
    0.213123    -0.967668       0.1349
   -0.417761    -0.215069    -0.882735
    0.883207     0.131775     -0.45009
     6.56824      5.69481     -22.8267
    0.168234    -0.970901     0.170438
   -0.310693    -0.216316    -0.925568
    0.935503     0.102759    -0.338044
     7.78254      3.51162     -17.3673
   0.0853897    -0.980547     0.176737
    -0.20695    -0.190971    -0.959532
    0.974618    0.0453584    -0.219231
     8.44388      2.10522     -11.7803
   0.0624142    -0.978851     0.194823
   -0.102505    -0.200459    -0.974325
    0.992772    0.0408414    -0.112849
     8.96969      1.19838     -5.89049
  -0.0338646    -0.977897     0.206327
 -0.00579594     -0.20625    -0.978482
     0.99941   -0.0343317   0.00131672
     9.15589     0.851054    0.0975841
  -0.0645832    -0.978937     0.193676
    0.109578    -0.199865    -0.973677
    0.991878   -0.0416605     0.120178
     8.72318      1.26581      5.98353
   -0.152322    -0.971305     0.182659
    0.222232    -0.213743    -0.951276
    0.963022    -0.104308     0.248413
     8.22212      2.20054      11.9373
   -0.203641    -0.965406     0.162856
    0.311358    -0.221566    -0.924102
    0.928217    -0.137478     0.345707
     7.20618      3.99308       17.454
   -0.248105     -0.96006      0.12934
    0.420042    -0.226926    -0.878675
    0.872931    -0.163676     0.459566
     5.86745       6.1845       22.887
   -0.287039    -0.953412    0.0928136
    0.525492    -0.237733     -0.81691
    0.800916    -0.185712     0.569249
     4.27442      8.98856      27.8033
   -0.358929    -0.931296    0.0621166
    0.594371    -0.279374    -0.754104
    0.719648     -0.23375      0.65381
     2.44472       12.344      32.4276
   -0.400783    -0.915808    0.0258702
    0.665189     -0.31029    -0.679149
    0.629997    -0.254983     0.733545
    0.152866      16.1692      36.5134
   -0.442591    -0.896245   -0.0293001
    0.727501    -0.339774    -0.596068
    0.524267     -0.28513     0.802399
    -2.32757      20.5175      39.8889
   -0.442504    -0.892523   -0.0871341
    0.792202    -0.343524    -0.504389
    0.420246    -0.292222     0.859069
    -4.91145      25.0016      42.7081
   -0.499315    -0.851246    -0.161443
    0.820043    -0.404166     -0.40519
    0.279666    -0.334708     0.899865
    -7.65459      29.8498      44.8321
   -0.473882    -0.854738    -0.211801
    0.863393    -0.403688    -0.302638
    0.173175    -0.326282     0.929274
    -10.4936      34.9035      46.2709
   -0.490207    -0.830917    -0.263202
    0.870329    -0.450294    -0.199405
   0.0471707    -0.326822     0.943908
    -13.3658      40.0866      46.9755
   -0.487308    -0.815925    -0.311122
    0.870821    -0.480521    -0.103782
  -0.0648221    -0.321505     0.944686
    -16.1864      45.3316      46.9759
   -0.496892     -0.77949    -0.381435
    0.843832      -0.5366  -0.00267227
   -0.202595    -0.323195     0.924392
    -19.0002      50.5297      46.1381
   -0.464505    -0.770447    -0.436632
    0.824853    -0.555835     0.103274
   -0.322262    -0.312185     0.893693
    -21.8746       55.392      44.6147
   -0.444563    -0.751031    -0.488176
    0.785065    -0.589107     0.191378
   -0.431318    -0.298171     0.851504
    -24.5538      60.3923      42.4355
   -0.409336    -0.733918    -0.542041
    0.721046    -0.624239     0.300697
   -0.559049     -0.26775     0.784712
    -27.1082      64.9735      39.3687
   -0.353892    -0.725181    -0.590655
    0.661753    -0.640424     0.389795
   -0.660941    -0.252922     0.706532
    -29.4634      69.2041      35.8546
   -0.314623    -0.711672     -0.62812
    0.581654     -0.66748     0.464919
   -0.750127    -0.219074     0.623952
     -31.528      73.0344      31.6149
   -0.292226    -0.689041    -0.663194
    0.483038    -0.704852     0.519479
   -0.825396    -0.168542     0.538809
    -33.2367      76.2343      27.0502
   -0.241284    -0.678786    -0.693564
    0.387784     -0.72258     0.572278
    -0.88961    -0.130871     0.437569
     -34.656       78.899      21.9453
   -0.150645    -0.683449    -0.714285
    0.338416    -0.714529      0.61231
    -0.92886    -0.149483     0.338931
    -35.9315      81.0663       16.301
  -0.0993331    -0.676265     -0.72993
    0.211186    -0.731175     0.648679
   -0.972385   -0.0897156     0.215447
    -36.4097      82.6658      10.5607
  -0.0481324    -0.677565    -0.733887
    0.106744     -0.73402     0.670687
   -0.993121   -0.0460564     0.107656
    -36.7795       83.624      4.70311
   0.0101424    -0.677903    -0.735082
  -0.0194815    -0.735114     0.677664
   -0.999759   0.00744735   -0.0206624
    -36.7914       83.918     -1.35427
    0.073418    -0.689594    -0.720465
   -0.129817    -0.722876     0.678674
   -0.988816     0.043702    -0.142594
    -36.5022      83.5158     -7.22098
    0.146835     -0.69875    -0.700134
   -0.214217    -0.713472     0.667135
   -0.965687    0.0520218    -0.254446
    -35.7408      82.5698      -13.279
     0.20506    -0.706383    -0.677476
   -0.319375    -0.702589     0.635899
   -0.925176    0.0859711    -0.369674
    -34.5724      81.0148     -18.9498
    0.253698    -0.719786    -0.646177
   -0.419542    -0.683808     0.596986
   -0.871563     0.119644    -0.475461
    -33.0816      78.8866     -24.1481
    0.320712     -0.72879    -0.604986
   -0.498159    -0.673035     0.546683
   -0.805594     0.126051    -0.578904
    -31.4311       76.135     -29.3266
    0.360498    -0.741886    -0.565372
   -0.599191    -0.648716     0.469189
    -0.71485     0.169624    -0.678393
    -29.2772      72.8154     -33.8015
    0.382129    -0.761127    -0.524083
   -0.683109    -0.614598     0.394502
   -0.622366     0.207255    -0.754788
    -26.9488      69.0063     -37.9872
    0.429267    -0.775378    -0.463162
   -0.740549     -0.59573     0.310955
   -0.517027     0.209511    -0.829933
    -24.4675      64.8552      -41.561
    0.447606    -0.787676    -0.423338
   -0.792242    -0.568863     0.220788
   -0.414731      0.23656    -0.878657
    -21.7666      60.2701     -44.3639
    0.494639    -0.789421    -0.363521
   -0.818067    -0.564128     0.111924
   -0.293427     0.242022    -0.924838
     -18.859        55.32     -46.5207
    0.478003    -0.819901    -0.315082
   -0.861997    -0.506793    0.0110556
   -0.168746     0.266315       -0.949
    -15.8894      50.4828     -47.9893
    0.527983    -0.814311    -0.241105
      -0.848     -0.52094   -0.0975576
  -0.0461591     0.255966    -0.965583
    -12.8191       45.267      -48.697
    0.481482    -0.857211    -0.182658
   -0.871537    -0.446217     -0.20326
   0.0927321     0.257059    -0.961936
    -9.60453       40.179     -48.6723
    0.468084     -0.87399    -0.130532
   -0.858558    -0.414813    -0.301343
    0.209224     0.253123    -0.944539
    -6.79506      34.9316     -47.8268
    0.477654    -0.876174   -0.0645447
   -0.813897    -0.413647    -0.408004
    0.330784     0.247418    -0.910696
    -3.93406      29.8084     -46.1619
    0.425522     -0.90483   -0.0146013
   -0.788403    -0.362751    -0.496823
    0.444244     0.222921    -0.867729
    -1.09939      25.0353     -43.8022
    0.408099    -0.912222    0.0361561
    -0.73242     -0.35079     -0.58353
    0.544992     0.211657    -0.811286
     1.32193      20.4682     -40.7602
    0.391166    -0.916403    0.0848186
   -0.660133    -0.343601    -0.667954
    0.641259      0.20529    -0.739354
     3.69833      16.2738     -37.1658
    0.328648    -0.934614     0.135969
   -0.586152    -0.314728    -0.746574
    0.740551     0.165662     -0.65126
     5.92362      12.5468     -32.8835
    0.283547    -0.945078     0.162568
   -0.499662    -0.290298    -0.816128
    0.818498     0.150181    -0.554533
     7.83852      9.04078     -28.3341
    0.213327    -0.956417     0.199396
    -0.40668    -0.272503    -0.871983
    0.888315     0.104927    -0.447088
     9.53605      6.39314     -23.1876
    0.133696    -0.966434     0.219386
   -0.326138    -0.251949    -0.911129
     0.93582    0.0502637    -0.348876
     10.6121      4.34459     -17.6283
    0.105189     -0.96722     0.231127
   -0.204752    -0.248502    -0.946744
    0.973145    0.0522627     -0.22418
      11.346      2.77004     -11.8957
   0.0550302    -0.961011      0.27098
  -0.0938181    -0.275168    -0.956808
    0.994067    0.0272305    -0.105303
     12.0339      1.82598     -5.82503
   -0.033545    -0.965233     0.259228
  -0.0024767    -0.259293    -0.965796
    0.999434   -0.0330396   0.00630739
     12.2169      1.63277     0.130858
    -0.11071    -0.962744     0.246712
    0.109285    -0.258526    -0.959803
    0.987826   -0.0792977     0.133835
      11.767      2.00753      6.06811
   -0.180198    -0.956362         0.23
     0.22169    -0.267298    -0.937766
    0.958323    -0.117995     0.260183
     11.0942      3.06697      12.0836
   -0.184792    -0.959379     0.213176
    0.330913    -0.264986    -0.905693
    0.925391   -0.0968225     0.366438
     10.0326      4.78213      17.8843
   -0.246824    -0.949854     0.191977
    0.424564    -0.284076    -0.859678
    0.871104    -0.130683     0.473391
      8.7963      7.04906      23.1633
   -0.307427    -0.938739     0.155747
    0.508507    -0.300413    -0.806953
    0.804307    -0.168881      0.56971
     7.15618      9.87272      28.3735
   -0.372989    -0.920797     0.114074
     0.59047    -0.330404    -0.736328
    0.715699    -0.207285      0.66694
     5.30543      13.3212      33.0804
   -0.372825    -0.924644    0.0776825
    0.682634     -0.33002    -0.651995
    0.628501    -0.190051     0.754233
     3.03041      17.1936      37.2062
   -0.441209    -0.896702    0.0355052
    0.726965    -0.380331    -0.571726
    0.526171     -0.22644     0.819676
    0.631109      21.5812      40.8139
   -0.462226    -0.886344   -0.0272198
    0.783909    -0.394072    -0.479784
    0.414528    -0.243107     0.876964
    -2.08025      26.1736      43.5936
   -0.481437    -0.871797   -0.0904836
    0.823929    -0.414944    -0.385957
    0.298931    -0.260366     0.918068
     -4.9785      31.1569      45.7197
   -0.507517    -0.847913    -0.153199
    0.845427      -0.4557    -0.278552
    0.166375    -0.270888     0.948124
    -7.75881       36.217      47.2491
   -0.482681    -0.849025    -0.214886
    0.874611    -0.454532     -0.16869
    0.045549    -0.269365      0.96196
    -10.7483      41.4657      48.0659
   -0.495655     -0.82283    -0.277987
    0.863862    -0.500163   -0.0598184
  -0.0898185    -0.269792     0.958721
    -13.6786      46.7496      47.9193
   -0.487153    -0.812675    -0.319753
    0.848791    -0.526756    0.0456303
   -0.205515    -0.249175     0.946402
    -16.6422      52.0969      47.0155
   -0.479058    -0.783662    -0.395446
    0.809476    -0.568644     0.146262
   -0.339488    -0.250036     0.906769
    -19.4787      57.2105      45.5009
   -0.432832    -0.779096    -0.453504
    0.783655     -0.57384     0.237892
   -0.445579    -0.252424     0.858919
    -22.2819       62.198      43.1677
   -0.422492    -0.756056     -0.49988
    0.710753    -0.618604     0.334902
   -0.562432    -0.213798     0.798724
    -24.7747      66.8384      40.0458
   -0.379641    -0.746329    -0.546687
    0.648809    -0.636032     0.417744
   -0.659485    -0.196103     0.725688
    -27.1085      71.0701       36.489
   -0.348561    -0.733497    -0.583513
    0.561434    -0.661904     0.496665
   -0.750531    -0.154486     0.642524
    -29.2341      74.9419      32.2078
   -0.265568    -0.743627     -0.61359
    0.509964    -0.648468     0.565178
   -0.818175    -0.162815     0.551435
    -31.0365      78.3158      27.5326
   -0.255091    -0.719167    -0.646318
    0.368858    -0.690261     0.622482
   -0.893797   -0.0796106      0.44135
    -32.4996      81.1364      22.3456
   -0.175907    -0.717188    -0.674313
    0.299286    -0.691532     0.657428
   -0.937808   -0.0861668     0.336289
    -33.6894       83.183      16.7592
   -0.105008    -0.713537    -0.692704
    0.201494    -0.697373     0.687802
   -0.973845   -0.0673509     0.217003
    -34.3431      84.7874      10.9399
  -0.0324444     -0.71934      -0.6939
     0.10499    -0.692878     0.713371
   -0.993944    -0.049708    0.0980039
    -34.6183      85.7638      4.83206
   0.0145459     -0.72531    -0.688269
   -0.022662    -0.688404     0.724973
   -0.999637   0.00505215   -0.0264504
    -34.6348       86.098      -1.2009
   0.0802014    -0.728564    -0.680266
   -0.113874    -0.684693     0.719881
   -0.990253    0.0197294    -0.137878
    -34.3277       85.682     -7.34775
    0.165762    -0.732744    -0.660007
   -0.190758    -0.680449     0.707531
    -0.96754   0.00861945    -0.252569
    -33.6258      84.6762     -13.3395
    0.200517    -0.738747    -0.643465
   -0.306389    -0.671145     0.675049
   -0.930548    0.0617919    -0.360919
    -32.3026      83.2441     -19.1945
    0.282524      -0.7481    -0.600439
   -0.398311    -0.660916     0.636033
   -0.872656    0.0594669    -0.484701
    -30.8995      80.9305     -24.6964
    0.323583    -0.762655    -0.560046
   -0.502936    -0.639984     0.580927
   -0.801467     0.093689    -0.590655
    -29.0098      78.1704     -29.7715
    0.348803    -0.776952    -0.524102
   -0.601146    -0.614504      0.51089
   -0.718999     0.136861    -0.681402
    -26.8447      74.9621     -34.4057
    0.381198    -0.788279    -0.483015
   -0.681896    -0.592535     0.428859
   -0.624264     0.165886    -0.763398
    -24.5218       70.961     -38.5796
    0.438905    -0.790161    -0.427793
   -0.730572     -0.59099     0.342046
   -0.523093     0.162408    -0.836658
     -22.083      66.7695     -42.0465
    0.471428    -0.802166    -0.366449
   -0.782436    -0.572145     0.245855
   -0.406879      0.17082    -0.897369
    -19.2715      62.0469     -45.0268
    0.481109    -0.816558     -0.31901
   -0.823008    -0.546047     0.156493
   -0.301981     0.187257    -0.934742
    -16.3854      57.1292     -47.2531
    0.468746    -0.847084     -0.25045
   -0.867181    -0.495264    0.0520747
   -0.168151     0.192776    -0.966728
    -13.2887       52.134     -48.7259
    0.488676    -0.850779    -0.193316
   -0.871536    -0.486248   -0.0631544
  -0.0402693     0.199344    -0.979102
     -10.218      46.7812     -49.4199
    0.461093    -0.877688    -0.130607
    -0.88231     -0.43781    -0.172777
   0.0944637     0.194902    -0.976263
    -7.11006      41.4643     -49.3998
    0.486108    -0.870282   -0.0794277
   -0.848905    -0.448668    -0.279387
    0.207509     0.203239    -0.956888
    -4.14036      36.2028     -48.4569
    0.488008    -0.872629   -0.0191513
   -0.814178    -0.447193    -0.370316
    0.314584      0.19631    -0.928709
    -1.22231       31.082     -46.8809
    0.451444    -0.891133    0.0456077
   -0.783717    -0.420427    -0.457197
    0.426598     0.170655    -0.888195
      1.6529       26.288     -44.5326
    0.397735    -0.912364    0.0969477
   -0.734668    -0.379991    -0.562023
    0.549608     0.152312    -0.821421
     4.10957      21.5757     -41.4523
    0.377791     -0.91413     0.147104
   -0.659356    -0.377159    -0.650385
    0.650018     0.148716    -0.745224
      6.5294      17.4489     -37.7243
    0.335224    -0.924499     0.181456
   -0.591181    -0.356374    -0.723535
    0.733573     0.135273    -0.666012
     8.80264      13.5059     -33.4641
    0.290788    -0.930371     0.223277
   -0.491129    -0.345415    -0.799676
    0.821118     0.122878    -0.557374
     10.7213      10.1301     -28.6499
    0.241288    -0.935336       0.2587
    -0.39177    -0.337772    -0.855819
    0.887861     0.105148    -0.447937
     12.3462      7.24246     -23.4518
    0.153537    -0.945196     0.288152
   -0.304656    -0.322683    -0.896136
    0.940006    0.0498025    -0.337503
     13.5473      5.20425      -17.911
    0.102846      -0.9494     0.296752
   -0.206476    -0.312212    -0.927303
    0.973032    0.0340972    -0.228138
      14.366      3.66436     -12.0968
   0.0653964    -0.945646     0.318554
  -0.0904892    -0.323542    -0.941877
    0.993748    0.0327697    -0.106729
     14.9958      2.84611     -5.95207
  -0.0336463    -0.950188     0.309855
   0.0137981    -0.310442    -0.950492
    0.999339   -0.0277051    0.0235561
     15.0742      2.56657     0.253283
  -0.0809332    -0.946992     0.310896
      0.1067    -0.318358    -0.941946
    0.990992   -0.0430622      0.12681
     14.6564      2.99979      6.33733
   -0.149524    -0.946255     0.286781
    0.227573     -0.31519    -0.921339
    0.962213   -0.0724989      0.26247
     13.9957      3.93209      12.3843
   -0.194708     -0.94048     0.278544
    0.329543    -0.330196    -0.884518
    0.923846   -0.0804304      0.37422
     12.9159      5.62199      18.1963
   -0.266457    -0.933826     0.238684
    0.414496    -0.334587    -0.846312
    0.870169    -0.126572      0.47622
     11.6375      7.92069      23.5988
   -0.293436    -0.929449     0.223652
    0.512659    -0.350458    -0.783811
    0.806893    -0.115341     0.579328
     9.93347      10.7478      28.8281
    -0.35998    -0.915341     0.180459
