  -0.0174264    -0.999766    0.0128078
   -0.999579    0.0171232   -0.0234153
   0.0231905   -0.0132105    -0.999644
           0            0            0
   -0.653813     0.370966     0.659479
    0.747537     0.181773     0.638864
    0.117121     0.910682    -0.396157
    0.113014    -0.082681   -0.0357778
    0.676369    -0.343285    -0.651675
   -0.366093    -0.924408     0.106988
   -0.639141      0.16621    -0.750915
   0.0182221   -0.0370597    -0.187043
    0.456681     0.753148     0.473508
    0.504132    -0.657633     0.559795
    0.733003   -0.0169378    -0.680015
  -0.0456956   -0.0440366    -0.333203
    0.832985   -0.0218299     0.552864
   -0.516258    -0.390104     0.762428
    0.199031    -0.920512    -0.336221
  -0.0298378   -0.0881586    -0.342787
    0.490863    -0.458823    -0.740632
   -0.495846     -0.84611     0.195538
   -0.716373     0.271256    -0.642829
   -0.025013    0.0862689    -0.327541
   -0.468913    -0.872105     0.139837
   -0.851937     0.404808    -0.332167
    0.233077     -0.27489    -0.932797
 -0.00254479     0.171979    -0.492265
    0.432016      0.90186  -0.00324198
    0.415733    -0.195955     0.888126
     0.80033    -0.385032    -0.459589
 -0.00994576     0.165351    -0.681633
    -0.78884    -0.408767     0.458957
   -0.286283     0.905183     0.314142
   -0.543851     0.116417    -0.831068
   0.0739416      0.36255    -0.703196
   -0.329081    -0.910294    -0.251137
   -0.284394     0.349142    -0.892872
    0.900459    -0.222405    -0.373778
   0.0554457     0.180234    -0.645298
    0.805476    -0.236195     0.543526
    -0.13615    -0.966365    -0.218179
    0.576777     0.101737    -0.810542
 -0.00288298      0.10296    -0.780621
   -0.129154    -0.949945     0.284473
   -0.935035    0.0211396    -0.353924
    0.330195    -0.311703    -0.890962
    0.079707     0.124457    -0.905364
    0.823115      0.56755    0.0192062
   0.0703304    -0.135444     0.988286
    0.563503    -0.812122    -0.151402
    0.181255     0.241982     -1.08102
   -0.669429     0.292457     0.682886
   -0.199495     0.814707    -0.544476
   -0.715588    -0.500721    -0.487045
    0.159777    0.0914127     -0.90504
   -0.210687     -0.86848    -0.448724
   -0.622168    -0.234924     0.746805
   -0.754002     0.436524    -0.490844
   0.0307061     0.228226    -0.948347
   -0.266572     0.768341    -0.581886
    0.720013     0.560098     0.409721
    0.640719    -0.309745    -0.702522
    0.014613     0.277839    -0.964643
   0.0852291    -0.253475      0.96358
   -0.575334    -0.802095    -0.160107
    0.813466    -0.540734    -0.214195
   0.0375964     0.281332      -1.0484
    0.635072     0.107365     0.764955
    -0.68774    -0.372302     0.623222
    0.351707    -0.921881    -0.162599
   0.0255673     0.352276     -1.06065
    0.859625    0.0813121    -0.504413
       0.279    -0.901769     0.330108
   -0.428022    -0.424501     -0.79787
   0.0657376     0.463377     -1.14303
   -0.425748    -0.793383    -0.435067
   -0.380472     -0.27928     0.881614
   -0.820963     0.540876    -0.182957
 -0.00265947     0.507888     -1.13088
   0.0660589    -0.712486      0.69857
    -0.91554     0.235104     0.326364
   -0.396766    -0.661128    -0.636778
   0.0871243     0.526097     -1.27956
   -0.869934     -0.20156    -0.450098
    0.458506   0.00555564    -0.888674
    0.181622     -0.97946    0.0875837
  -0.0730629     0.635815     -1.41596
     0.32792    -0.845413    -0.421599
   -0.744422     0.043525    -0.666289
     0.58164     0.532337    -0.615071
   -0.122402     0.753865     -1.37492
   -0.544428     0.368348    -0.753603
   -0.558708     0.510877     0.653337
    0.625654      0.77674   -0.0723365
  -0.0904511     0.875068     -1.28043
   -0.329453     0.678572     0.656507
    0.936677     0.322336      0.13688
   -0.118733      0.66003    -0.741797
   -0.231661      0.93479     -1.28145
   -0.411083     0.881278    -0.233151
    0.367462     0.394256     0.842338
    0.834256     0.260596    -0.485908
   -0.239419     0.877849     -1.30777
   -0.656186    -0.534129    -0.533035
   -0.655354    0.0532104     0.753445
   -0.374074     0.843727    -0.384959
   -0.345004      1.01999      -1.4248
    0.667852    0.0440141    -0.742992
    0.111636    -0.992881    0.0415289
   -0.735875     -0.11068    -0.668011
   -0.340035      1.08145     -1.44735
   -0.853097     0.507403    -0.121525
    0.269136     0.627488     0.730633
    0.446981     0.590594    -0.671869
   -0.374565      1.27493     -1.39015
   -0.965728     0.199898     -0.16556
   -0.099299     0.304792     0.947228
    0.239811     0.931205    -0.274496
   -0.286466      1.30661     -1.43398
   -0.545856      0.41049     0.730438
   -0.159406     0.804971      -0.5715
   -0.822576    -0.428393    -0.373963
  -0.0996075      1.18335     -1.34935
   -0.825314    -0.151696     0.543916
   -0.548306   -0.0149425    -0.836144
    0.134968    -0.988314   -0.0708439
   -0.148051      1.34427      -1.3297
    0.332545     0.657127      0.67646
     0.88688    0.0260238    -0.461266
   -0.320715      0.75333    -0.574139
  -0.0995571        1.349     -1.20631
    0.314911     0.335803    -0.887732
    0.949048   -0.0997822     0.298917
   0.0117976    -0.936632    -0.350116
   -0.342279      1.41557     -1.17825
    0.783009    -0.483154     0.391739
   -0.300708    -0.845343    -0.441553
    0.544493     0.227941    -0.807199
   -0.201345      1.48655     -1.16202
   -0.106797      0.59448    -0.796987
    0.991717     0.121221   -0.0424712
   0.0713632    -0.794921    -0.602501
    -0.13825      1.51427     -1.03924
   -0.462744     0.410767    -0.785581
   -0.120321     0.848866     0.514732
    0.878289     0.332711    -0.343384
    -0.13329      1.55654     -1.03019
   -0.544559     0.785698    -0.293485
  -0.0601427     0.312438     0.948033
    0.836563     0.533911    -0.122887
   -0.181937      1.67038     -1.04079
   -0.789402    0.0382519    -0.612684
    0.185576      0.96623    -0.178777
    0.585155    -0.254826    -0.769843
   -0.230767      1.57082     -1.07155
   0.0925084     -0.38843    -0.916823
   -0.551494    -0.786626     0.277623
   -0.829034      0.47994    -0.286986
  -0.0975988      1.68622    -0.923473
    0.609701     0.792498   -0.0145141
    0.668497    -0.523968    -0.527797
   -0.425883     0.312096    -0.849246
   0.0387117      1.80789     -1.03637
    -0.58803     0.753162     0.294901
     0.52948      0.63406    -0.563577
    -0.61145    -0.175256     -0.77163
  -0.0304203      1.79329     -0.89993
   -0.935444     0.238144     0.261212
    0.294638     0.933576      0.20402
   -0.195275     0.267813    -0.943474
   -0.203812      1.81255     -0.87731
    0.928467    0.0938217     0.359369
    0.366344   -0.0720184    -0.927688
  -0.0611562     0.992981    -0.101238
   -0.267856      1.74829    -0.842938
     0.32993    -0.152321     0.931635
   -0.797055     0.483849     0.361378
   -0.505816    -0.861794    0.0382275
   -0.228059      1.78043    -0.753563
    0.485792    -0.819325     0.304487
   -0.383468    -0.512814    -0.768098
    0.785467     0.256375    -0.563306
   -0.288481      1.72603     -0.69493
    0.160868    -0.273549      0.94831
   -0.960172     0.179027     0.214522
   -0.228456     -0.94505    -0.233854
   -0.181937      1.75438    -0.530022
   -0.117871     0.838336     0.532259
    0.762387     0.419843    -0.492441
   -0.636296     0.347742    -0.688623
   -0.337573      1.77776    -0.609105
   -0.737598    -0.671286    -0.072972
   -0.675075     0.735487    0.0577263
   0.0149191    0.0918404    -0.995662
   -0.358854      1.82496    -0.486871
   -0.517777    -0.546881     0.657896
  -0.0265623     0.778911     0.626571
   -0.855103     0.306949    -0.417829
   -0.180631      1.71057    -0.409225
    0.562041    -0.682408    -0.467363
   -0.665137    -0.708773     0.235017
   -0.491632     0.178772    -0.852255
   -0.209902       1.6948    -0.307988
    0.723126    -0.689887     0.033826
   -0.600255    -0.651895    -0.463386
    0.341735     0.314782    -0.885511
   -0.353665      1.66615    -0.225644
    0.586048     0.740836    -0.328191
    0.494538    -0.647878    -0.579384
   -0.641857     0.177244    -0.746059
   -0.300555      1.56549    -0.275886
   -0.559476    -0.785725     -0.26386
   -0.545508     0.588742    -0.596493
    0.624025    -0.189785    -0.758007
   -0.397858       1.5921    -0.142479
    0.646136   -0.0266217    -0.762758
   -0.405574    -0.858584    -0.313597
   -0.646544     0.511981    -0.565559
    -0.36559      1.54849    -0.107397
  -0.0560123    -0.666086     0.743768
   -0.718832    -0.490093     -0.49304
    0.692923    -0.562261    -0.451353
   -0.348352      1.51113   -0.0971289
    0.901819    -0.406587     0.146322
    -0.31781    -0.394651     0.862118
    -0.29278    -0.823977    -0.485121
   -0.383017      1.54214    -0.177263
   -0.456729    -0.871775      0.17722
   -0.445015    0.0513989    -0.894047
    0.770299    -0.487202    -0.411428
   -0.215187      1.54835    -0.139724
   -0.645274   -0.0263872     0.763495
    0.656661     0.491574     0.571972
   -0.390407     0.870436    -0.299873
   -0.150281      1.49707   -0.0921332
    0.616757    -0.775029     0.137625
   -0.217726    -0.335985    -0.916357
    0.756443     0.535205    -0.375965
    -0.30515      1.55912     0.106634
   -0.471219    -0.867925    -0.157031
   -0.853868     0.493511    -0.165397
    0.221049    0.0561454    -0.973645
   -0.274269      1.50459     0.237123
    0.636976    -0.750382     0.176602
   -0.484716    -0.568003    -0.665148
    0.599426     0.338082    -0.725527
   -0.202115      1.47795     0.416036
    0.957977    -0.260619    -0.119821
   -0.251604    -0.964063    0.0853157
    -0.13775   -0.0515831    -0.989123
   -0.194154      1.48567     0.268574
   -0.554107    -0.156416     0.817618
   -0.824179   -0.0349951    -0.565247
    0.117026    -0.987071    -0.109524
   -0.277305      1.53332     0.196048
    0.421758     0.673092     0.607508
    0.333127     0.508125    -0.794251
   -0.843295      0.53736  -0.00991918
   -0.282519      1.58511     0.215116
   -0.224749     0.216565    -0.950046
    0.680993     0.732267   0.00582106
    0.696948    -0.645666    -0.312055
    -0.23522      1.41659     0.385508
    0.366523    -0.176326     0.913548
   -0.191565    -0.975142    -0.111357
    0.910474    -0.134189     -0.39119
     -0.2559       1.3383      0.43788
   -0.580442     0.305655     0.754759
    0.198633     0.952027    -0.232786
   -0.789703    0.0148013     -0.61331
   -0.263055      1.14057     0.460215
   -0.534589    -0.656816    -0.531796
   -0.732238     0.045808     0.679507
   -0.421951     0.752658    -0.505434
   -0.212341      1.05289     0.606775
   -0.127193    -0.636431     0.760774
   -0.709808     0.594148     0.378366
   -0.692816    -0.491878    -0.527315
   -0.175552     0.960215     0.635637
   0.0328454    -0.548829     0.835289
   -0.745252     0.543432     0.386368
   -0.665973    -0.635192    -0.391167
   -0.262219     0.970412     0.573832
  -0.0553272    -0.897699    -0.437121
   -0.438325    -0.371513     0.818443
   -0.897112     0.236883    -0.372929
   -0.368943      1.02853     0.603141
    0.219538       0.7569    -0.615553
    0.824266     0.193628     0.532066
    0.521909    -0.624188    -0.581378
   -0.391312     0.962448      0.70502
    -0.21901    -0.218717     0.950893
    -0.83397     0.547841   -0.0660696
   -0.506487    -0.807486    -0.302386
   -0.488398     0.859458     0.540676
   -0.860255     0.456343     0.227404
    0.148558     0.650997    -0.744402
   -0.487742    -0.606593    -0.627817
   -0.462373     0.571784     0.567376
    -0.93451     0.233361    -0.268763
    0.220795     0.972314    0.0765188
    0.279178    0.0121663    -0.960162
    -0.48376     0.530487     0.676241
   -0.738399    -0.411843    -0.533997
   -0.323875     0.911127    -0.254856
      0.5915   -0.0152374    -0.806161
   -0.501274     0.474098     0.580322
   -0.860575    0.0318404    -0.508328
    0.427876     0.586589    -0.687631
    0.276285    -0.809259    -0.518427
   -0.627109      0.29971     0.482111
   -0.354805    -0.867743    -0.348045
   -0.713498     0.491874     -0.49898
     0.60418    0.0712889    -0.793652
   -0.562292     0.273345      0.50074
   -0.583148     0.104343     0.805637
    0.643459     0.664689     0.379669
   -0.495882     0.739798    -0.454752
   -0.691034      0.25397     0.456624
   -0.177547    -0.463674    -0.868034
   -0.982037    0.0262279     0.186855
  -0.0638731     0.885618    -0.460002
   -0.616925     0.175507     0.514062
    0.288621    -0.695842    -0.657649
    -0.44455     0.510957     -0.73573
    0.847982     0.504705    -0.161863
   -0.550078      0.14314     0.393142
   -0.374273    -0.824157     -0.42507
    -0.85576     0.130397      0.50067
   -0.357203     0.551146    -0.754085
   -0.584437     0.177455     0.253718
   -0.186267    -0.811891    -0.553298
   -0.782183    -0.218249     0.583573
   -0.594554      0.54148    -0.594394
   -0.615367      0.24871      0.30474
   -0.546799     0.707677    -0.447442
    0.680238     0.063917    -0.730199
   -0.488146    -0.703639    -0.516339
   -0.617825     0.277522     0.440556
    -0.43685     0.867548    -0.237744
    0.627068     0.483194      0.61099
     0.64494     0.117829    -0.755095
   -0.687819     0.221768     0.493757
   0.0152692    -0.146461     0.989099
   -0.698143    -0.709719   -0.0943143
    0.715795    -0.689092    -0.113088
   -0.793748     0.136114     0.347844
   -0.744834    0.0153772     0.667072
     0.22355     0.947707     0.227763
   -0.628687      0.31877    -0.709322
   -0.668787    0.0193515     0.383545
      0.3264      0.67469    -0.662009
    0.819269    -0.551248    -0.157871
   -0.471445    -0.490834    -0.732681
   -0.756755   -0.0645938     0.386687
   -0.358696       0.1541     0.920647
   -0.515404     0.789612    -0.332975
   -0.778265    -0.593942    -0.203807
   -0.714663    0.0205247     0.355568
   -0.798824     0.303511     0.519386
    0.351057     0.936326  -0.00722525
   -0.488507     0.176562    -0.854509
    -0.64262   0.00954867     0.196696
     0.82451     0.227912    -0.517919
   0.0516389    -0.941785    -0.332228
   -0.563487      0.24718    -0.788279
   -0.678097  -0.00308366     0.178886
   -0.517217    -0.855102   -0.0358711
   -0.378008     0.265843    -0.886813
    0.767852    -0.445115    -0.460734
   -0.798995     0.079556    0.0612837
   -0.481531     -0.73411     0.478758
   -0.755633     0.624491     0.197562
   -0.444012    -0.266633     -0.85543
   -0.833467     0.110245     0.162907
    0.147736    -0.831562     0.535423
   -0.987309   -0.0921102     0.129366
  -0.0582583    -0.547741    -0.834617
   -0.871519     0.145244    0.0227366
    0.734907    -0.413762    -0.537321
   -0.292613    -0.908228     0.299163
   -0.611792   -0.0626299    -0.788535
   -0.811489    0.0259696   -0.0277424
   -0.219502     0.949494     0.224232
    0.965281     0.178005     0.191171
    0.141601      0.25841    -0.955601
   -0.786156    0.0116882    0.0116466
    0.339227   -0.0593344    -0.938831
    0.835157    -0.440317     0.329595
    -0.43294    -0.895879   -0.0998141
   -0.822556   -0.0382277   -0.0958538
    0.606732    -0.144419     0.781678
    0.719942    -0.317041    -0.617388
    0.336986     0.937352   -0.0883858
    -0.87379   -0.0762596   0.00428292
   -0.567671    -0.436206    -0.698193
   -0.285519     0.899766    -0.329999
    0.772158    0.0120171    -0.635317
      -0.781   0.00594072   -0.0319073
   -0.356002      0.46466     0.810773
    0.804467     0.593857    0.0128895
   -0.475494     0.656829    -0.585218
   -0.747358    0.0753278   -0.0473772
   -0.863117    -0.194684    -0.465969
   -0.504577     0.370402     0.779875
   0.0207665      0.90824    -0.417933
   -0.749471    0.0558163     -0.11823
   -0.296369    -0.610419     0.734544
   -0.546687     0.739062       0.3936
   -0.783134    -0.284915    -0.552743
   -0.781035    0.0391195    -0.197543
   -0.554733    -0.737534     0.385117
   -0.270592     0.597624     0.754736
   -0.786798     0.314467    -0.531092
   -0.728772     0.151968    -0.242538
   -0.427539    -0.813565     0.394109
   -0.483184     0.574122     0.660998
   -0.764031    0.0921752    -0.638561
   -0.743034    0.0575691    -0.247052
    0.323914    -0.923305      0.20637
   -0.813067    -0.383199    -0.438269
    0.483737    -0.025831    -0.874832
   -0.792823    0.0990513    -0.348941
   -0.259461    -0.892151     0.369793
   -0.571776    -0.166677      -0.8033
    0.778301    -0.419864    -0.466864
   -0.829237     0.267512    -0.460844
   -0.878026     0.406082     0.253314
    0.286872    0.0228623     0.957696
    0.383112     0.913551    -0.136567
   -0.701446     0.253897    -0.669775
    0.437118     0.876588     0.201298
    0.899264    -0.429921   -0.0805812
   0.0159057     0.216244     -0.97621
   -0.615319     0.335144    -0.727013
    0.955908    -0.282966    0.0785521
   -0.141667    -0.210029     0.967377
   -0.257236    -0.935852    -0.240856
   -0.684661     0.338702    -0.821752
   -0.824462    -0.366499    -0.431209
   -0.561966     0.620097     0.547424
   0.0667614     0.693655    -0.717207
    -0.76263     0.306182    -0.733044
    -0.46461     0.221548    -0.857353
    0.044641     0.972825     0.227196
    0.884389    0.0672846    -0.461875
   -0.681306      0.32606    -0.719471
     0.70167     0.566512    -0.432115
    0.311554    -0.789373    -0.528984
   -0.640776     0.236545    -0.730379
   -0.695675     0.282368    -0.622892
   -0.633939     0.182766    -0.751477
    0.772329    0.0988947    -0.627477
  -0.0403646     -0.97817    -0.203849
   -0.650785     0.357269    -0.860622
    0.559217    -0.826294    0.0671911
   -0.804991    -0.560593    -0.194227
    0.198156    0.0545269    -0.978653
   -0.665171     0.326167    -0.856982
     0.46383     0.804251     0.371541
    0.365147     0.208553    -0.907289
   -0.807174     0.556495    -0.196936
   -0.587517     0.423586     -0.97457
   -0.868984    -0.494055   -0.0278582
   -0.221595     0.338187     0.914617
    -0.44245     0.800962    -0.403359
   -0.559964     0.250105    -0.941717
    0.849416    -0.500691     0.166739
   -0.492914    -0.865596   -0.0882064
    0.188493  -0.00726404    -0.982048
   -0.646715     0.378297     -1.02644
  -0.0141402     0.823465     0.567191
    0.971978    -0.121797     0.201059
    0.234647      0.55414    -0.798667
   -0.638514     0.548557     -1.12126
    0.271833      0.25016     0.929261
     0.53449    -0.842239    0.0703813
    0.800267     0.477549    -0.362657
   -0.666044     0.705278     -1.15165
   -0.813298     0.475466    -0.335378
   -0.230687     0.265668     0.936058
    0.534163     0.838661    -0.106384
   -0.752897     0.839656     -1.20409
    0.397648    -0.623627     0.673027
   -0.453035      0.50442     0.735064
   -0.797895    -0.597201   -0.0819435
   -0.654754     0.835179     -1.39112
     0.50461     0.270858    -0.819759
    0.753232     0.325901     0.571341
    0.421912    -0.905773   -0.0395656
    -0.82113     0.899257     -1.30525
   -0.564897  -0.00981771    -0.825103
   -0.309651     0.929376      0.20094
    0.764858     0.369005    -0.528041
   -0.781581     0.990699     -1.43037
    -0.12767    -0.533572    -0.836063
   -0.857136    -0.364767      0.36368
   -0.499017     0.763051    -0.410774
   -0.792858       1.0309     -1.31267
   -0.230221     0.964375    -0.130304
    0.660721    0.0565962    -0.748495
   -0.714455    -0.258414    -0.650213
   -0.879381      1.15393     -1.23057
   0.0462897    -0.842965     0.535972
   -0.903139     0.193952     0.383043
   -0.426845    -0.501789    -0.752337
   -0.919482      1.24458     -1.27758
   -0.484777     0.457649     0.745352
    0.801273    -0.109264     0.588237
    0.350646     0.882394    -0.313733
    -1.07149      1.19613     -1.36198
   -0.253178    -0.111833     0.960934
     0.68244     0.683389     0.259336
   -0.685694     0.721438   -0.0966996
   -0.961624      1.21746     -1.41605
   0.0103356     -0.90838    -0.418017
   -0.862654    -0.219509     0.455679
   -0.505689     0.355894    -0.785887
   -0.899999      1.18529     -1.35341
   -0.555385     0.349828     0.754432
   -0.284608     0.772467    -0.567709
   -0.781375    -0.530014    -0.329453
   -0.871875      1.25245      -1.3366
    -0.47876    -0.497403    -0.723449
   -0.877107     0.234957     0.418903
  -0.0383845     0.835096    -0.548763
   -0.803372      1.41913     -1.37172
    0.620599    -0.244501    -0.745034
    0.403955     -0.71467     0.571023
    -0.67207    -0.655336    -0.344756
   -0.773273      1.59086     -1.33407
     0.83169     0.458896    -0.312579
  0.00121338    -0.564463    -0.825458
   -0.555239     0.686146    -0.470015
   -0.744588      1.57303     -1.27885
   -0.831056    -0.164001     0.531459
   -0.251944     0.962884   -0.0968385
   -0.495852    -0.214376     -0.84153
   -0.703334      1.58083     -1.16198
   -0.612452     0.681875     0.399935
   -0.279688     0.286285    -0.916415
   -0.739376    -0.673117    0.0153761
   -0.786133      1.62562     -1.09635
     0.71446     0.668027    -0.208052
    0.687495    -0.615023     0.386132
     0.12999    -0.418911    -0.898675
    -0.69808      1.68161     -1.05187
    0.407828    -0.463822     0.786477
   -0.903993    -0.326198     0.276391
    0.128351    -0.823689    -0.552324
   -0.681328      1.74797     -1.19389
   -0.196514     0.852005     0.485253
    0.654595     0.482461    -0.582011
   -0.729992     0.203271    -0.652528
   -0.653899      1.73653     -1.05681
   0.0324499     0.828304     0.559339
    0.858784      0.26319     -0.43957
    -0.51131     0.494615    -0.702793
   -0.622381      1.93669    -0.979027
    0.615099    -0.638465     0.462618
   -0.787141     -0.53106     0.313665
   0.0454139     -0.55708    -0.829216
    -0.59591      1.82904    -0.956474
   0.0991177     -0.72225    -0.684493
   -0.679273    -0.551786      0.48386
   -0.727162     0.416999    -0.545296
   -0.599945      1.89961    -0.977127
   -0.555708     0.118834     0.822841
     0.46937     0.861755     0.192536
   -0.686208     0.493211    -0.534661
   -0.702118      1.87093    -0.941351
    0.480683     0.861667    -0.162706
    0.156806     -0.26702    -0.950848
   -0.862761     0.431543    -0.263467
   -0.676193      1.81548    -0.911599
     -0.5373    -0.834127     0.124665
   -0.814927     0.475385    -0.331516
    0.217262    -0.279716    -0.935177
   -0.725891      1.90431    -0.764162
    -0.55037    -0.774036     0.312987
   -0.633185     0.142604     -0.76075
    0.544215    -0.616873    -0.568593
   -0.752642      1.79256    -0.684028
    0.996162   -0.0706279    0.0516984
 -0.00223232    -0.610964    -0.791655
   0.0874988     0.788502    -0.608777
   -0.765938      1.81972    -0.592174
      0.9715    -0.192495     0.138326
   -0.236174    -0.835908     0.495459
   0.0202542    -0.514007    -0.857547
   -0.789415      1.87736    -0.548372
   -0.739169    -0.412025     -0.53279
    0.147212     0.673091     -0.72476
    0.657235    -0.614153    -0.436873
   -0.752574      1.86783    -0.541015
    0.782147    -0.623088  -0.00287421
   -0.501652    -0.632434     0.590232
   -0.369584    -0.460206    -0.807229
   -0.746055      1.95541    -0.443498
    0.554075     0.360557     0.750333
    0.832456    -0.244507    -0.497226
   0.0041838     0.900119    -0.435623
   -0.750142      1.87042    -0.403925
    0.795792     -0.60417   -0.0411679
   -0.378883    -0.443713    -0.812137
    0.472402     0.661889    -0.582013
   -0.782725      1.79724    -0.354571
    0.661596    -0.464026     0.589043
   -0.747403    -0.471607     0.467947
   0.0606573    -0.749844    -0.658828
   -0.917313      1.88225    -0.308421
   -0.992465   -0.0850749   -0.0881831
  -0.0311654     0.871273    -0.489809
    0.118502    -0.483369    -0.867359
   -0.851299      1.68742    -0.149235
   -0.133687    -0.634629    -0.761166
   -0.954512    -0.124106     0.271119
   -0.266525     0.762787     -0.58917
   -0.935847      1.71035    -0.145666
   -0.193538    -0.925561    -0.325391
   -0.804291   -0.0402497     0.592871
   -0.561835     0.376453    -0.736631
   -0.955044      1.80293    -0.127173
    0.475305    -0.879738   -0.0120522
   -0.818934    -0.437363    -0.371565
    0.321609     0.186477    -0.928329
   -0.964329      1.71369    -0.122499
   -0.830124    -0.275696    -0.484651
   -0.551908      0.52994     0.643864
   0.0793251      0.80197    -0.592074
   -0.985994      1.63723   -0.0587783
   -0.767317     0.595908     0.236894
    0.168178     0.543485    -0.822399
   -0.618823      -0.5912    -0.517244
   -0.984849      1.56232      0.05378
   -0.553495     0.252556    -0.793637
   -0.658523     0.450687     0.602685
    0.509893     0.856211   -0.0831395
   -0.947963      1.60681     0.149657
   -0.683719     0.519964    -0.512021
    0.656128     0.745135    -0.119456
    0.319412    -0.417625    -0.850626
   -0.935998      1.50188     0.204112
   -0.188402     0.427595     0.884119
    0.638331     0.737463    -0.220641
    -0.74635     0.522791    -0.411887
   -0.958089      1.47503     0.271258
   -0.698155     0.273151    -0.661791
   -0.377964     0.644432     0.664718
    0.608048      0.71421    -0.346672
   -0.782403      1.54819     0.369847
    0.770737    -0.278211    -0.573205
    0.374708    -0.529696     0.760931
   -0.515324    -0.801262    -0.304008
   -0.730241      1.55843     0.380001
    0.671063    -0.671645    -0.313954
   -0.705628    -0.448644     -0.54846
    0.227517     0.589585       -0.775
   -0.650185      1.46145     0.401498
    0.448642    -0.148156    -0.881346
   -0.101391    -0.988234     0.114512
   -0.887942    0.0379859    -0.458385
   -0.745064      1.37481     0.425228
   -0.096829     0.260194     0.960689
     0.76264     0.639604   -0.0963639
   -0.639534     0.723329    -0.260367
   -0.812915      1.26533     0.467828
    0.557277    -0.181087     0.810339
   -0.317446    -0.948255   0.00640356
    0.767248    -0.260808    -0.585926
   -0.907562      1.43128      0.56201
    0.104489     0.673345     0.731908
    0.402859    -0.701511     0.587867
    0.909278      0.23343    -0.344563
   -0.926609      1.24508      0.68589
    0.735649    -0.374731    -0.564267
   -0.544873    -0.822265    -0.164296
    -0.40241     0.428318    -0.809079
   -0.895276      1.23777     0.715056
   -0.590305     -0.79019     0.164739
   -0.204359   -0.0511368    -0.977559
    0.780882    -0.610724    -0.131296
   -0.791414      1.12459      0.69264
    0.337892    -0.470244    -0.815291
    -0.89354    -0.432393    -0.120925
   -0.295662     0.769355    -0.566284
   -0.792549     0.928814     0.689931
     0.37141    -0.872771    -0.316742
   -0.512782    -0.477216     0.713667
   -0.774022    -0.102644    -0.624784
   -0.874694     0.898319     0.766476
  -0.0360248     0.968782     0.245283
    0.480784     -0.19837     0.854105
    0.876099     0.148697    -0.458629
   -0.947987     0.895415     0.583418
  -0.0708146    -0.861317     0.503108
   -0.997457    0.0570866   -0.0426647
  0.00802709     -0.50485     -0.86317
   -0.990295     0.716643     0.640583
   -0.996779    -0.013246    0.0790924
   0.0576028     0.567922     0.821064
  -0.0557941     0.822976     -0.56533
    -1.00994     0.635661     0.689718
   -0.821817    -0.521805     0.228771
   -0.468478     0.390355     -0.79256
    0.324259    -0.758514    -0.565255
    -1.11138     0.572992     0.651925
   -0.593661    -0.449591     0.667409
  -0.0242184     0.838979     0.543625
   -0.804351     0.306565    -0.508957
    -1.27737     0.588348     0.567885
    0.873891    -0.347647    -0.339787
   -0.329096    -0.937532     0.112825
   -0.357785    0.0132257     -0.93371
    -1.34026     0.534237     0.476652
    0.670143    -0.255048     0.697036
   0.0309303    -0.928696     -0.36955
    0.741587     0.269211    -0.614471
    -1.32379     0.511188     0.537997
   -0.710781     0.653674     0.259809
  -0.0753417     0.296482    -0.952062
   -0.699367    -0.696282    -0.161485
     -1.1945     0.436547       0.4441
   -0.604934      0.69029     0.396931
    0.426668     0.701882    -0.570365
   -0.672316    -0.175676    -0.719117
    -1.28212     0.442563     0.388335
    0.949943    0.0609139     0.306428
    0.187505    -0.895685    -0.403226
      0.2499     0.440498    -0.862271
    -1.22391     0.458041     0.378281
   -0.912633    -0.408066     0.024142
   -0.228795     0.460969    -0.857415
    0.338753    -0.788029    -0.514059
    -1.39034     0.419335     0.304159
    0.174259    -0.102985       0.9793
   -0.970448     0.150629     0.188524
   -0.166927    -0.983211   -0.0736934
    -1.42199     0.550492     0.490164
   -0.600543    -0.790804     0.118226
   -0.279359      0.34605     0.895661
   -0.749204     0.504855    -0.428736
     -1.4023     0.458707     0.457029
    0.646308   -0.0991989    -0.756601
   -0.195953    -0.979841     -0.03892
   -0.737488     0.173413    -0.652717
    -1.50736     0.360186     0.481385
    0.470882    -0.391034    -0.790799
   -0.727144     0.335539    -0.598896
    0.499532     0.857034    -0.126338
    -1.50127     0.278458     0.367063
     0.26256     0.868119     0.421226
      0.8459   0.00294169    -0.533333
   -0.464236     0.496347     -0.73357
    -1.44749     0.168394     0.306759
   -0.401751     0.451563     0.796672
    0.740483     0.672033  -0.00750079
   -0.538777     0.586909    -0.604365
    -1.42445    0.0701823     0.363599
    0.307488    -0.264007     0.914195
    0.465287    -0.796335    -0.386469
    0.830036     0.544197    -0.122024
    -1.30411     0.083501     0.252301
    -0.60621    -0.449012    -0.656428
   -0.548678    -0.361378     0.753895
   -0.575727     0.817186    -0.027292
    -1.36568      0.25297     0.229472
   -0.363724    -0.922968    -0.125841
   -0.607218     0.337372    -0.719352
    0.706393    -0.185233    -0.683152
    -1.39611     0.209624     0.214354
   -0.937069    0.0540953     0.344927
    -0.28346      0.45891    -0.842052
   -0.203842    -0.886834    -0.414697
    -1.58537     0.309372    0.0498525
     0.73187      0.30842     0.607654
    0.635874    0.0115232    -0.771707
   -0.245012     0.951181    -0.187683
    -1.57689     0.258012    0.0940871
   -0.964311    -0.239959    -0.111906
   -0.202748     0.397403     0.894966
   -0.170284     0.885715    -0.431872
    -1.69007     0.162203    0.0422835
    0.363074    -0.689112    -0.627137
   -0.668915    -0.661324     0.339416
   -0.648637     0.296268    -0.701067
    -1.53326     0.337209    0.0513662
   0.0367571      0.32876     0.943698
    0.777239     0.584163     -0.23378
   -0.628131     0.742072    -0.234053
    -1.47395     0.320004   -0.0708667
    0.666148     0.525599    -0.529143
    0.530252      0.16516     0.831598
     0.52448    -0.834547    -0.168679
    -1.49768     0.186059    -0.184686
   -0.929233    -0.189029     0.317481
   -0.350638     0.722104    -0.596338
   -0.116529    -0.665458    -0.737284
    -1.42818     0.206001   -0.0243774
     0.34522    -0.113091     0.931683
   -0.936416    -0.107967     0.333868
   0.0628336    -0.987701    -0.143172
     -1.5037     0.196196    -0.138975
   -0.871497    -0.157677     0.464361
    0.278259     0.620717     0.732996
   -0.403813     0.768016    -0.497078
    -1.49779     0.224343    -0.147178
    0.251909     0.967145    0.0342298
    0.664626    -0.147187    -0.732535
    -0.70343     0.207282    -0.679868
    -1.46831     0.104775    -0.308332
    0.259675     0.945377    -0.197057
    0.490028    0.0468385     0.870447
    0.832131    -0.322597    -0.451098
     -1.4517     0.192414    -0.283786
    0.433831    -0.142229     0.889697
   -0.839358    -0.422749     0.341703
    0.327519    -0.895016    -0.302783
    -1.40272     0.331756     -0.21739
    0.871464   -0.0694131    -0.485523
  -0.0105294    -0.992354     0.122973
   -0.490347    -0.102055    -0.865532
    -1.30673        0.384    -0.404293
   -0.937139    -0.209112    -0.279361
   -0.343939      0.41825     0.840698
  -0.0589569     0.883934    -0.463881
    -1.33028     0.487023    -0.509207
    0.981627     0.111381    -0.154928
    0.190746    -0.551767     0.811892
  0.00494495    -0.826528    -0.562875
    -1.27851     0.541394    -0.644286
    -0.14408     0.235003    -0.961257
    0.983723     0.139423    -0.113361
    0.107381    -0.961943    -0.251266
     -1.3437     0.501197    -0.701372
   -0.803916     0.551467      0.22272
  -0.0395359     0.324101    -0.945196
   -0.593428    -0.768663    -0.238747
    -1.36091     0.589433    -0.637849
   -0.850987    -0.482632    -0.207095
   -0.341399     0.208718     0.916451
   -0.399084      0.85059    -0.342386
    -1.29252     0.536172    -0.706199
   -0.765909    -0.621293     0.165461
   -0.152899     0.425971     0.891724
   -0.624504      0.65768     -0.42125
    -1.47005      0.53499    -0.708455
   -0.393328    -0.895678     0.207493
   -0.890494     0.427278     0.156378
   -0.228721    -0.123263    -0.965657
    -1.33975     0.545318    -0.791236
    0.420527    -0.709866     -0.56502
   -0.526185    -0.698152     0.485503
   -0.739112    0.0931379    -0.667113
    -1.32334     0.549063    -0.785646
  -0.0342628    -0.598923    -0.800073
   -0.606833     0.648545    -0.459503
     0.79409     0.469767    -0.385667
    -1.34804     0.604759    -0.746448
   -0.324774     0.204616    -0.923393
    0.929744    -0.110019    -0.351386
    -0.17349     -0.97264    -0.154509
    -1.39647     0.603303    -0.895527
    0.708735     0.257932    -0.656632
    0.382022    -0.922808    0.0498457
   -0.593089    -0.286175    -0.752562
    -1.36815     0.545985    -0.905329
   -0.597989    -0.797935    0.0755526
  -0.0209632     0.109802     0.993732
    -0.80123     0.592657   -0.0823876
    -1.39415     0.633713     -1.00845
      0.6387     0.736411     0.223071
   0.0696593    -0.344056     0.936362
    0.766296    -0.582516    -0.271046
    -1.30061     0.767389      -1.1037
     0.06883     0.993598    0.0895829
    0.986171   -0.0813346     0.144399
    0.150761     0.078405    -0.985456
    -1.30602     0.915979     -1.22262
   -0.372929     0.900901    -0.222037
    0.678503     0.101555    -0.727544
   -0.632897    -0.421975    -0.649137
    -1.28435     0.982882      -1.2122
   -0.719109     0.253298     0.647088
    0.191271     0.967379    -0.166115
   -0.668056   0.00431413    -0.744099
    -1.46533      1.01582      -1.2473
   -0.581832    -0.553734     0.595693
    -0.35572      0.83192     0.425879
   -0.731393    0.0358899    -0.681012
    -1.39916       1.1109     -1.31161
   -0.620241     0.731485      0.28325
    0.119883     0.445254    -0.887343
   -0.775196     -0.51641    -0.363857
    -1.29766      1.18753      -1.3264
  -0.0517293     0.426001     0.903243
    0.998644    0.0167046    0.0493145
  0.00591968     0.904569    -0.426287
    -1.34641      1.10693     -1.26596
   -0.146546     0.157453    -0.976592
    0.984361     0.120787    -0.128238
   0.0977679    -0.980112    -0.172691
     -1.4609      1.21892     -1.14888
    -0.58636     0.689017    -0.425954
    0.292734     0.670537     0.681679
    0.755307     0.275018    -0.594875
    -1.53854      1.37699      -1.1991
   -0.165835    -0.958056     0.233727
   -0.916418    0.0621753    -0.395363
    0.364248    -0.279756    -0.888291
    -1.58626       1.3561     -1.32395
    0.982745     0.112247     0.147012
    0.165677    -0.887581    -0.429826
   0.0822382     0.446766    -0.890863
    -1.55398      1.42731     -1.36607
   -0.489843    -0.189828    -0.850893
    0.155684     0.941272    -0.299616
    0.857797    -0.279235    -0.431522
    -1.45598      1.43458     -1.39449
   -0.267636      0.88277     0.386118
    0.534062     0.469459    -0.703126
   -0.801966    0.0180291    -0.597098
    -1.46493      1.47914     -1.34298
     0.75217     0.658624    0.0213315
    0.476567    -0.566041     0.672667
    0.455109    -0.495794    -0.739638
    -1.42131      1.55497     -1.15604
    0.651344    -0.680014     0.336649
   -0.758783    -0.583333     0.289779
-0.000675279    -0.444189    -0.895933
    -1.32559      1.75188     -1.20766
    0.924445    -0.192523     0.329144
  -0.0567202    -0.923007    -0.380579
    0.377073     0.333156    -0.864189
    -1.24673      1.67467     -1.13461
   -0.604758    -0.553953    -0.572192
    0.074778     0.675795    -0.733287
    0.792891    -0.486249    -0.367269
    -1.19354       1.6514     -1.04242
    0.320118   -0.0634495      0.94525
    0.639005    -0.722157     -0.26488
    0.699426     0.688813    -0.190631
    -1.13194      1.77125     -1.12246
    0.415819     0.784815     0.459521
    0.291538      0.36358    -0.884769
   -0.861452     0.501871   -0.0776205
    -1.17961      1.79396     -1.08372
    0.793803     0.593616     0.132274
    0.588589      -0.8046    0.0786274
    0.153102    0.0154405     -0.98809
    -1.12152      1.92309     -1.19787
    0.366134     0.930475    0.0127545
    0.433278    -0.158329    -0.887244
   -0.823539     0.330377    -0.461123
    -1.09888       1.9377     -1.09056
     0.53913     0.839732    0.0647155
    0.361436    -0.161278    -0.918343
   -0.760725     0.518497    -0.390459
    -1.16643      2.04909     -1.07164
   -0.787554    -0.495292    -0.366667
   -0.605708     0.731717     0.312584
    0.113476      0.46827    -0.876269
    -1.29177      2.05019    -0.939838
   -0.447153     0.616002     0.648534
    0.286753     0.785513    -0.548399
   -0.847247   -0.0592495    -0.527884
      -1.292      2.03727    -0.819914
   -0.284794     0.881309    -0.377077
    0.659182     0.465651     0.590464
    0.695968    -0.080402    -0.713558
    -1.26165      1.88443    -0.806562
    0.391491     0.361185     0.846333
    0.852447      0.20399    -0.481375
   -0.346509     0.909908    -0.228031
    -1.23591      1.88633    -0.811865
   -0.087849    -0.741397     0.665291
   -0.714868     0.512037     0.476216
    -0.69372     -0.43376    -0.574983
    -1.13754      2.03275    -0.779004
   0.0210194    -0.917646    -0.396843
   -0.969957    0.0775063    -0.230599
    0.242366     0.389767    -0.888448
    -1.21989      2.01242    -0.791449
   -0.884061    -0.455648     0.104023
   -0.365957     0.536427    -0.760474
    0.290708    -0.710374    -0.640982
    -1.17122      2.15579    -0.665817
   -0.512017    -0.209705     0.832984
    0.279071     0.876524     0.392206
   -0.812378     0.433277    -0.390273
    -1.25881      2.09573    -0.499651
  -0.0587337     -0.84751      0.52752
   -0.998073    0.0392665   -0.0480394
   0.0199999    -0.529326    -0.848183
    -1.29062      2.16445    -0.544602
   -0.535861     0.815521    -0.218583
    0.168985     0.357246     0.918596
    0.827223     0.455303    -0.329245
    -1.20065      2.06347    -0.475356
   -0.263526     0.930961    -0.252717
    0.641513     0.364781     0.674831
    0.720427    0.0157141    -0.693353
    -1.09517        2.056    -0.357707
   0.0207243     0.833564    -0.552034
    0.765858    -0.368167    -0.527176
   -0.642676    -0.411854    -0.646021
    -1.19856       2.0137    -0.328716
    0.602033    -0.786597     0.137188
   -0.766798    -0.521643     0.374044
   -0.222659    -0.330383    -0.917208
    -1.31829       2.0186     -0.24345
    0.392696    -0.086353     0.915605
   -0.907867     0.122581     0.400938
   -0.146858    -0.988695   -0.0302602
    -1.20181      1.90713    -0.170665
   -0.804187    0.0887388    -0.587714
   -0.589879   0.00224255     0.807488
   0.0729735     0.996052    0.0505417
    -1.27812      1.96342   -0.0918386
   -0.991895    -0.124804     0.023821
  -0.0389515     0.477146      0.87796
   -0.120939     0.869917    -0.478141
    -1.33222      2.00242   -0.0649379
    0.367159    -0.929827    0.0248406
