  -0.0134343     -0.99972   -0.0194863
     0.99967   -0.0130014    -0.022173
   0.0219135   -0.0197777     0.999564
           0            0            0
    0.357463     0.920996    -0.154875
    0.188427    -0.233544    -0.953914
   -0.914721     0.311807    -0.257024
   0.0495961    0.0650851   -0.0130646
   -0.334042    -0.451926     0.827151
    0.225331    -0.890403    -0.395486
    0.915228    0.0542743     0.399265
  -0.0065046   0.00921985    0.0745514
    0.596991     0.761356      0.25286
    -0.31426     0.511937    -0.799476
   -0.738134     0.397816     0.544886
    0.022446    0.0437681     0.152613
   -0.592884      0.10265    -0.798719
    0.620984    -0.573203    -0.534619
   -0.512706    -0.812959     0.276099
   -0.085935   0.00488156     0.214812
    0.897966    -0.437159     0.050483
   -0.300143    -0.692302    -0.656225
    0.321824     0.574116    -0.752874
  -0.0778412    -0.108853     0.150114
   -0.944713     0.292987    -0.147228
   -0.267816    -0.948517    -0.169087
   -0.189188    -0.120309     0.974543
   -0.103634    -0.106334     0.119231
    0.625154    0.0762237     0.776771
    0.775998     -0.16746    -0.608099
   0.0837264     0.982928    -0.163838
   -0.125869   -0.0546902     0.281218
   -0.113569    -0.866537      0.48602
   0.0387702    -0.492678    -0.869348
    0.992773   -0.0798876    0.0895486
  -0.0966507   -0.0583677     0.303029
   -0.293845     0.753454    -0.588186
   -0.115929    -0.638901    -0.760504
   -0.948797    -0.155283     0.275085
   -0.176667    -0.051609     0.451274
   -0.350468     0.270663     0.896612
   -0.885147    -0.408587    -0.222645
    0.306082    -0.871664     0.382773
  0.00353228    0.0773089     0.367329
    0.917322     0.210747    -0.337795
   -0.169217     0.974349     0.148357
    0.360396   -0.0789304     0.929454
  -0.0488762    0.0669471     0.506534
    0.770805      0.50792     0.384549
   -0.469348     0.860911    -0.196328
   -0.430781   -0.0291565     0.901985
  -0.0727788    0.0659108     0.481972
    0.943054    -0.190071    -0.272989
  -0.0432934     0.743558    -0.667268
    0.329812     0.641088     0.692986
  -0.0253354    0.0447143     0.554529
    0.203389    -0.869208     0.450678
    0.333803    -0.371163    -0.866495
    0.920439     0.326673     0.214654
  -0.0554861     0.137278     0.733697
    0.358647    -0.852932     0.379315
    0.915975     0.399869     0.033082
   -0.179893     0.335578     0.924676
  -0.0781417     0.225486     0.810068
    -0.67049     0.540721    -0.507999
   -0.549567    -0.821956    -0.149547
   -0.498416      0.17891     0.848276
    -0.14992     0.325332     0.856778
   -0.709948     0.619674     0.334632
   -0.694163    -0.695883    -0.184079
    0.118795    -0.362975     0.924195
    -0.14085     0.171095     0.921546
   -0.291562    -0.954251    0.0663017
    0.956466    -0.291763   0.00684553
    0.012812    0.0654112     0.997776
   -0.168267    0.0721114     0.870188
    0.305035    -0.192605    -0.932661
   -0.912904    -0.338045    -0.228763
   -0.271221     0.921211    -0.278945
  -0.0317214   -0.0465588     0.980837
     0.78487    -0.616414    0.0633461
    0.609778     0.786491    0.0979903
   -0.110224   -0.0382826     0.993169
   0.0102104   -0.0763241     0.974909
    0.898932    0.0192863    -0.437663
   -0.197868     0.909197    -0.366344
    0.390856     0.415918     0.821123
  0.00918233    -0.101716     0.921944
   -0.430993     0.902023    0.0244833
   -0.883082     -0.42721     0.194055
    0.185502    0.0620159     0.980685
   -0.140158   -0.0280812     0.946321
   -0.119606    -0.316501     0.941022
    0.991484   -0.0872656    0.0966688
   0.0515231      0.94457     0.324243
  -0.0389902    0.0669713      1.12172
   -0.642497     0.318045     0.697169
   -0.544221    -0.829883    -0.122954
    0.539464    -0.458411     0.706284
  -0.0428085    0.0455041      1.07486
   -0.220397     -0.96904     0.111297
      0.9738    -0.212043    0.0821633
  -0.0560197      0.12649     0.990385
  -0.0883984    0.0190022      1.05465
    0.394413    -0.469819    -0.789752
     0.91648     0.263872     0.300727
   0.0671064    -0.842402     0.534654
   -0.139792  -0.00194135      1.16193
   -0.507212    -0.193114     0.839907
    0.593545    -0.784875     0.177976
    0.624852     0.588794     0.512719
 -0.00408396  -0.00064906      1.31759
   -0.851203     0.203515     0.483771
    -0.44237    -0.774216    -0.452657
    0.282421    -0.599309     0.749044
   -0.248305    -0.065714      1.21716
    -0.45045     0.406054     0.795119
   -0.691309     0.404933    -0.598433
   -0.564966    -0.819237    0.0983066
   -0.183026   -0.0798267        1.207
   -0.505111   -0.0219236     0.862776
   -0.810859     0.354431     -0.46571
   -0.295584    -0.934825    -0.196804
  -0.0559078    -0.113965      1.22173
    0.656505      0.36797    -0.658482
   -0.722805    0.0571781    -0.688683
   -0.215764     0.928078     0.303508
  -0.0911496   -0.0222494      1.18667
   -0.872922     0.333497     0.356071
   -0.487817    -0.587052    -0.646069
 -0.00642983    -0.737665     0.675136
   0.0430314    -0.117738      1.22746
    0.905892    -0.419066   -0.0611829
    0.423237     0.890638     0.166235
  -0.0151716    -0.176486     0.984186
  -0.0415504   -0.0712356      1.10035
    0.551748    0.0917042     0.828954
   0.0801349     0.983509    -0.162139
   -0.830152     0.155888       0.5353
    0.112394    -0.244037      1.28411
   -0.315291    -0.243349    -0.917264
    0.213872     0.923477    -0.318511
    0.924581      -0.2966    -0.239118
  -0.0843837    -0.125062      1.46149
    0.775419    -0.629746    0.0463173
    0.606103      0.72172    -0.334305
    0.177099       0.2873     0.941326
  -0.0680603    -0.398397      1.37137
    0.194322   -0.0897378     0.976824
    0.293793     0.955419    0.0293262
   -0.935908     0.281286     0.212024
  -0.0177299    -0.285815      1.39691
   -0.756564    -0.214124     0.617868
   -0.635512    0.0181548    -0.771877
     0.15406    -0.976638    -0.149814
   0.0563142    -0.432937      1.39884
  -0.0300213    -0.785592    -0.618017
      0.9837    0.0864471    -0.157672
    0.177292    -0.612677     0.770191
  -0.0456815    -0.508504       1.4537
    0.404328    -0.879507    -0.250969
    0.661533     0.470706     -0.58379
     0.63158    0.0700183     0.772143
  -0.0651262    -0.521801      1.56908
    0.616923    -0.763279     0.191862
    0.749724     0.495795    -0.438295
    0.239417     0.414238     0.878115
   -0.044844    -0.700584      1.46775
   -0.446055     0.720185     0.531384
   -0.364572     0.396026    -0.842763
   -0.817387    -0.569647      0.08591
   -0.126624    -0.741779      1.50539
   -0.674868    -0.706108    -0.214394
    0.719533    -0.694135    0.0211973
   -0.163786    -0.139958     0.976517
  -0.0448451    -0.796395      1.46427
    0.708309    -0.537431     0.457676
    0.562747     0.821321    0.0935261
   -0.426163      0.19131     0.884186
  0.00327381    -0.950933       1.5804
   -0.826263    -0.465942     0.316523
    0.562162    -0.717564     0.411189
   0.0355353     0.517688     0.854831
   -0.082084    -0.924924       1.4943
    0.730865       0.6825  -0.00553842
   -0.620904     0.668229     0.409815
      0.2834     -0.29608     0.912152
  -0.0767826     -0.95221      1.49907
    -0.92963     0.283836    -0.235001
   -0.195192    -0.920209    -0.339286
   -0.312551     -0.26954     0.910857
  -0.0532265     -1.07719      1.43887
   -0.975597    0.0936018    -0.198618
     0.20392    0.0508741    -0.977665
  -0.0814066    -0.994309   -0.0687199
   -0.103367     -1.04564      1.40326
    0.896051     0.443952  0.000479917
     0.04329   -0.0862985    -0.995328
   -0.441836     0.891885   -0.0965465
   -0.102216     -1.08736      1.39368
     -0.8933     0.366317     0.260435
    -0.25926    0.0533656    -0.964332
    -0.36715    -0.928958       0.0473
-0.000532356     -1.28563      1.55974
   -0.365732    -0.890659    -0.270125
    0.614309   -0.0129737    -0.788959
    0.699188    -0.454487     0.551885
   -0.126347     -1.33651      1.51266
    0.769448     0.632869    0.0861826
    0.456104     -0.44998    -0.767781
   -0.447124     0.630075     -0.63489
   -0.161676     -1.33072      1.51514
   -0.782831    -0.614636    0.0969474
    0.560222     -0.76401    -0.320062
    0.270791    -0.196243     0.942423
    -0.19892     -1.48628       1.4187
    0.912525      -0.3332    -0.237226
   -0.158688      0.24615    -0.956153
    0.376984     0.910158     0.171743
   -0.119558     -1.56455        1.333
   -0.494115    -0.758273    -0.425292
    0.631466    0.0232214    -0.775056
    0.597579    -0.651524     0.467349
  -0.0564519     -1.57596      1.31043
    0.765397   -0.0323102     0.642746
    0.464747     0.718611    -0.517308
    -0.44517     0.694661     0.565039
   -0.124651     -1.65717      1.31284
   -0.850554     0.198463    -0.487001
    0.515942     0.135675    -0.845811
   -0.101789    -0.970672    -0.217794
   -0.130923     -1.65026      1.34687
   -0.781707    -0.562524     0.269258
   -0.577603     0.490226    -0.652728
    0.235178    -0.665766    -0.708129
   -0.125771     -1.72419       1.3993
    0.679709    -0.352284    -0.643344
    0.679396     0.632951     0.371207
    0.276435    -0.689398     0.669563
  -0.0552147     -1.78243      1.51098
   -0.472388    -0.322963    -0.820088
    0.516376     0.652633     -0.55446
    0.714287    -0.685394    -0.141526
   -0.185932     -1.73889      1.52956
   -0.414115      0.52081     0.746502
   -0.838145    -0.538042   -0.0895778
    0.354997    -0.662772     0.659325
   -0.262189     -1.63239        1.449
    0.507486    -0.303043    -0.806612
   -0.858449   -0.0970717     -0.50363
   0.0743224      0.94802     -0.30941
   -0.217148     -1.75397      1.33362
    0.739327     0.140897     -0.65844
   -0.237288     0.969649   -0.0589471
     0.63015     0.199821     0.750321
   -0.252416     -1.76272       1.1305
   -0.632134     0.382694    -0.673759
    0.764549     0.166673    -0.622644
   -0.125985    -0.908716    -0.397948
   -0.362796     -1.77259      1.22179
   -0.398668    -0.303646    -0.865369
    0.162018    -0.952075     0.259429
    -0.90267    -0.036779     0.428758
   -0.330952     -1.88204      1.03374
   0.0935632     -0.37708    -0.921443
    0.989785   -0.0647638     0.127006
   -0.107568    -0.923913     0.367169
   -0.313702     -1.85697     0.933717
   -0.607937    -0.343463     0.715853
   -0.735433   -0.0962223    -0.670731
    0.299252    -0.934224    -0.194097
   -0.412153     -1.86607     0.981171
   -0.475541    -0.743019    -0.470939
    0.829213    -0.557349    0.0420358
   -0.293711    -0.370519     0.881164
   -0.346817     -1.90149     0.909717
   -0.880783    -0.393729    -0.263059
    0.291766    -0.888807     0.353406
   -0.372954     0.234522     0.897722
   -0.481273     -1.75435     0.865042
   -0.605264    -0.784014     0.137757
    0.789573    -0.613289   -0.0212437
     0.10114    0.0959115     0.990238
   -0.501046     -1.83794     0.839804
    0.145546    -0.881529     0.449137
   -0.120165    -0.466361    -0.876395
    0.982027    0.0735854    -0.173806
   -0.479646     -1.88608     0.767429
   -0.844744    -0.514237     0.148215
    0.481003    -0.850957    -0.210971
    0.234614    -0.106924      0.96619
   -0.484059     -1.83346     0.745088
   -0.974049    -0.223373    0.0365204
    0.190975    -0.897695    -0.397079
    0.121481    -0.379799     0.917058
   -0.371433     -1.74091      0.53661
     0.73955     0.492129     0.459211
   0.0441453       0.6453    -0.762653
   -0.671652     0.584292     0.455506
   -0.261851     -1.96145     0.612503
   -0.232336     0.195441    -0.952797
  -0.0104477    -0.980049    -0.198484
    -0.97258   -0.0361603     0.229742
   -0.192951     -1.90279     0.563556
   -0.386088      0.92046   -0.0607392
   -0.920647    -0.380364     0.087929
   0.0578321    0.0898677     0.994273
   -0.344433     -1.86223     0.481975
   -0.503973    -0.791362    -0.346059
   -0.450744     0.582748    -0.676191
    0.736778    -0.184799    -0.650391
   -0.309035     -1.91922     0.252012
    0.857521     0.464727      0.22065
   -0.197498     0.693427    -0.692931
   -0.475029     0.550625     0.686411
   -0.314787     -1.74531     0.266773
    0.858483    0.0517453     0.510226
    -0.28005     0.880763     0.381875
   -0.429628    -0.470722     0.770611
   -0.348122     -1.80485     0.117032
    0.562606     0.389058    -0.729458
   -0.185757     0.919274     0.347029
    0.805586   -0.0597381     0.589459
   -0.197954     -1.63559    0.0424286
   0.0391466    -0.996955   -0.0674394
    0.404684    0.0775264    -0.911164
    0.913618    0.0083773     0.406487
   -0.273616     -1.50287     0.048159
    0.221843     0.723317      0.65391
   0.0217509     0.666782    -0.744935
    -0.97484     0.179482     0.132188
   -0.262222     -1.41206   -0.0717982
   -0.521399     0.221254     -0.82413
   -0.536152    -0.836295     0.114685
   -0.663841     0.501655     0.554669
    -0.32994     -1.32867   -0.0625676
    0.728799    -0.649072      0.21808
    0.431404      0.18793    -0.882368
    0.531736     0.737149     0.416975
   -0.302509     -1.29152    -0.126938
   -0.146145     -0.69783    -0.701195
   -0.282068     0.708777    -0.646586
    0.948198     0.103289     -0.30042
   -0.255541     -1.30368   -0.0877425
    0.420782     0.165472    -0.891943
   -0.353444     0.935431   0.00679887
    0.835476     0.312391     0.452098
   -0.367809       -1.184     -0.15421
    0.769345    -0.598777     0.222652
    0.565228     0.800437     0.199543
   -0.297701   -0.0276683     0.954258
   -0.293227     -1.19325    -0.255018
    0.204409    -0.786145     0.583261
    0.936463   -0.0164615     -0.35038
    0.285051     0.617823     0.732831
   -0.231339     -1.11976    -0.287305
    -0.41699    -0.435091     0.798007
   -0.244173    -0.792083     -0.55945
    0.875499    -0.428137     0.224053
   -0.307496     -1.15626    -0.343168
     0.35839   -0.0744094    -0.930602
    0.199483       0.9799  -0.00152714
    0.912011    -0.185092     0.366029
   -0.211984     -1.05865    -0.298198
     0.64398    -0.112441     0.756735
  -0.0504325      0.98075     0.188644
   -0.763378    -0.159647     0.625912
   -0.285132    -0.904153    -0.444652
   -0.865077   -0.0164036     0.501371
   0.0143694    -0.999865  -0.00791978
    0.501434  0.000353178     0.865196
    -0.39323    -0.878124    -0.432115
    -0.90866     0.401579    -0.114331
   -0.414464    -0.834339     0.363453
    0.050565     0.377641      0.92457
   -0.397409    -0.812056    -0.322912
    -0.76924    -0.530048     0.356817
   -0.174505    -0.362928    -0.915331
    0.614669    -0.766376     0.186682
   -0.474655    -0.653776    -0.245775
   -0.406298    -0.910095   -0.0815425
    0.863477    -0.411606     0.291528
   -0.298881     0.048037     0.953081
   -0.412923     -0.52965    -0.166033
    0.684666    0.0332308    -0.728099
   -0.557188    -0.620127    -0.552253
   -0.469866     0.783797    -0.406064
   -0.472508    -0.371867    -0.061873
   -0.971638    -0.117122      0.20543
   -0.236319     0.512148    -0.825747
  -0.0084979    -0.850874    -0.525301
   -0.425715    -0.250146   -0.0815464
   -0.769775    -0.629073     0.108228
   -0.129712   -0.0118538    -0.991481
    0.624997    -0.777256   -0.0724738
   -0.327674    -0.304711  -0.00828087
    0.982958     0.183684  -0.00732161
 -0.00774749   0.00160101    -0.999969
   -0.183667     0.982984   0.00299681
   -0.584665   -0.0360199     0.126317
    0.182553      -0.8126     0.553494
    0.982539     0.130207      -0.1329
   0.0359262     0.568091     0.822181
   -0.504213   -0.0751713  -0.00781897
    0.758497     0.258657     0.598146
  -0.0373878     0.933618    -0.356315
   -0.650603       0.2479     0.717817
    -0.56692   -0.0351164    0.0547127
    0.996865    0.0611233   -0.0502318
  -0.0520661      0.98489     0.165171
   0.0595686    -0.162037     0.984985
   -0.545053     0.133697   0.00406651
    0.826533     0.160006    -0.539668
    -0.34642      0.90027    -0.263641
    0.443663      0.40486     0.799532
   -0.620838    0.0899634     0.017627
   -0.979174     0.172899     0.106412
   -0.202047    -0.881184    -0.427424
   0.0198673    -0.440023     0.897767
   -0.679651    0.0460025     0.108685
    0.648357     0.710572     -0.27335
   -0.713349     0.441534    -0.544224
   -0.266018     0.547846     0.793158
   -0.737021     0.207343     0.185482
   -0.333669   -0.0922043     -0.93817
   -0.330319    -0.920673     0.207966
   -0.882924     0.379287     0.276743
   -0.773663    0.0891128     0.184908
    0.953364     -0.29967    0.0359873
   -0.108581    -0.451777    -0.885499
    0.281615     0.840295    -0.463246
   -0.674743    0.0174765    0.0901629
   -0.831506    -0.503808     0.234041
   -0.473497     0.422441    -0.772881
    0.290515    -0.753473    -0.589814
   -0.712691   -0.0994885      0.29187
    0.135215     0.286396    -0.948522
   -0.987304     0.119481    -0.104667
   0.0833546     0.950632     0.298915
   -0.634211    -0.118302     0.370495
    0.642892    -0.321235      0.69534
   0.0946754     0.934171     0.344037
   -0.760083    -0.155347     0.630984
   -0.631542    0.0383565     0.542095
    0.503654    -0.848895     0.160342
    0.842748     0.523607     0.124945
   -0.190021    0.0721993     0.979122
      -0.779    0.0356242     0.528352
    0.907728    -0.347529    -0.235061
  -0.0854649     0.395348    -0.914547
    0.410762     0.850249     0.329167
   -0.860744      0.12039     0.625948
      -0.416      -0.1829    -0.890782
 -0.00171566    -0.979405     0.201898
   -0.909363    0.0855177     0.407118
   -0.739454     0.166549      0.52458
    0.202293     -0.67706    -0.707578
   -0.294118      0.64716    -0.703334
    0.934116     0.350391   -0.0682195
   -0.679338     0.190035     0.546788
    0.904286     0.131278     0.406242
  -0.0150604     0.960767    -0.276949
   -0.426661     0.244323     0.870785
   -0.751108     0.226554     0.752519
   -0.621271     0.160117     0.767063
   -0.769187    -0.311478    -0.557973
    0.149583    -0.936666     0.316672
   -0.772301     0.209059     0.871937
    0.610095     0.585859    -0.533435
   -0.217809    -0.523302    -0.823841
   -0.761802     0.618809    -0.191659
   -0.906523    0.0506655     0.926977
   -0.272718     0.921844     0.275369
   -0.961758    -0.253655    -0.103347
  -0.0254207    -0.293023     0.955767
   -0.853293    0.0831959     0.888311
   -0.264384    -0.958884    -0.103161
    -0.33935     0.192622    -0.920727
    0.902742    -0.208417    -0.376324
    -0.86892    0.0594138       1.0185
  -0.0736299     0.367429     0.927132
     -0.8384      0.48063     -0.25706
   -0.540059    -0.796235     0.272664
   -0.762717     0.177663      1.00408
    0.653342     -0.70483     -0.27633
    0.744111     0.530634     0.405864
   -0.139435    -0.470788     0.871158
   -0.758626     0.183852      1.00602
   0.0158949     0.713749     0.700221
    0.205688     0.682998    -0.700861
   -0.978489     0.155167    -0.135953
   -0.795567     0.194576       1.0773
    -0.86072     0.379065     -0.33981
     0.27232    -0.221135    -0.936451
    -0.43012    -0.898559    0.0871086
    -0.79384    0.0764666      1.08979
   -0.242621     0.294501      0.92434
   -0.969733   -0.0466907     -0.23966
  -0.0274221     -0.95451     0.296916
   -0.676945    0.0532222      1.19181
    0.923592     0.376591   -0.0718065
    0.248529    -0.730749    -0.635798
   -0.291909     0.569372    -0.768508
   -0.693669     0.021929      1.17815
   -0.436513     0.865919    -0.244213
   -0.888454    -0.372095      0.26869
    0.141793     0.334259     0.931754
   -0.860631    0.0608292      1.25979
   -0.515666     0.557462     0.650634
     -0.3592    -0.830089      0.42653
    0.777858   -0.0137608     0.628289
   -0.992423   -0.0428413      1.13678
    0.416915     0.304682    -0.856359
   -0.700573    -0.492558    -0.516318
    -0.57912     0.815202   0.00809719
    -1.04388   -0.0463446       1.2355
   -0.557283     0.253066     0.790818
   -0.824368    -0.282494    -0.490525
   0.0992661    -0.925286     0.366048
   -0.967045    0.0544805      1.33307
    0.237442     0.765088    -0.598549
   -0.705967    -0.287337    -0.647339
   -0.667257     0.576262     0.471901
   -0.812857   0.00173001      1.34902
   -0.823109     0.139091    -0.550586
   -0.391964    -0.840711     0.373591
    -0.41092     0.523316     0.746515
   -0.810475   -0.0902825      1.44542
   -0.506034    -0.627533      0.59172
     0.26107    -0.765299    -0.588353
    0.822054    -0.143247     0.551097
   -0.859686    -0.112986       1.3609
      0.6121     0.780053    -0.129813
    0.266237    -0.357858    -0.895017
   -0.744615     0.513279    -0.426724
   -0.785061    -0.176678      1.21348
    0.705185     0.450268     0.547698
    0.681055    -0.215347    -0.699849
   -0.197175     0.866536    -0.458517
   -0.823179    -0.315477      1.49658
   -0.340431    -0.812959    -0.472446
    0.789831    0.0253781      -0.6128
    0.510171    -0.581768      0.63346
   -0.749684    -0.281985        1.546
   -0.690367     0.622911     0.367934
   -0.328499     0.183219    -0.926563
   -0.644579    -0.760535    0.0781376
   -0.792215    -0.266318      1.58617
    0.224593     0.969251     0.100548
   -0.911877     0.245428    -0.329006
   -0.343567   -0.0177949      0.93896
   -0.715124    -0.297328      1.54803
    0.447564     0.354547     0.820964
    0.872214    0.0294809    -0.488235
   -0.197305     0.934573    -0.296047
   -0.813317    -0.434004      1.61602
   -0.446475    -0.187789    -0.874868
    0.485583    -0.872086    -0.060618
   -0.751577    -0.451886     0.480552
   -0.848365    -0.503617       1.5369
    0.821969    -0.252205    -0.510646
   -0.169077     0.748128    -0.641653
    0.543856     0.613757     0.572296
   -0.825731    -0.577245      1.40212
    0.738946     0.623829      0.25455
    0.561783    -0.361893    -0.743931
   -0.371966     0.692727    -0.617876
   -0.789986    -0.746206      1.43555
   -0.236055     0.807187    -0.541043
   -0.823411    -0.461813    -0.329733
   -0.516017     0.367666     0.773659
    -0.79017     -0.80527        1.528
   -0.530009     0.211924     0.821084
   -0.750111     0.334434    -0.570515
   -0.395504    -0.918282   -0.0182864
   -0.776243    -0.864208      1.46767
    0.804626    -0.151661     0.574087
   -0.148461      0.88474     0.441808
   -0.574923     -0.44072     0.689369
   -0.837032    -0.948789      1.50454
   -0.406657     0.896166    -0.177529
   -0.321843    -0.322394    -0.890213
   -0.855013    -0.304874     0.419529
   -0.830582    -0.992567      1.48575
   -0.877821    -0.417014     0.235647
    0.106031    -0.648939    -0.753416
    0.467106    -0.636378     0.613869
   -0.805185     -1.07729       1.4599
    0.142233    -0.721029     -0.67815
    0.988244     0.142252    0.0560237
   0.0560738    -0.678146     0.732785
   -0.789389     -1.03259      1.47749
    0.202761    -0.329986     0.921953
    0.971039   -0.0537561    -0.232796
     0.12638     0.942454      0.30953
   -0.809315     -1.02878       1.5436
    -0.38743    0.0154819    -0.921769
   -0.398802     -0.90428     0.152433
   -0.831177      0.42666      0.35652
   -0.734044     -1.16419      1.55438
   -0.558319    -0.114538    -0.821682
    0.775496    -0.423945    -0.467842
   -0.294762    -0.898416      0.32552
   -0.721497     -1.29121      1.61227
   -0.678349   -0.0395043     0.733677
    0.459232     -0.80227     0.381403
     0.57354     0.595652     0.562361
   -0.843335     -1.27637      1.50844
   -0.433852       0.4615    -0.773815
  -0.0148758    -0.862408    -0.505995
   -0.900861    -0.208016     0.381023
   -0.883242     -1.30156       1.4947
   -0.290345     0.131604    -0.947829
    -0.82396    -0.538067     0.177692
    -0.48661     0.832565     0.264661
   -0.832787      -1.4414      1.40501
   -0.467111     0.860786    -0.202125
    0.446836    0.0325484    -0.894024
   -0.762985    -0.507925    -0.399834
   -0.786194      -1.4681      1.37425
   -0.999906  -0.00557254   -0.0124896
   0.0132976    -0.609565    -0.792624
  -0.0031963    -0.792716     0.609582
   -0.770501     -1.50981      1.39513
  -0.0275462     0.817306     0.575545
    0.265666     0.561043    -0.783997
   -0.963671     0.131307    -0.232585
   -0.799428     -1.65175      1.30187
   -0.551287     0.127556     0.824507
    0.210408    -0.935045     0.285341
    0.807348     0.330787     0.488639
   -0.722624     -1.62962      1.35465
    0.980608    0.0917176      0.17319
   0.0219657     0.826721    -0.562183
   -0.194742     0.555086     0.808675
   -0.914224     -1.72354      1.38388
    0.701333     -0.69827     0.143354
   -0.299565    -0.471195      -0.8296
    0.646832     0.538882    -0.539642
   -0.789765     -1.75179      1.35401
    -0.98473    0.0901504    -0.148926
   0.0364807    -0.729616    -0.682883
   -0.170221    -0.677889     0.715186
   -0.856321       -1.675      1.32433
   -0.854825    -0.515003    0.0636029
    -0.43757       0.6495    -0.621838
    0.278939    -0.559393    -0.780559
    -0.87091     -1.71923      1.23899
    0.814724    -0.294616    -0.499425
   0.0681557     0.903989    -0.422088
    0.575829     0.309846     0.756582
   -0.862695     -1.68062      1.15794
   -0.326925    -0.756153    -0.566879
  0.00602561      0.59816    -0.801354
    0.945031    -0.265399    -0.190998
   -0.852044     -1.88167      1.17122
    0.546452     0.826344    -0.136185
   -0.209711   -0.0224181    -0.977506
   -0.810809      0.56272     0.161043
   -0.845515     -1.83097      0.97646
   -0.111523      0.79734    -0.593138
   -0.323405     -0.59349    -0.737006
   -0.939666      0.10963     0.324051
   -0.912481     -1.94255       1.0521
   -0.918817     0.386577   -0.0795809
   -0.375439    -0.918258    -0.125887
   -0.121741   -0.0857892     0.988848
   -0.849087     -1.80827      0.97646
   -0.869911     0.484632    0.0915799
   -0.343865    -0.462843    -0.817027
   -0.353571    -0.742232      0.56928
   -0.844441     -1.86559     0.844729
   -0.692129    -0.142414     0.707584
  -0.0632469    -0.964603    -0.256009
    0.718997    -0.221944     0.658623
   -0.992632     -1.90367     0.871972
  -0.0234347       0.2486     0.968323
   -0.554336      0.80282    -0.219526
   -0.831963    -0.541921     0.118994
    -1.02865     -1.90319     0.826375
    0.269902  -0.00559883    -0.962872
     0.12655     0.991515    0.0297077
    0.954536    -0.129869      0.26832
    -1.05158     -1.81114     0.818446
   -0.161805    -0.689143    -0.706329
   -0.043121     0.720015    -0.692618
     0.98588   -0.0816115    -0.146219
    -1.01663     -1.86695     0.664406
    0.418234     0.217228     0.881982
     0.43844     0.802104    -0.405461
   -0.795519     0.556274     0.240226
   -0.860599     -1.85973      0.57051
   -0.614356   -0.0504086    -0.787417
     0.51311    -0.783645     -0.35017
   -0.599403    -0.619161     0.507302
   -0.858601     -1.92721     0.535245
    0.857989    -0.106608    -0.502484
   -0.452623    -0.619435     -0.64143
   -0.242875     0.777775    -0.579722
     -0.8558     -1.84863     0.446362
   -0.303493    -0.538219    -0.786264
    0.935072    -0.326822    -0.137213
   -0.183118    -0.776857     0.602462
   -0.761742     -1.81092     0.463075
    0.206287    -0.286797     0.935518
    0.865438    -0.392644    -0.311205
    0.456578      0.87383     0.167207
   -0.829933     -1.75458     0.403976
   -0.955876     0.260123     0.136515
   -0.210137    -0.930174     0.301028
    0.205288     0.259059     0.943793
    -0.77381     -1.78481     0.252968
    0.859206     -0.51085    0.0282504
   -0.298426    -0.545248    -0.783356
    0.415581     0.664633    -0.620931
   -0.810679     -1.66528    0.0957376
    0.320648    -0.766498     0.556476
    0.811884   -0.0801984    -0.578284
    0.487882      0.63722     0.596592
   -0.911169      -1.5742    0.0755842
    -0.94925      0.22446     0.220323
   -0.189514     0.150872    -0.970218
   -0.251015    -0.962733    -0.100677
   -0.710835     -1.59316    0.0450999
    0.612157     0.708078    -0.351979
   -0.783925     0.601742    -0.152866
     0.10356     0.369504     0.923441
    -0.72726     -1.44521   -0.0377419
    0.813489     0.306722    -0.494123
   -0.525052     0.752713    -0.397169
    0.250112     0.582533     0.773369
   -0.779953     -1.42451   -0.0844565
    0.459289    -0.300232    -0.836011
   -0.884273    -0.243906     -0.39821
  -0.0843528     0.922155    -0.377511
   -0.884982     -1.38691     -0.20477
    0.908713     -0.35857    -0.213702
   -0.392905    -0.561876    -0.727957
    0.140949     0.745468    -0.651468
   -0.816724     -1.35497    -0.210165
   0.0389281    -0.910358     0.411988
    0.988781   -0.0244078    -0.147362
    0.144208     0.413102     0.899195
   -0.735005     -1.28582    -0.112094
   -0.873266    -0.484902   -0.0477191
    0.479736    -0.838549    -0.258241
   0.0852068    -0.248406     0.964901
   -0.801642     -1.18437    -0.162152
   0.0258567    -0.971383     0.236107
   -0.244284    -0.235165    -0.940756
    0.969359   -0.0333523    -0.243374
   -0.808944     -1.24776    -0.250721
   -0.579498   -0.0184767     0.814764
   -0.589031    -0.681425    -0.434399
    0.563227    -0.731655     0.384001
   -0.842031     -1.12052     -0.30306
    0.306487     0.835015    -0.456963
   -0.583409    -0.214542     -0.78333
    -0.75213     0.506677     0.421401
   -0.821441     -1.04215    -0.397584
    0.353286    -0.744659     0.566279
   -0.388571    -0.667431    -0.635255
       0.851   0.00438693    -0.525147
   -0.769222    -0.870693    -0.485231
    0.546914     -0.67617    -0.493639
    0.717508     0.682385    -0.139765
    0.431357     -0.27775     0.858363
   -0.811131    -0.840447    -0.416356
    0.745298     0.294724     0.598054
   -0.583436     0.722437     0.371062
   -0.322695    -0.625478     0.710384
   -0.803287    -0.952131    -0.402661
   -0.828488    -0.534439     0.167278
    0.540772    -0.841121  -0.00899582
    0.145509    0.0830063     0.985869
   -0.886753    -0.842777    -0.336266
   -0.688087    -0.547903     -0.47575
    0.713486    -0.391426     -0.58114
    0.132187    -0.739316     0.660256
    -1.05815    -0.747421    -0.252475
    0.743614    0.0870441     0.662918
    0.207705      0.91236    -0.352786
   -0.635528     0.400028     0.660365
    -1.04769    -0.460281    -0.224676
    0.941185    -0.337851  -0.00528354
    0.269056     0.739892     0.616578
   -0.204402    -0.581736     0.787276
    -1.05831    -0.330528    -0.179819
    -0.85831    -0.285358     0.426467
    0.346809    -0.935148    0.0722613
     0.37819     0.209925     0.901612
    -1.01149    -0.326699    -0.108072
    0.886039     0.137178     0.442851
   -0.351123      0.82231     0.447794
   -0.302733    -0.552258     0.776765
    -1.02025    -0.319461    -0.136336
   -0.422436      0.21012    -0.881701
    0.872165     0.359028    -0.332307
    0.246731    -0.909367    -0.334925
    -1.14441    -0.259219     -0.17917
   -0.885766     0.297422     0.356312
   -0.204839    -0.939394     0.274918
    0.416484     0.170526     0.893007
    -1.13159    -0.164127    -0.122032
   -0.324552     0.940181    -0.103566
   -0.935663    -0.335161    -0.110464
   -0.138567    0.0610513     0.988469
    -1.17489   -0.0675319   -0.0748101
   -0.310267     0.156348    -0.937704
   -0.192309    -0.976312   -0.0991546
   -0.930995     0.149564     0.332985
    -1.28521    0.0418495    0.0842554
    0.822704     0.049057    -0.566349
   -0.416009     0.730928    -0.541001
     0.38742      0.68069     0.621745
    -1.20402     0.142955    0.0260098
    0.166044     0.902063     0.398385
   -0.943676       0.2626    -0.201286
   -0.286189    -0.342524     0.894859
    -1.29326    0.0238831    0.0559596
   -0.414719    -0.900135    -0.133284
    0.739546     -0.24808    -0.625723
     0.53017    -0.358069     0.768574
     -1.3623   -0.0787675    0.0616505
   -0.475073     0.615534     0.628828
   -0.279909     0.571792    -0.771171
    -0.83424    -0.542377   -0.0993492
    -1.26222    0.0552078     0.228038
  -0.0751433    0.0201929    -0.996968
   -0.544129    -0.838657    0.0240255
    -0.83563     0.544285     0.074007
    -1.28613  -0.00429703     0.236731
    0.215136     0.858366     0.465752
    0.154601     0.440971    -0.884106
   -0.964269     0.262209   -0.0378359
    -1.33743     0.141792     0.251306
   -0.138784    -0.710742     0.689627
    0.990011     -0.11704    0.0786115
   0.0248412     0.693648     0.719886
    -1.28388  -0.00571942     0.383058
    0.567197    -0.766211    -0.302008
    0.750954      0.63172    -0.192352
    0.338166    -0.117693     0.933698
    -1.27675   -0.0569701     0.509767
   -0.296096    -0.941157    -0.162944
    0.945213    -0.313271    0.0918314
   -0.137474    -0.126826     0.982352
    -1.34514    0.0410351     0.517492
    0.792632    -0.148217     -0.59141
   0.0711229     0.985857    -0.151749
    0.605537    0.0782185     0.791964
    -1.37538     0.126196     0.571278
    0.505888    -0.173342     0.845003
    0.365001     0.930598   -0.0276185
    -0.78157     0.322398     0.534048
    -1.36131     0.129997     0.499216
    0.900934     0.116036    -0.418154
   -0.262085     0.913497    -0.311182
    0.345874     0.389947     0.853412
    -1.34177     0.123979     0.592254
  0.00106699     0.970127    -0.242596
   -0.243872     -0.23502      -0.9409
   -0.969807    0.0601665     0.236336
    -1.43715     0.192165     0.671773
    0.537785     0.714282    -0.447872
   -0.447276     0.692029     0.566604
    0.714655    -0.104389     0.691644
    -1.47124     0.115446     0.701421
    0.574422     0.554576     0.602067
   -0.543515     0.808386    -0.226063
   -0.612071    -0.197377     0.765775
    -1.47391    0.0504155     0.831471
   -0.310484    0.0810303     0.947119
   -0.949908   -0.0638725    -0.305933
   0.0357049    -0.994663    0.0968027
    -1.48553    0.0618802     0.855848
   -0.716054    0.0272627    -0.697513
    0.694988   -0.0655674    -0.716025
  -0.0652549    -0.997476    0.0280025
    -1.49419   -0.0178883     0.970139
    0.492241     0.819424    -0.293672
   -0.848258     0.527273    0.0494173
    0.195339     0.224784     0.954628
    -1.43897    0.0399549     0.968662
   0.0226552    0.0403016    -0.998931
   0.0991603    -0.994351   -0.0378679
   -0.994814   -0.0981964   -0.0265235
    -1.50361     0.195624     0.970821
   0.0350681     0.888619     0.457303
    0.311381     0.425091    -0.849905
   -0.949638       0.1722    -0.261792
    -1.41904     0.167502      0.99453
   -0.658661     0.151739    -0.736981
   -0.461889    -0.854737     0.236819
    -0.59399     0.496387     0.633069
    -1.40302     0.162178      1.13721
   -0.573001     0.508493    -0.642733
   -0.819545    -0.359469     0.446239
 -0.00413316     0.782443     0.622708
    -1.46329     0.212882      1.04171
   -0.090873     -0.55711    -0.825451
    0.995334   -0.0778191   -0.0570537
  -0.0324506    -0.826784     0.561582
    -1.45677     0.284464      1.18243
     0.79165     0.606463    0.0741125
    0.266445    -0.233528    -0.935132
   -0.549816     0.760044    -0.346461
    -1.48614     0.102896      1.19917
 -0.00295564     0.269431    -0.963015
   -0.160878    -0.950603    -0.265465
    -0.98697     0.154144    0.0461553
    -1.59255   -0.0500725      1.15844
   -0.673463     0.305918      0.67295
   -0.557992     0.386731    -0.734223
   -0.484862    -0.869973   -0.0897491
    -1.65816   -0.0285192       1.1085
 -0.00689176     0.934816    -0.355065
  -0.0773698    -0.354508    -0.931847
   -0.996979    0.0210492    0.0747697
    -1.62779     0.146774      1.25779
   -0.485081     0.336885    -0.806973
    0.545076    -0.605125    -0.580272
   -0.683805     -0.72134     0.109906
     -1.5728   -0.0102672      1.27497
   -0.444776     0.891645    0.0845185
   -0.890786    -0.450204    0.0617872
   0.0931428   -0.0478064     0.994504
    -1.63003    -0.141874      1.36434
    0.915774    -0.400794    0.0268874
    0.141127     0.258348    -0.955688
    0.376088     0.878988     0.293151
     -1.5406    -0.156197      1.32493
   -0.894885     0.441163    0.0675013
   -0.214393    -0.292287    -0.931989
   -0.391429    -0.848495     0.356145
    -1.48034     -0.12303      1.29311
     0.40208    -0.542633    -0.737483
     0.51559     0.799802    -0.307383
    0.756637    -0.256646      0.60136
    -1.53424    -0.308568      1.43236
    0.455949    -0.728484    -0.511293
    0.863326     0.222406     0.452995
   -0.216285    -0.647955     0.730325
    -1.40468    -0.295755      1.43877
    0.515339    -0.837601    -0.181247
    0.853647     0.483067     0.194765
   -0.075581    -0.255091     0.963958
    -1.58816    -0.398496      1.51924
    -0.18602     0.899199     0.396026
     0.19828     0.429124    -0.881214
   -0.962331   -0.0853994    -0.258119
    -1.49336    -0.448595      1.46156
   -0.130951       0.7263     0.674789
  -0.0437657     0.675752    -0.735829
   -0.990422     -0.12589   -0.0567037
    -1.51277    -0.501658      1.60668
    0.474663    -0.812318    -0.338872
   -0.566739    0.0124992    -0.823803
    0.673426      0.58308     -0.45444
    -1.58339    -0.609797       1.4904
   -0.653683     0.508281     0.560669
   -0.530359     0.220802    -0.818515
   -0.539832    -0.832404     0.125237
    -1.55499    -0.686026      1.32891
    0.675425     0.427676     0.600745
    0.736378    -0.347692    -0.580394
  -0.0393466     0.834388    -0.549771
    -1.51348    -0.807101      1.36382
   0.0943752    -0.458283    -0.883782
    0.988308     0.149912    0.0278008
    0.119749    -0.876073     0.467073
    -1.52713    -0.843839      1.42703
   -0.294162    -0.276894    -0.914767
    0.718708     0.566832    -0.402691
    0.630022    -0.775906    0.0322652
    -1.56557    -0.921233       1.5208
   -0.957045     0.286268    0.0459984
    0.139625     0.594083    -0.792193
   -0.254106    -0.751742    -0.608535
    -1.46492     -1.08381      1.46912
   -0.417176    -0.195094    -0.887639
    0.906886    -0.153141    -0.392563
  -0.0593472    -0.968755     0.240815
      -1.556     -1.13761       1.4331
    0.381905    -0.846543     0.370829
    0.923259     0.367571    -0.111731
   -0.041721     0.385042     0.921956
    -1.50962     -1.06702      1.50485
   -0.392629    -0.903532     0.171678
   -0.185445    -0.105057    -0.977023
    0.900807    -0.415444    -0.126307
    -1.49087      -1.0393      1.49946
   -0.233071    -0.162229     0.958833
   0.0978823    -0.984893    -0.142845
    0.967521    0.0605597     0.245429
     -1.5188    -0.996376      1.46197
   -0.658072     0.676851     -0.32987
   -0.305711    -0.640547    -0.704444
     -0.6881     -0.36273     0.628447
    -1.59892     -1.11035       1.4547
     0.54064     0.258635      0.80051
 0.000520896     0.951464    -0.307758
   -0.841254     0.166803     0.514265
     -1.6339     -1.35386      1.48508
   -0.366144     0.232601     0.901019
   -0.433423      0.81419    -0.386315
   -0.823458    -0.531969    -0.197296
    -1.53661     -1.36588      1.45136
   -0.262295    -0.518226    -0.814029
    0.408689     0.704518    -0.580197
    0.874171    -0.484867    0.0270018
    -1.56365     -1.33769      1.48043
    0.521647    -0.130663    -0.843096
    0.585001     0.774091     0.241988
    0.621014    -0.619444      0.48024
    -1.48605     -1.50193      1.19619
    -0.49526     0.845812     0.198293
   -0.721871    -0.527658     0.447749
    0.483342    0.0786102     0.871895
    -1.46082     -1.54007      1.14179
     0.83734    -0.290948      0.46283
    0.410806    -0.223709    -0.883851
    0.360694     0.930217   -0.0677973
    -1.37714     -1.52476       1.2685
    0.539687     0.507865     0.671425
