  0.00938659   -0.0204145    -0.999748
   0.0347839     0.999193   -0.0200766
    0.999351   -0.0345867    0.0100891
           0            0            0
  -0.0616599    -0.929784    -0.362904
   -0.683973     0.304163    -0.663073
    0.726897     0.207332    -0.654702
   0.0642292    0.0804112   -0.0378516
   -0.962809    -0.124926    -0.239565
   -0.131122     0.991316    0.0100328
    0.236232    0.0410719    -0.970828
    0.142286     0.012234   -0.0744367
   -0.292642      0.27846    -0.914779
   0.0425879     0.959506     0.278451
    0.955273    0.0425276     -0.29265
    0.199893    0.0735082     -0.10835
   -0.537408     0.713624    -0.449369
   -0.458357    -0.694447    -0.554664
   -0.707885   -0.0921093     0.700296
     0.35356    0.0584228    -0.199986
   -0.308872     0.632571    -0.710248
   -0.346714    -0.770262    -0.535243
   -0.885657    0.0809315     0.457233
    0.336807    0.0253822   -0.0576357
    0.466658   -0.0443812    -0.883324
    0.673349     -0.62972     0.387368
   -0.573439    -0.775553     -0.26398
    0.455925    -0.105356   -0.0263154
   -0.677584    -0.465056     -0.56974
    0.520273     0.244431    -0.818272
    0.519805    -0.850868    0.0763329
    0.407467    -0.132871    -0.113228
   -0.832175     0.101148     -0.54521
   -0.437373    -0.724129     0.533237
   -0.340867     0.682206     0.646841
     0.48179   -0.0982814   -0.0376075
     0.95416     0.146469     -0.26101
    0.197453     0.347323     0.916722
    0.224926    -0.926236      0.30248
    0.586199    0.0506735    -0.166219
     0.60231    -0.583152    -0.545121
    0.573614    -0.158733     0.803599
   -0.555149    -0.796705     0.238898
     0.63285    0.0151101    -0.129338
    0.793503   -0.0233848    -0.608117
    0.371539     0.810035     0.453654
    0.481987    -0.585915     0.651453
    0.583011   -0.0499074    -0.189872
   -0.156649     -0.44144    -0.883511
   -0.873355     -0.35582     0.332632
   -0.461208     0.823725    -0.329795
    0.641479   -0.0531626    -0.170551
   -0.368145     0.864374    -0.342532
    0.514853     0.496286     0.699019
    0.774207    0.0809867     -0.62773
     0.70576    0.0220187    -0.280673
    0.550088     0.406253    -0.729631
   -0.824288     0.404313    -0.396334
    0.133988     0.819444     0.557277
    0.769309   -0.0352945    -0.214802
    0.955932    0.0604206    -0.287304
    0.274385    -0.531976     0.801071
   -0.104438    -0.844601    -0.525111
    0.885899   -0.0751814   -0.0852284
    0.670094     0.528639    -0.521072
    0.266256     0.484092     0.833524
     0.69288    -0.697278     0.183633
    0.844781   -0.0685057   -0.0272268
   -0.952087    0.0275058    -0.304589
   -0.210398     0.663898     0.717616
    0.221954     0.747317    -0.626301
     0.85218   -0.0377127    -0.115307
    0.026384     0.667278    -0.744342
   -0.914894     0.316171     0.251008
    0.402831     0.674371      0.61883
     1.03261    -0.116569    -0.174675
  -0.0600943     0.322691    -0.944595
   -0.896107     0.399452     0.193469
    0.439751     0.858085     0.265161
    0.940167    -0.108084   -0.0855021
    0.744285    -0.666562    0.0416566
    0.332146     0.423546     0.842786
   -0.579412    -0.613437     0.536635
     1.03777   -0.0212263   -0.0532009
    -0.15973    -0.348027    -0.923777
   -0.958045     0.280254    0.0600715
    0.237985     0.894615     -0.37819
     1.20685    0.0497851   -0.0435035
      0.8276     0.527103      0.19298
   0.0212934    -0.373031     0.927574
    0.560915    -0.763551    -0.319944
     1.18249     0.127131    0.0498189
    0.949199     0.302155    0.0878898
    0.138938     -0.65302     0.744487
    0.282344    -0.694455    -0.661826
     1.21372     0.144673     0.155837
  -0.0957524     0.988783     0.114629
     0.15757   -0.0986502     0.982568
    0.982855     0.112145    -0.146356
     1.28701     0.153066     0.218632
   -0.672586    -0.725082    -0.147933
    0.199537    -0.370194     0.907272
    -0.71261       0.5807     0.393668
       1.248   -0.0486035     0.086648
    0.765388     0.542603    -0.346068
    0.374931    0.0611089     0.925037
    0.523076    -0.837763    -0.156667
     1.37509    -0.264074     0.115709
   -0.206601    -0.551324    -0.808306
   -0.457992    -0.675541      0.57783
   -0.864615     0.489578    -0.112934
     1.42673    -0.323396     0.107332
   -0.589854    -0.804036    0.0748256
   -0.360493     0.345109     0.866571
   -0.722577     0.484176    -0.493413
     1.41366     -0.36082     0.251734
   -0.595175    -0.689406      -0.4129
    0.582984    -0.724061     0.368599
   -0.553079   -0.0213335     0.832855
     1.56259    -0.298383     0.165633
   -0.784497    0.0708681     -0.61607
   -0.403041    -0.813285     0.419674
   -0.471299     0.577534     0.666582
     1.52099    -0.422287     0.352601
   -0.574826      0.75921    -0.305247
   -0.757638    -0.634736    -0.151968
   -0.309127     0.143912     0.940069
     1.67473    -0.511978     0.471096
   -0.553678    -0.785153     0.277444
   -0.208981     0.453523     0.866397
   -0.806082     0.421724    -0.415187
     1.66156    -0.632991     0.463333
    0.280318     0.957005   -0.0745922
    0.957868    -0.273815    0.0866844
    0.062533   -0.0957487    -0.993439
     1.76909    -0.678699     0.483709
   -0.708343      0.54396    -0.449841
   -0.627367    -0.193078     0.754408
    0.323514     0.816595     0.478028
     1.81685    -0.683336     0.542866
    -0.37138     0.729522    -0.574347
    0.928224     0.306278    -0.211174
   0.0218531    -0.611548    -0.790905
     1.73986    -0.775255     0.470211
   -0.542059      0.68553    -0.486025
    0.831962     0.519258    -0.195474
    0.118369    -0.510313    -0.851804
     1.81916    -0.691705      0.61951
   -0.619883     0.215421    -0.754546
    0.587972    -0.509275    -0.628433
   -0.519649    -0.833207      0.18903
     1.80039    -0.735964     0.776884
     0.91803      0.39609   -0.0182805
    0.275582    -0.604218     0.747646
     0.28509    -0.691399    -0.663846
     1.58091    -0.868449      0.83074
    0.654544    -0.354464    -0.667778
   -0.295733     -0.93294     0.205343
   -0.695783    0.0630778    -0.715477
     1.68743    -0.814535     0.832828
    -0.68191     0.441101    -0.583462
   -0.725509    -0.306563     0.616162
   0.0929217     0.843474     0.529071
     1.59292    -0.957237     0.955704
    0.258426     -0.81091    -0.525016
   -0.538769    -0.572088      0.61842
   -0.801838     0.123046    -0.584735
     1.46187    -0.923543      1.01365
     0.46537     0.761487    -0.451186
    -0.56222    -0.139394    -0.815155
   -0.683623     0.633014     0.363253
      1.5014    -0.968396      1.12985
   -0.152835     0.970026    -0.188923
     0.98793     0.154842  -0.00417833
   0.0252002    -0.187282    -0.981983
     1.47804    -0.877593      1.07057
   -0.799922     0.434818    -0.413592
   -0.181616     0.481469      0.85744
    0.571962        0.761    -0.306168
      1.5766    -0.879901      1.32142
   -0.173362     0.281985    -0.943626
    0.501078    -0.799599    -0.331003
    -0.84786    -0.530213  -0.00267667
     1.32668    -0.928095       1.5032
    0.866682      0.49621   -0.0513637
    0.497865    -0.866858    0.0262352
  -0.0315069   -0.0483097    -0.998335
     1.43495     -1.01798      1.34501
   -0.423816    -0.695994    -0.579631
    0.870271    -0.490264   -0.0476396
   -0.251015    -0.524626     0.813485
     1.35738    -0.997298      1.26055
   0.0722239     0.888937      -0.4523
   -0.658831     0.382986     0.647505
    0.748816     0.251224      0.61332
     1.30722     -1.01383      1.31907
    0.194557     0.808026    -0.556094
    0.949001    -0.298444     -0.10163
   -0.248083    -0.507961    -0.824882
     1.14956     -1.07516       1.3856
    -0.79499    -0.459425     -0.39613
   -0.567283     0.331713     0.753761
   -0.214896     0.823951    -0.524333
     1.17449     -1.04167      1.53132
    0.477973     -0.84923      0.22439
   -0.229227     0.126012     0.965182
   -0.847937    -0.512767    -0.134436
     1.28343     -1.03123      1.51679
    0.297093     0.348544    -0.888961
    0.953882    -0.150215     0.259894
  -0.0429511    -0.925177    -0.377098
      1.2581    -0.918736      1.53349
   -0.796558     0.240139    -0.554823
    -0.35978     -0.92582     0.115821
   -0.485853     0.291873     0.823867
     1.20344     -1.01967      1.60885
    0.297126   -0.0500193    -0.953527
    0.921145     0.277956     0.272455
    0.251411    -0.959291     0.128663
     1.14707     -1.01362      1.38096
   -0.258566      0.51051    -0.820075
    0.795495      0.59415     0.119053
    0.548026    -0.621582    -0.559735
     1.13713     -1.13836       1.4382
   -0.589346     0.491355    -0.641282
    0.441012     0.860746     0.254214
     0.67689    -0.132993     -0.72397
     1.02881     -1.12402      1.44861
    0.598955    -0.646489    -0.472551
    0.799283     0.518748     0.303394
   0.0489944    -0.559421     0.827434
    0.946056      -1.0272      1.63875
    -0.80306    -0.317017    -0.504575
   -0.573733     0.640127     0.510948
    0.161013     0.699813    -0.695943
    0.754105    -0.915291      1.53748
    -0.40946    -0.396082    -0.821864
   -0.834952    -0.200374     0.512547
   -0.367691     0.896085    -0.248665
    0.833734    -0.945126      1.55691
   -0.663803     -0.20728    -0.718611
    -0.16124    -0.898572     0.408131
    -0.73032     0.386787     0.563052
    0.637114     -1.08875      1.63384
   -0.665017     0.386822    -0.638843
   -0.559513    -0.824644     0.083112
   -0.494669     0.412712     0.764834
      0.7245     -1.10465      1.64295
   -0.567357    -0.711777    -0.414101
    0.783324    -0.311388    -0.537998
    0.253989    -0.629612      0.73422
    0.701697    -0.999892      1.65362
   -0.425157     0.872309    -0.241494
     0.83306     0.481448     0.272431
    0.353911   -0.0853527    -0.931376
    0.694957    -0.896299      1.69415
    0.448818    -0.858871    -0.246784
   -0.645698    -0.502599     0.574863
   -0.617767    -0.098661    -0.780147
    0.539065    -0.860854      1.54857
    0.823875      0.56311   -0.0643266
    0.253639    -0.264817     0.930344
    0.506851    -0.782802    -0.361003
    0.457055     -0.85595      1.57001
   -0.183356     0.250398    -0.950622
   -0.655217     0.689771     0.308067
    0.732851      0.67935    0.0375909
    0.384061    -0.880773      1.56504
    -0.88315    -0.189259    -0.429216
  -0.0538987    -0.867997     0.493636
   -0.465983     0.459089     0.756371
    0.388579    -0.873717      1.52189
   -0.708004     0.518133    -0.479863
  -0.0808318    -0.734482    -0.673796
   -0.701567    -0.438263     0.561898
     0.45856    -0.762266      1.52315
    0.223667    -0.833585    -0.505083
   -0.772332     0.164524    -0.613543
    0.594538     0.527322    -0.607006
    0.375321    -0.710978      1.52367
   -0.405094    0.0481324    -0.913007
    0.737207     0.607842    -0.295048
    0.540763    -0.792598    -0.281717
    0.302351    -0.735193      1.44572
    0.938323     0.318722    -0.134037
    0.344472    -0.828305      0.44187
   0.0298105    -0.460789    -0.887009
     0.21339    -0.668921      1.48696
   -0.769989    -0.495771    -0.401657
   -0.628874     0.696088     0.346379
    0.107864       0.5193    -0.847758
   0.0285844    -0.558224       1.5183
    0.107478   -0.0290819    -0.993782
    0.563075    -0.822028    0.0849525
   -0.819387    -0.568704   -0.0719746
  -0.0284072    -0.517716      1.53973
    0.566555     0.635403    -0.524669
     0.12547     0.562771     0.817035
    0.814415    -0.528726     0.239117
   -0.143043    -0.353596       1.4621
   -0.524819     0.583771    -0.619496
    0.689786    -0.134766    -0.711361
   -0.498759    -0.800656    -0.331949
   -0.239144    -0.374972      1.34613
    0.343453    -0.938416   -0.0376308
    0.919479      0.32782      0.21701
    -0.19131    -0.109134     0.975444
   -0.142719    -0.450889        1.327
    0.273281    -0.562192     -0.78055
    0.398222    -0.672521     0.623807
   -0.875635    -0.481306    0.0400903
   -0.127005    -0.282589      1.20356
   -0.276698     0.253569    -0.926899
   -0.529837    -0.844953   -0.0729842
   -0.801693     0.470911     0.368146
   -0.258034    -0.230456      1.15396
   -0.287205      0.95645    0.0521252
   -0.934693    -0.291739     0.203069
    0.209432   0.00960139     0.977776
   -0.150389    -0.204054      1.05906
     0.69854     0.715386    0.0162568
   -0.115922    0.0907156     0.989107
    0.706119    -0.692815     0.146298
   -0.172119    -0.223155      1.03407
   -0.529288    -0.371454    -0.762808
   -0.452506     0.884113    -0.116545
      0.7177     0.283489    -0.636035
   -0.346075     -0.27069     0.995964
  -0.0967289     0.994987   -0.0253652
    0.949851     0.099895     0.296317
    0.297365   0.00456923    -0.954753
   -0.439653    -0.167172      1.00955
    0.717718     0.681193    -0.144417
    0.646661    -0.728955    -0.224619
   -0.258282    0.0678238    -0.963686
   -0.385016   -0.0496324     0.932625
   0.0830116    -0.954622    -0.286017
    0.599748    -0.181356     0.779366
   -0.795871    -0.236235     0.557478
   -0.224169   -0.0570517     0.901231
   0.0341082    -0.912483     0.407689
   -0.278652     0.383068     0.880688
   -0.959786    -0.143642      -0.2412
   -0.399048     0.057878     0.758243
    0.124596    -0.446652     -0.88599
   -0.541775     0.717456    -0.437878
    0.831238     0.534565    -0.152593
   -0.337302     0.031319     0.752971
   -0.519299    -0.642937    -0.562992
    0.362707    -0.762321     0.536013
   -0.773803      0.07415     0.629071
   -0.113153   0.00562691     0.740747
   -0.329699    -0.580642    -0.744415
    0.694036    -0.683606     0.225825
    -0.64001    -0.442196     0.628371
   -0.195473     0.156659     0.712974
    0.423485    -0.812534    -0.400559
   -0.582922    0.0940505    -0.807067
    0.693442     0.575276    -0.433815
   -0.281899     0.223036     0.660308
   -0.803069     0.319404    -0.503052
    -0.57159      -0.1743     0.801813
     0.16842     0.931451     0.322543
   -0.213433     0.310413      0.60492
  -0.0880768    -0.199519    -0.975928
   -0.544631      0.82997    -0.120527
    0.834038     0.520904    -0.181765
   -0.166367     0.252424     0.540363
   -0.090255    -0.955317     0.281468
   0.0291231     0.279969     0.959567
   -0.995493    0.0948029   0.00255319
   -0.171838     0.239588     0.420647
      0.8493   -0.0561116    -0.524919
    0.412786     0.690428     0.594068
    0.329085    -0.721222     0.609543
   -0.210751     0.259824     0.339201
     0.61563     0.691214    -0.378448
   -0.562783     0.721802     0.402837
    0.551611   -0.0350145     0.833367
   -0.204453     0.155779     0.383832
   -0.557803    -0.619753    -0.552053
    0.808685    -0.256152    -0.529543
    0.186776    -0.741817     0.644067
   -0.183498     0.297199     0.401933
    0.562441     0.822063    0.0887298
   -0.399262      0.17605     0.899775
    0.724051    -0.541497     0.427237
   -0.108806     0.352864     0.367423
   -0.350785     -0.61661    -0.704799
  -0.0306755     0.759786    -0.649449
    0.935953    -0.206197    -0.285436
 -0.00633488     0.149733     0.321953
   -0.147003     0.744703    -0.651005
    0.124403     0.666849     0.734736
    0.981282    0.0270216    -0.190672
    0.123483      0.34219     0.316819
   -0.573415     0.256863    -0.777957
    0.324844    -0.800459    -0.503728
   -0.752111     -0.54156     0.375555
    0.120235     0.309097     0.275591
   -0.603675      0.63505    -0.481963
    -0.44934     0.228343     0.863686
    0.658536     0.737951     0.147509
    0.186196     0.442569     0.364277
   -0.509873    -0.714917     -0.47846
    0.786972    -0.163014    -0.595064
    0.347426    -0.679941     0.645736
    0.251644     0.485299      0.33552
    0.689658    -0.679147    -0.251259
   -0.220407    -0.527387     0.820538
   -0.689777    -0.510511    -0.513406
    0.206725      0.44988     0.262961
   -0.797822   -0.0623977    -0.599655
   -0.268521    -0.853753     0.446097
   -0.539793     0.516926     0.664388
    0.371419      0.43021      0.13611
   -0.557883    -0.018967    -0.829703
   -0.222712      0.96649     0.127655
    0.799479     0.256001    -0.543413
    0.505361     0.393804     0.148367
   -0.785674    -0.213366    -0.580682
   -0.534125    -0.239634     0.810732
   -0.312134     0.947127    0.0743098
    0.439855     0.468995     0.156707
   -0.934585     0.325588     0.143333
    -0.10766    -0.642885     0.758359
    0.339059     0.693319     0.635883
    0.611568      0.33814     0.221384
   -0.650107    -0.718615    -0.246886
   -0.715754     0.470091      0.51644
   -0.255062     0.512451    -0.819961
    0.583261     0.382012      0.24982
   -0.841822     0.414525    -0.345694
   -0.045355    -0.692524    -0.719967
   -0.537846    -0.590406     0.601783
    0.626067     0.319404     0.150629
   -0.399059     0.587215    -0.704223
    0.369249     0.805915      0.46277
     0.83929   -0.0753611    -0.538436
    0.642128     0.281016     0.130961
   -0.267523    -0.120662    -0.955967
    0.321416     0.924128     -0.20659
    0.908363    -0.362531    -0.208443
    0.779076     0.389376     0.155926
   -0.717286    -0.532128    -0.449822
    0.597032    -0.136532    -0.790514
     0.35924    -0.835583      0.41563
     0.78167     0.349133     0.112747
    0.958521     0.264466    -0.106279
    0.125324   -0.0561634     0.990525
    0.255991    -0.962758   -0.0869776
    0.878474     0.395285      0.12352
    0.108244     0.930463     0.350031
     0.31339    -0.366085     0.876224
    0.943435    0.0148503    -0.331224
    0.943819     0.384032     0.166536
   -0.786467    -0.616927   -0.0295005
    0.154778    -0.243103     0.957572
   -0.597924     0.748533     0.286679
    0.907713     0.359157     0.134108
    0.911206     0.315623    -0.264736
     0.41106    -0.654383     0.634676
   0.0270796    -0.687143    -0.726017
     1.03736     0.305347     0.142586
    0.122167    -0.754693    -0.644604
     0.62646    -0.445113     0.639861
    -0.76982    -0.481989     0.418407
     1.04201     0.364636     0.285431
    0.560614     0.201402    -0.803212
  -0.0365294     0.975043     0.218992
    0.827271   -0.0934291      0.55398
     1.00183     0.298529     0.229769
    -0.76432     0.282127    -0.579844
   0.0616986      0.92708      0.36975
    0.641879     0.246832    -0.725993
     1.06542     0.355491     0.179915
   -0.229711    0.0224131    -0.973001
   -0.353241    -0.933483     0.061892
   -0.906892     0.357921     0.222348
     1.04701     0.334819       0.3585
    0.428503    -0.893178     -0.13645
   -0.878866    -0.376969    -0.292383
    0.209712     0.245209    -0.946517
     1.18921     0.306291     0.213055
    -0.20483     0.937704     0.280634
    0.256967    -0.225138      0.93983
    0.944464     0.264619    -0.194844
     1.33134     0.352069     0.241321
    0.731639     0.194253    -0.653429
  -0.0215074     0.964641      0.26269
    0.681353    -0.178141     0.709947
     1.28429     0.466808     0.304163
     0.45765    -0.808015    -0.371036
     0.45269    -0.147416     0.879398
   -0.765264    -0.570421     0.298315
     1.39282     0.432374     0.411525
   -0.165499    -0.985868    0.0259695
   0.0289915    0.0214578     0.999349
   -0.985784     0.166144    0.0250305
     1.48127     0.384128     0.213352
    0.415243     0.876369    -0.244029
   -0.334662     0.396597     0.854817
    0.845917     -0.27329     0.457971
     1.43236     0.344119     0.352019
   -0.961232    -0.273578    0.0344633
   -0.148869     0.620094     0.770274
     -0.2321     0.735281    -0.636782
     1.50109     0.138001     0.416529
   -0.736687    -0.137457    -0.662117
   -0.580451    -0.373805     0.723427
   -0.346943     0.917265      0.19559
     1.49526     0.148003     0.457426
   -0.309946    -0.405311    -0.860033
   -0.474048    -0.718237     0.509327
   -0.824144      0.56556    0.0304778
     1.64517   0.00541914     0.493773
   -0.737726    -0.438702    -0.513128
 -0.00072805     0.760594    -0.649228
      0.6751    -0.478579    -0.561429
     1.69241    0.0480572     0.466234
    0.563581    -0.605555    -0.561853
   -0.623483     0.134356    -0.770206
    0.541891      0.78438    -0.301833
     1.64287    0.0274685     0.732343
   -0.754013    -0.105226    -0.648377
   0.0366127    -0.992283     0.118461
   -0.655839    0.0655825     0.752047
     1.71378   -0.0501828     0.720366
   -0.551925    -0.612088    -0.566327
    0.832978    -0.372859    -0.408807
   0.0390655    -0.697369     0.715647
     1.74037    -0.266274     0.731818
    0.712467    -0.463287    -0.527025
   -0.114881     0.663919    -0.738928
    0.692238     0.587007     0.419797
     1.93386    -0.218016     0.797046
  -0.0161184     0.880633    -0.473525
    0.889048     0.229331     0.396234
     0.45753      -0.4146    -0.786621
     1.90143    -0.246131     0.865591
    0.470501     0.569486    -0.674028
   -0.805724   -0.0341752    -0.591305
   -0.359775      0.82129     0.442769
     1.92525    -0.154073      0.88763
    0.202948    -0.960193    -0.191941
   -0.571574    -0.275327      0.77298
   -0.795057   -0.0471663    -0.604698
     1.93772    -0.213098     0.968881
    0.782757    0.0157755    -0.622127
    0.604733     0.216747     0.766367
    0.146934      -0.9761      0.16012
     1.85874    -0.246072      1.08868
   -0.503647      0.83614    -0.217277
    0.547049     0.503326      0.66888
    0.668639     0.218018    -0.710908
     1.79003    -0.381354      1.25643
    0.643253    0.0445948    -0.764354
   -0.283857     0.941051     -0.18398
    0.711091     0.335313     0.617992
     1.83083    -0.390065      1.20751
    0.205917     0.325163    -0.922967
   -0.939099    -0.199508    -0.279803
    -0.27512     0.924373     0.264278
     1.82647    -0.532694      1.41188
    -0.80279    -0.517411    -0.296333
   -0.143795    -0.314317     0.938364
   -0.578663     0.795921     0.177929
      1.7341    -0.545107      1.41775
   -0.401126    -0.158663    -0.902178
   -0.140513     0.983887    -0.110558
    0.905182    0.0824204    -0.416957
     1.71825    -0.467725       1.5354
      0.4663     0.685778    -0.558814
    -0.65749     0.691289     0.299711
    0.591837     0.227659      0.77324
     1.74895     -0.37795      1.48708
    0.330622     0.942115   -0.0557472
    0.745519    -0.224497     0.627537
    0.578697    -0.249038    -0.776589
     1.73138    -0.493744      1.56004
     0.72715    -0.312242    -0.611357
    0.511041    -0.348409     0.785779
   -0.458356    -0.883808   -0.0937774
     1.70765    -0.480671      1.71212
   -0.963307     0.230216    -0.137985
   -0.260526    -0.925635     0.274456
  -0.0645395     0.300334     0.951648
     1.66268    -0.438295      1.66253
    0.777549     0.515392    -0.360263
   -0.101552    -0.462476    -0.880797
   -0.620569     0.721448    -0.307259
     1.55754    -0.431198      1.72239
   -0.265507     0.176391    -0.947836
   -0.773453    -0.625886     0.100182
   -0.575566     0.759706     0.302608
     1.44887    -0.440674      1.64871
    0.608997    -0.581391    -0.539544
   -0.497182    -0.809821      0.31145
   -0.618008    0.0785794    -0.782235
     1.48064    -0.300264      1.77892
   -0.610048    -0.723035    -0.324131
  -0.0349275     0.433208    -0.900617
    0.791594    -0.538099    -0.289532
     1.47507    -0.349636      1.88248
   -0.553703    -0.496163    -0.668757
   -0.607333    -0.308822     0.731967
   -0.569702      0.81145     -0.13034
     1.48551    -0.441497      1.82088
   -0.971131     0.103125    -0.215106
   -0.196421     0.166013     0.966363
    0.135367     0.980716    -0.140965
     1.43443    -0.368779      1.80942
   -0.899607     0.297599    -0.319597
   -0.436365    -0.641275     0.631151
  -0.0171199     0.707249     0.706758
     1.54147    -0.321008      1.90691
    0.788634     0.378226    -0.484769
    0.392307    -0.916611   -0.0769421
   -0.473446    -0.129499    -0.871252
     1.38605     -0.42823      1.87581
  -0.0684324    -0.897516     -0.43564
    0.958857    0.0614217    -0.277164
    0.275517    -0.436684     0.856386
     1.22055    -0.398199      1.74356
    0.906861    -0.143542    -0.396231
    0.398819    -0.011517     0.916957
   -0.136185    -0.989577    0.0468028
     1.19318    -0.470743      1.86474
   -0.928509    -0.333285    -0.163684
   -0.370463      0.86128     0.347784
   0.0250663     0.383559    -0.923176
     1.14596    -0.382593      1.92694
   -0.139323    -0.923083    -0.358478
   -0.414487     -0.27441     0.867698
   -0.899327     0.269475    -0.344374
     1.14375    -0.414465       1.9849
    0.633901     0.459897    -0.621823
   0.0675264    -0.833838    -0.547864
   -0.770461     0.305302    -0.559626
     1.14578    -0.484606      2.00318
   -0.541782     0.302975    -0.784014
    0.676555     0.710682    -0.192887
    0.498744    -0.634931    -0.590014
    0.979553    -0.463554      2.00606
   -0.124052     0.476183    -0.870552
   -0.552211    -0.762051    -0.338144
   -0.824423     0.438781     0.357487
    0.939809    -0.389018      1.90865
    0.707506     0.664261    -0.241232
      0.4174    -0.117325     0.901117
    0.570274    -0.738236    -0.360271
     0.93085    -0.456002      1.88729
  -0.0883393     -0.99543   -0.0362544
    0.313503   -0.0623319     0.947539
   -0.945469    0.0723391     0.317577
     0.83443    -0.351983      1.99265
   -0.948818    -0.164888    -0.269362
  -0.0876983     0.956903    -0.276848
    0.303403    -0.239056    -0.922388
    0.814004    -0.285362      1.86949
    0.632572    0.0209928    -0.774217
   0.0335006     0.997955     0.054431
    0.773777   -0.0603682     0.630575
    0.607107    -0.146879      1.98091
    0.625821     0.201526    -0.753482
   -0.747169     0.432091    -0.505011
      0.2238     0.879025     0.420986
    0.621469    -0.220708       1.8884
    0.819243    -0.198572    -0.537969
    0.141393     0.979115    -0.146086
    0.555742    0.0436151      0.83021
    0.694215    -0.188319      1.97301
   -0.424053     0.365217    -0.828731
    0.865129     0.433979    -0.251425
    0.267827    -0.823577     -0.49999
    0.608242    -0.174089      1.92348
   -0.716231    -0.613552    -0.332518
   -0.235775    -0.235717     0.942787
   -0.656829     0.753652    0.0241683
    0.596945    -0.154915      1.90433
    0.342754    -0.929274    -0.137732
     0.88784     0.272517     0.370776
   -0.307018    -0.249369     0.918453
    0.445136    -0.157904      1.88998
    0.356082     0.841874    -0.405528
      0.5467    -0.539637    -0.640243
   -0.757842   0.00627677    -0.652408
    0.388501   -0.0470688      1.86868
    0.461844    -0.877737    -0.127588
   -0.867602    -0.417174    -0.270616
    0.184303     0.235678    -0.954195
    0.206835     0.125988      1.92626
   -0.521733  -0.00975294    -0.853053
    0.763403     0.441004    -0.471944
    0.380803    -0.897452    -0.222641
    0.218853     0.104078      1.91536
     0.68161     -0.12759    -0.720506
    0.696516     0.414868     0.585449
    0.224218    -0.900892     0.371646
    0.225549    0.0956088       1.8991
    0.744652     0.597472    -0.297525
    0.471261    -0.786309    -0.399538
   -0.472659     0.157305    -0.867092
     0.15824    0.0720145      1.80582
   -0.148408     0.152199    -0.977144
   -0.744818    -0.667204   0.00919926
   -0.650554      0.72916      0.21238
    0.149474     0.140089      1.69172
    0.994217     0.106805    0.0111541
   0.0932275    -0.910018      0.40395
   0.0532941    -0.400574    -0.914713
    0.283551     0.253183      1.52745
   -0.569754     0.269504    -0.776368
   -0.466751     0.671428     0.575611
    0.676405     0.690327    -0.256757
    0.144451     0.245014      1.48063
   -0.967852    0.0112524    -0.251269
   -0.241491    -0.320875     0.915817
   -0.070321     0.947055     0.313277
    0.080047     0.265438      1.53668
    0.960089     0.275868    0.0461078
    0.258504    -0.938153     0.230315
    0.106793    -0.209204    -0.972023
    0.123607     0.309449      1.42588
  -0.0366469     0.775131    -0.630736
    0.997587    0.0656145    0.0226741
   0.0589608    -0.628384    -0.775666
  -0.0519123     0.407078      1.32631
   -0.119287     0.203018    -0.971882
   -0.592603    -0.799948   -0.0943671
   -0.796613     0.564683     0.215732
  -0.0305617     0.448185      1.38199
   -0.246847     0.598374    -0.762244
    0.373708     0.784523      0.49484
    0.894097    -0.162706    -0.417274
   0.0695484     0.560956      1.29686
   0.0583385    -0.275616    -0.959496
   -0.399158      -0.8874     0.230638
   -0.915024     0.369535    -0.161784
  -0.0808942     0.377593      1.15271
   -0.637309      0.77017   -0.0259903
    0.537577     0.468499     0.701084
    0.552131     0.432836    -0.712604
  -0.0806054     0.439991      1.05801
   -0.897412     0.125392    -0.422999
   -0.306735    -0.866461     0.393902
    -0.31712     0.483241     0.816035
  -0.0717803     0.477496      1.11204
   -0.557058     0.830078   -0.0256299
   -0.696105    -0.449874      0.55951
    0.452907      0.32952     0.828427
   0.0566397     0.462323       1.0099
   -0.793921     0.411021    -0.448053
   -0.553304    -0.793904     0.252133
   -0.252079     0.448083     0.857717
   -0.057706      0.38499      0.99373
   -0.787056    -0.562433      -0.2534
   -0.425025     0.196691     0.883553
   -0.447098     0.803107    -0.393855
    0.022577     0.505637     0.855831
     0.81285    -0.332772    -0.478055
    -0.15251      0.67051    -0.726056
    0.562152     0.663083     0.494273
   0.0562965      0.64144     0.892771
     0.45557    -0.863589    -0.216031
    0.882781     0.407004     0.234617
   -0.114688    -0.297593     0.947779
   0.0162274     0.700876     0.789926
    0.432478    -0.768454    -0.471637
    0.566667    -0.175215     0.805101
   -0.701321    -0.615449     0.359681
  0.00700768     0.718366     0.819831
   -0.659499      0.47418     -0.58328
    0.101933    -0.712362     -0.69437
   -0.744763    -0.517392     0.421467
   0.0265869     0.776536     0.781591
    0.157787     0.283385    -0.945937
    0.701195     0.642339     0.309396
     0.69529    -0.712105   -0.0973554
   0.0668818     0.735029     0.749235
    0.531568    -0.325397    -0.782018
    0.842384     0.299509     0.447976
   0.0884518     -0.89689     0.433319
   0.0145952     0.764515     0.655237
   -0.211852     0.892872    -0.397364
   -0.916748    -0.322453    -0.235791
   -0.338663      0.31433     0.886851
   0.0932254     0.819425     0.618927
    -0.36083    -0.622417    -0.694549
   -0.779314     0.610317    -0.142065
    0.512319     0.490011    -0.705279
    0.200735     0.833933      0.61607
    0.411165    0.0247334    -0.911226
    0.911372   0.00920075      0.41148
   0.0185613    -0.999652   -0.0187583
    0.223458     0.792686     0.486974
    -0.23598    -0.966982    0.0962256
   -0.701412     0.238026     0.671837
   -0.672559    0.0910462    -0.734422
    0.276053     0.882114     0.541807
   -0.512049     0.492653    -0.703633
   -0.373355    -0.865395    -0.334213
   -0.773571    0.0915714     0.627058
    0.375767     0.918282     0.510862
   -0.324271     0.814616    -0.480884
    0.943214     0.317171    -0.098743
    0.072085    -0.485596    -0.871206
     0.29644     0.844544     0.625477
   -0.934995     0.265721    -0.234895
   -0.269012    -0.099746     0.957958
     0.23112     0.958876     0.164744
    0.271312     0.919531     0.558161
    0.335476     0.710035    -0.619117
   -0.903575    0.0566266     -0.42467
   -0.266472     0.701886     0.660567
    0.525375     0.896956     0.503222
   -0.921332    -0.274531    -0.275281
   -0.237519    -0.163092     0.957594
   -0.307785     0.947646     0.085056
    0.699101      1.00902     0.445969
    0.198341    -0.877449    -0.436742
   -0.764402    -0.417382     0.491408
   -0.613474      0.23638    -0.753508
    0.635519     0.811502     0.454548
    0.847359    -0.390003    -0.360389
    0.515731     0.766098     0.383556
    0.126506    -0.510874     0.850297
    0.819416     0.772056     0.511711
    0.491984     0.768969    -0.408214
    0.691192    -0.630089    -0.353894
   -0.529344    -0.108044    -0.841499
    0.804115     0.772116      0.46859
    0.788661     0.439093     0.430362
  -0.0657688    -0.635704     0.769126
    0.611301    -0.634884    -0.472476
    0.776644      0.70527     0.488555
    0.700945    -0.702849     0.121159
   -0.109646    0.0616634     0.992056
   -0.704736    -0.708662   -0.0338422
    0.804238     0.691477     0.412399
   -0.351168    -0.600041    -0.718771
   -0.692385     0.683191    -0.232062
    0.630305     0.416174    -0.655375
    0.862966     0.852212      0.32101
   -0.702999     0.396211    -0.590601
   -0.220766     -0.91099    -0.348367
   -0.676059    -0.114517     0.727895
    0.994221     0.774625     0.440814
   -0.219805      0.10609    -0.969758
    -0.63492     0.739157     0.224774
     0.74065     0.665126   -0.0951114
     1.07888     0.775377     0.394123
   -0.971082    -0.231466     0.058506
   -0.184914     0.884201     0.428946
   -0.151017     0.405724    -0.901433
     1.00763     0.763838     0.305578
    0.462408    -0.779848    -0.421919
    0.399032     0.607968    -0.686403
    0.791803     0.149039     0.592313
     1.07837     0.690114     0.398839
   -0.449977    -0.064707    -0.890693
   -0.867605    -0.204667     0.453182
   -0.211619     0.976691    0.0359552
     1.14864     0.726971      0.50869
    0.670671     0.297655    -0.679413
    0.264193     0.760028     0.593767
    0.693111    -0.577719      0.43109
     1.12625     0.795139     0.532267
   -0.855075     0.228399    -0.465489
   0.0895658    -0.819195    -0.566478
   -0.510709    -0.526074     0.680017
     1.22819      0.75033     0.486604
     0.69598    -0.334975    -0.635141
   -0.399446      0.55442    -0.730111
    0.596704     0.761846     0.252061
      1.3138     0.874639     0.506147
    0.671777     0.719341     0.176818
    0.102843    -0.326959     0.939426
    0.733579      -0.6129    -0.293623
     1.30331      0.96066     0.513689
    0.950784    -0.114971    -0.287734
   0.0615324     0.980177    -0.188327
    0.303682     0.161353     0.939011
      1.4968     0.927656     0.604547
   -0.534098  -0.00747318    -0.845389
    0.808182     0.289004    -0.513146
    0.248156    -0.957299    -0.148317
     1.55371      0.76825     0.620454
    0.908411     0.173266    -0.380484
   0.0294114    -0.934309    -0.355248
   -0.417042     0.311521    -0.853833
     1.52999     0.770063     0.764008
   -0.104607     0.987374     0.118952
   -0.667902    -0.158369     0.727205
    0.736861  -0.00337736     0.676035
     1.58078     0.745347      0.68133
   -0.195838    -0.955764    -0.219459
   -0.962417     0.230264     -0.14399
    0.188154     0.183012    -0.964938
     1.72381     0.662213     0.559137
    0.766036     0.161914    -0.622071
    0.134615    -0.986706    -0.091053
   -0.628544   -0.0139902    -0.777648
     1.70283     0.666207     0.608295
   -0.966676    0.0950512    -0.237703
   -0.256003    -0.357409     0.898177
 0.000415525     0.929099     0.369832
     1.69214     0.624231     0.718987
   -0.494572     0.607805    -0.621266
    0.424599    -0.454739    -0.782897
   -0.758363    -0.650988    -0.033172
     1.74638     0.536292     0.762597
    -0.59475     0.660981    -0.457577
   -0.755428     -0.26484     0.599323
    0.274956     0.702114     0.656837
     1.79131     0.456782      0.59739
    0.843365     0.458838    -0.279646
    0.454411    -0.886769   -0.0845687
   -0.286785   -0.0557519    -0.956371
     1.76339     0.567284     0.751441
   -0.895366    0.0185317    -0.444946
   -0.345878    -0.658294     0.668594
   -0.280515     0.752533     0.595824
     1.89822     0.454893     0.820644
    0.673539     0.232401    -0.701666
    0.183078     0.867253     0.462985
    0.716119    -0.440299     0.541581
     1.86023     0.390071     0.949189
   -0.615029    -0.783353   -0.0899796
   -0.784415     0.596236     0.170868
  -0.0802005      0.17567    -0.981177
      1.9172     0.395371     0.972672
    0.488038    -0.716653    -0.498223
     0.77173     0.620963     -0.13725
    0.407739    -0.317511     0.856117
     1.95615     0.344466     0.963731
    -0.39448     0.230363    -0.889561
   -0.888658    -0.341969     0.305522
   -0.233821     0.911038     0.339614
     1.98349     0.355646      1.03758
   -0.574676    -0.526678    -0.626384
   0.0517929     0.740454    -0.670108
     0.81674    -0.417538    -0.398243
      2.0481     0.347515      1.05502
    0.469107     0.250818    -0.846775
   -0.689976     0.702574    -0.174137
    0.551245     0.665943     0.502641
     1.96338     0.304117      1.18302
  -0.0729968     -0.49337    -0.866751
    0.711486    -0.634777     0.301406
   -0.698898     -0.59468     0.397363
     2.01289       0.1934      1.26713
    0.718953     0.409675    -0.561493
     0.20917     0.642861      0.73687
    0.662839    -0.647222     0.376495
      1.9792     0.191047      1.57024
    0.412097     0.268981    -0.870532
   -0.826757    -0.291175    -0.481343
   -0.382949     0.918078     0.102389
     2.04935     0.158426      1.52482
   -0.913098    -0.350844    -0.207754
   -0.351181     0.417792     0.837927
   -0.207183     0.838068    -0.504694
     1.97589     0.106827      1.67228
   -0.618023    -0.236459    -0.749756
   -0.755866     0.440919     0.484002
    0.216135     0.865839    -0.451229
     1.92743     0.134738      1.65239
    0.617802    -0.457109    -0.639822
    0.757911     0.562944     0.329643
    0.209501    -0.688583     0.694236
      1.8963     0.129204      1.78498
    0.222138    -0.821637    -0.524946
    -0.33733    -0.569912     0.749272
   -0.914802    0.0106386    -0.403762
     1.89556      0.20565      1.78821
   -0.503288     0.708587    -0.494575
     0.25428     0.668449      0.69894
    0.825859     0.226008    -0.516602
     1.89104    0.0590089      1.83152
    0.970003     -0.20281    -0.134027
   0.0978486    -0.178964     0.978978
   -0.222532    -0.962725    -0.153751
      1.9185     0.145975      1.89426
   -0.844005   -0.0153909    -0.536115
   -0.438681     0.594903     0.673535
     0.30857      0.80365    -0.508853
     1.88931     0.134662      1.90183
   0.0384084      0.33093    -0.942873
   -0.982434    -0.159932    -0.096153
   -0.182616     0.930004     0.318974
     1.87509     0.157127      2.01119
  0.00801461    -0.342585    -0.939453
    0.852978      0.49266    -0.172379
    0.521886    -0.799951     0.296166
     1.82597     0.175481      2.08189
   -0.778441    -0.361601    -0.513103
   0.0509846     0.778287    -0.625835
    0.625644    -0.513336    -0.587415
     1.76788     0.154695      2.15598
   -0.874017    -0.143807    -0.464127
   -0.108081     -0.87373     0.474252
   -0.473722     0.464667     0.748112
     1.75396     0.264585      2.20442
    0.133805     0.901777    -0.410969
    0.299633     0.358475     0.884147
    0.944625    -0.241443    -0.222236
     1.65467     0.264415       2.1811
   -0.683051    -0.461959    -0.565717
   -0.498711     0.860883    -0.100842
      0.5336     0.213249     -0.81841
     1.68345     0.294283      2.10094
   -0.554394    -0.249673    -0.793921
   -0.819911     0.327531     0.469541
    0.142802     0.911255    -0.386291
     1.54221     0.183603      2.15431
    0.953897    -0.295476   -0.0526793
     0.19135     0.463489     0.865196
   -0.231228    -0.835387     0.498659
     1.52363      0.19895      2.17027
    0.247484     0.944034    -0.218061
    0.562778    0.0431411     0.825481
     0.78869    -0.327014    -0.520605
     1.50576     0.230657      2.15632
    0.429018    -0.899028    0.0877024
