   -0.999642    0.0191877   -0.0186658
   0.0192337     0.999812   -0.0022838
   0.0186184  -0.00264199    -0.999823
           0            0            0
    0.748104     0.176112     0.639785
    0.651206    -0.380175    -0.656808
    0.127558     0.907993    -0.399096
  -0.0834459    -0.112104   -0.0364774
   -0.363154    -0.924864     0.112901
   -0.670154     0.343461     0.657973
   -0.647312     0.163284     -0.74453
  -0.0376606   -0.0155757    -0.185347
    0.497952    -0.658649     0.564115
     -0.4629    -0.751951    -0.469354
    0.733326   -0.0274135    -0.679324
  -0.0443787    0.0498537    -0.329692
   -0.519078    -0.382161     0.764533
   -0.833439      0.02792    -0.551905
    0.189571    -0.923674    -0.333001
  -0.0891249    0.0342477     -0.33829
   -0.489439    -0.848169     0.202628
    -0.48698     0.458595     0.743331
   -0.723394      0.26514    -0.637496
   0.0845796    0.0291145    -0.320071
   -0.853946     0.408608    -0.322205
    0.469044     0.872549    -0.136584
     0.22533    -0.267764    -0.936765
    0.171352   0.00725678    -0.482536
     0.40582    -0.192089     0.893539
   -0.433666    -0.901068   0.00325079
    0.804515    -0.388817    -0.448974
    0.166472    0.0150483    -0.670377
   -0.278713      0.90385     0.324615
    0.789117     0.408182       -0.459
   -0.547369     0.128229    -0.827009
    0.363759   -0.0693224    -0.688098
   -0.296918     0.352596    -0.887421
    0.330338     0.909879     0.250993
    0.895945    -0.218625    -0.386635
    0.180915   -0.0512843    -0.630986
   -0.144994    -0.967761    -0.205952
   -0.803859      0.23658    -0.545748
    0.576877    0.0864262    -0.812246
    0.106092   0.00613024    -0.765884
   -0.940262    0.0260675    -0.339453
    0.130386     0.948617    -0.288314
    0.314495     -0.31535    -0.895348
    0.130281   -0.0777253    -0.888426
   0.0610525    -0.121364     0.990729
   -0.819902     -0.57217   -0.0195654
    0.569239    -0.811106    -0.134439
      0.2517    -0.180958     -1.06009
   -0.186947      0.82378    -0.535199
    0.664269    -0.295367    -0.686662
   -0.723738    -0.483886    -0.491993
   0.0992527    -0.159555    -0.885058
   -0.607991    -0.243884     0.755558
     0.20373     0.871862     0.445365
    -0.76736     0.424708    -0.480397
    0.238081   -0.0316673    -0.925024
    0.706934     0.567007     0.422786
    0.273807     -0.77055     0.575571
    0.652131    -0.291128    -0.699978
    0.289416   -0.0166522    -0.938765
   -0.591739    -0.791243    -0.154204
  -0.0771952     0.246029    -0.966184
    0.802425    -0.559824    -0.206665
    0.296172    -0.041435     -1.02044
   -0.693823    -0.352447     0.628005
   -0.632134    -0.119695    -0.765559
    0.344988    -0.928146    -0.139746
     0.36902   -0.0303753     -1.02967
    0.290207     -0.89209     0.346345
   -0.864724   -0.0894282     0.494221
   -0.409917    -0.442919    -0.797365
    0.483716   -0.0723965     -1.10729
    -0.36301    -0.293459     0.884367
    0.412183     0.800626     0.434861
   -0.835661      0.52238    -0.169677
    0.529643  -0.00474427     -1.09324
   -0.905921     0.248226     0.343062
  -0.0755877     0.702357    -0.707801
   -0.416646    -0.667143    -0.617516
    0.553394   -0.0977817      -1.2382
    0.451195    0.0280492    -0.891984
    0.874705      0.18429      0.44825
    0.176957    -0.982472    0.0586162
    0.667817    0.0594394     -1.37272
   -0.757057    0.0275356    -0.652768
   -0.319933     0.855503     0.407134
    0.569656     0.517066    -0.638855
    0.786873       0.1088     -1.32775
   -0.576153     0.493016     0.651908
    0.554444    -0.350276     0.754916
    0.600533     0.796394   -0.0715375
    0.908099    0.0780522     -1.22766
    0.937888     0.308678     0.158381
     0.33149    -0.662588    -0.671634
   -0.102377     0.682419    -0.723756
     0.96952     0.218377     -1.22785
    0.343997     0.391696      0.85337
    0.432009    -0.872953      0.22654
    0.833687     0.290735     -0.46951
    0.915568     0.224009     -1.25348
   -0.648858    0.0284436     0.760378
    0.643071      0.55468     0.528006
   -0.406748     0.831578      -0.3782
     1.06255     0.326254      -1.3669
    0.134794    -0.989355    0.0548325
    -0.68572   -0.0531934     0.725919
   -0.715275     -0.13545    -0.685591
     1.12697     0.319742     -1.38545
    0.251829     0.614693     0.747486
    0.866665    -0.486957     0.108467
    0.430668     0.620504    -0.655362
     1.32101     0.355572     -1.32186
   -0.112173     0.280999      0.95313
    0.971327    -0.171336     0.164827
    0.209621      0.94429    -0.253722
     1.35672     0.265019     -1.36015
   -0.140727     0.819231    -0.555929
    0.520194    -0.416578    -0.745561
   -0.842374    -0.394111    -0.367535
     1.23475    0.0782405     -1.27139
   -0.557956    0.0111869    -0.829795
    0.824469      0.12137    -0.552739
    0.094529    -0.992544   -0.0769426
     1.39695     0.126942     -1.24675
    0.898078    0.0101893    -0.439717
    -0.33471    -0.632757    -0.698275
   -0.285349     0.774283    -0.564855
     1.40083    0.0806618      -1.1198
     0.95096    -0.070498     0.301173
   -0.305466    -0.367153     0.878572
    0.048639    -0.927485    -0.370682
     1.46681     0.323053     -1.09584
   -0.309018    -0.855772    -0.414924
    -0.76723     0.482128    -0.422979
     0.56202     0.187634     -0.80556
     1.54058     0.181636     -1.07135
    0.988207      0.14957   -0.0327918
    0.119594    -0.620184     0.775287
   0.0956227    -0.770066    -0.630758
      1.5675     0.121164    -0.944126
   -0.150185      0.84306     0.516424
    0.491946    -0.389366     0.778706
    0.857574     0.371003    -0.356263
     1.61168     0.115076    -0.932227
  -0.0900268     0.305433     0.947948
    0.573284    -0.762421       0.3001
    0.814396      0.57046    -0.106461
     1.72743     0.162617    -0.940031
    0.159624     0.973507    -0.163721
    0.812208   -0.0352459     0.582303
    0.561105    -0.225925    -0.796316
     1.63046     0.207043    -0.974306
   -0.526487    -0.804708      0.27433
   -0.129771     0.394955     0.909489
   -0.840221     0.443234    -0.312367
     1.74536    0.0785843    -0.817567
    0.688235    -0.522076    -0.503756
   -0.615159    -0.788046   -0.0237293
   -0.384594     0.326221     -0.86352
     1.87414    -0.062197    -0.921247
    0.538021     0.649243    -0.537603
    0.573507    -0.749349    -0.331008
   -0.617756     -0.13023    -0.775511
     1.85716   0.00945202    -0.787586
    0.285764     0.929339     0.233814
    0.932473    -0.213396    -0.291471
   -0.220981     0.301317    -0.927564
     1.87577     0.181602    -0.770775
    0.382753   -0.0973655    -0.918705
   -0.923673   -0.0598296    -0.378482
  -0.0181146     0.993449    -0.112834
     1.81205     0.243646    -0.740506
   -0.777566     0.503918     0.376109
   -0.361668     0.130885    -0.923074
    -0.51438    -0.853777    0.0804794
      1.8449     0.205433    -0.649363
   -0.394856    -0.534071    -0.747567
   -0.465932      0.81769    -0.338068
     0.79183     0.214828    -0.571711
     1.79059     0.264718    -0.595175
   -0.950844     0.197604     0.238429
   -0.187469     0.245512    -0.951094
   -0.246478     -0.94904    -0.196399
     1.81937     0.162355    -0.427303
    0.775185     0.427961     -0.46469
    0.113209    -0.817778    -0.564289
   -0.621507     0.384822    -0.682379
     1.84459     0.313662     -0.51245
    -0.69057     0.718869    0.0796288
    0.722874     0.689622    0.0432991
  -0.0237874    0.0874627    -0.995884
     1.89127     0.337885    -0.391742
  -0.0184678     0.759702     0.650009
     0.49135     0.573095    -0.655848
   -0.870766      0.30727    -0.383863
     1.78192     0.157742     -0.31333
    -0.64148    -0.727675     0.242882
   -0.591074      0.67065     0.448174
   -0.489014     0.143934    -0.860319
     1.76631     0.187744      -0.2157
   -0.590158    -0.674294    -0.443893
   -0.727784     0.682336   -0.0689072
    0.349348     0.282392    -0.893427
     1.73571     0.331256    -0.140634
    0.521148    -0.633204    -0.572239
   -0.589887    -0.751798     0.294674
   -0.616797     0.183988    -0.765317
     1.64043     0.272817    -0.194272
   -0.570827     0.572475    -0.588582
    0.560306     0.795592     0.230416
    0.600178    -0.198258    -0.774906
     1.66505     0.372557   -0.0657884
   -0.377604    -0.867839    -0.322909
   -0.670658    0.0158734     0.741597
   -0.638461     0.496592    -0.588017
     1.62457     0.338671   -0.0339839
   -0.731278    -0.497892    -0.466194
   0.0513229     0.641385      -0.7655
    0.680146     -0.58372    -0.443478
     1.59032     0.319564    -0.027614
   -0.289492    -0.392757      0.87289
   -0.915237     0.380576    -0.132296
   -0.280241      -0.8372     -0.46964
     1.62455     0.352241    -0.111602
   -0.467548    0.0349799    -0.883275
    0.457359      0.86465    -0.207854
    0.756453    -0.501155    -0.420264
     1.63704     0.184586   -0.0748809
    0.644084     0.479797     0.595778
    0.656825     0.052331    -0.752225
   -0.392093     0.875818    -0.281437
     1.58925     0.118385   -0.0310842
   -0.209716    -0.362657    -0.908019
   -0.612702     0.772467    -0.167009
    0.761981     0.521321      -0.3842
     1.64706      0.27705     0.161762
   -0.868302     0.469641    -0.159655
    0.450541     0.881349     0.142255
     0.20752     0.051589    -0.976869
     1.59355     0.245962     0.287839
   -0.473155    -0.590596    -0.653698
   -0.644352      0.73801    -0.200379
    0.600779     0.326401    -0.729744
     1.56873      0.17444     0.462757
   -0.225547    -0.970065    0.0900194
   -0.965123     0.235088     0.115204
   -0.132918   -0.0608959    -0.989255
     1.57973     0.164689     0.310684
    -0.83878   -0.0321141    -0.543522
    0.533527     0.150659    -0.832257
    0.108614    -0.988064    -0.109236
     1.62676     0.248175     0.233459
    0.348513     0.521342    -0.778936
   -0.415749    -0.658833    -0.626971
   -0.840055     0.542349   -0.0128646
     1.67865     0.254603     0.248544
    0.671987     0.740403   -0.0153924
    0.241552    -0.199489     0.949661
    0.700062    -0.641878      -0.3129
      1.5107     0.203438     0.413729
    -0.18655    -0.978433   -0.0887026
   -0.372005     0.153914    -0.915381
    0.909292    -0.137767    -0.392694
     1.43168     0.222253     0.461611
    0.187644     0.958562    -0.214356
    0.587255    -0.284416    -0.757785
   -0.787351    0.0163121     -0.61629
      1.2337     0.224727     0.478919
   -0.743032    0.0308176     0.668546
    0.520925     0.653779     0.548826
   -0.420168     0.756057    -0.501832
     1.14648     0.171608     0.620898
   -0.712362     0.580873     0.393861
    0.117375      0.65191    -0.749157
   -0.691927    -0.487441    -0.532576
     1.05382     0.132937     0.645641
   -0.745336     0.531756     0.402132
  -0.0416889     0.564824    -0.824158
   -0.665384    -0.631039    -0.398815
     1.06101     0.220692     0.581029
   -0.441297    -0.387418     0.809423
   0.0563608     0.888256     0.455878
    -0.89559     0.246797    -0.370149
     1.11531      0.32897     0.608253
    0.829647     0.204599     0.519447
    -0.21137    -0.746052     0.631449
    0.516728    -0.633676    -0.575714
     1.04726     0.349825     0.707533
   -0.839575     0.540749   -0.0520023
     0.21223     0.238374      -0.9477
   -0.500072    -0.806702    -0.314896
    0.940216     0.447838     0.541685
    0.133008     0.654617    -0.744168
    0.869544     -0.43738    -0.229331
   -0.475608    -0.616584    -0.627393
    0.650913     0.417934     0.566774
    0.209389      0.97554    0.0669233
      0.9329    -0.219807     0.285277
    0.293009   0.00269908    -0.956106
     0.60744     0.438454     0.674062
   -0.329361     0.905621    -0.267156
     0.72377     0.423857     0.544521
    0.606365    -0.014016    -0.795063
    0.547638     0.458241     0.576959
    0.419735     0.580966    -0.697353
    0.860388  -0.00998996     0.509542
     0.28906    -0.813866    -0.504049
    0.368288     0.585133     0.480585
   -0.712526     0.483076    -0.508865
    0.335339     0.871511     0.357794
    0.616324    0.0842951    -0.782968
    0.340028      0.52129     0.496862
    0.633758     0.671683     0.383656
    0.599214    -0.112645    -0.792625
   -0.489176     0.732225    -0.473871
    0.316019     0.652296     0.454219
   -0.984022    0.0297767     0.175539
    0.170277     0.445448     0.878966
  -0.0520207     0.894812    -0.443401
    0.235846     0.577823     0.509813
   -0.435046     0.510035    -0.742024
   -0.309966     0.688892     0.655247
    0.845373     0.515065    -0.141606
    0.200103     0.514701     0.387035
   -0.861208      0.12971     0.491423
    0.376139     0.812924     0.444606
    -0.34182     0.567741    -0.748885
     0.22999     0.553712       0.2475
   -0.788198    -0.218144     0.575462
    0.194795     0.798561     0.569523
   -0.583779     0.560994    -0.586931
    0.298455     0.585454     0.298066
    0.673624    0.0612497    -0.736532
    0.560742    -0.691545      0.45534
   -0.481455    -0.719732    -0.500186
    0.325345     0.586532      0.43327
    0.630751     0.487297       0.6039
    0.424645    -0.868124     0.256978
    0.649485     0.094354    -0.754498
    0.266629     0.656463     0.488195
   -0.692402    -0.715555   -0.0925242
  -0.0334531     0.159937     -0.98656
    0.720736    -0.680001    -0.134678
    0.176327     0.766779     0.345211
    0.217277     0.950141     0.223658
    0.759352   -0.0205572    -0.650355
   -0.613331     0.311142    -0.725958
   0.0571126      0.64218     0.378907
    0.816242    -0.553946    -0.163993
   -0.314533    -0.664226     0.678139
   -0.484581    -0.501945    -0.716403
  -0.0300356     0.731337     0.384708
   -0.520894     0.785666    -0.333764
    0.375595    -0.140167    -0.916123
   -0.766549    -0.602563     -0.22208
   0.0519665      0.69149     0.352206
    0.347902     0.937449   -0.0124013
    0.809483    -0.307033    -0.500467
    -0.47297     0.164075    -0.865667
   0.0370968     0.624427     0.192131
   0.0483778    -0.940461    -0.336442
   -0.812204    -0.233094     0.534782
   -0.581364     0.247388    -0.775123
   0.0215788     0.661713     0.175591
   -0.374123     0.264264     -0.88893
    0.501321     0.864044    0.0458757
    0.780198    -0.428476     -0.45574
    0.100915     0.786559    0.0607307
   -0.756887     0.624157     0.193779
    0.491029     0.738771    -0.461636
   -0.431292    -0.254255    -0.865645
     0.12943     0.820328     0.163491
   -0.987669   -0.0926332     0.126212
   -0.145356     0.842037    -0.519467
  -0.0581554    -0.531407    -0.845118
     0.16141      0.86256    0.0247072
   -0.294891    -0.907716     0.298482
   -0.723236      0.41618     0.551112
   -0.624475   -0.0533552     -0.77922
   0.0395074        0.805    -0.025661
    0.965779      0.17663     0.189927
    0.215422    -0.954081     -0.20814
    0.144442     0.241932    -0.959482
   0.0228472      0.78033    0.0141971
    0.834644        -0.44     0.331315
   -0.333811    0.0743734     0.939701
    -0.43811    -0.894912   -0.0848018
  -0.0293706     0.819965   -0.0916547
    0.718325    -0.318109    -0.618721
   -0.612931     0.131358    -0.779141
    0.329126      0.93891    -0.100621
  -0.0695634     0.871001     0.010354
   -0.286517     0.900559    -0.326958
     0.55804     0.434267     0.707109
    0.778781    0.0201434    -0.626973
   0.0103977     0.779797   -0.0258136
    0.807094     0.590263    0.0137325
    0.359821    -0.473294    -0.804066
   -0.468111     0.653898    -0.594382
   0.0777601     0.747299   -0.0400537
   -0.503102     0.366046     0.782878
    0.863808     0.184771     0.468717
   0.0269186     0.912069    -0.409152
   0.0572049     0.750913    -0.110067
   -0.541271     0.741859     0.395818
     0.30424     0.611631    -0.730305
   -0.783877    -0.274869    -0.556762
   0.0398297     0.783814    -0.188446
   -0.263924      0.59642     0.758042
    0.561058     0.734198    -0.382319
   -0.784575     0.324402    -0.528398
    0.151858     0.732102    -0.232519
   -0.476073     0.574419     0.665881
    0.432866     0.812179    -0.391143
   -0.765495     0.102025    -0.635302
    0.056686     0.746681    -0.237124
   -0.818081    -0.381853    -0.430036
   -0.325154     0.923878    -0.201804
     0.47436   -0.0252639    -0.879968
   0.0983389     0.797116    -0.337921
   -0.579868    -0.161222    -0.798599
    0.257605     0.893651     -0.36746
    0.772912    -0.418802    -0.476668
    0.267172     0.833904    -0.447415
    0.283025    0.0116132     0.959042
    0.877127    -0.407645    -0.253915
       0.388     0.913067     -0.12556
    0.255256      0.70656    -0.656289
    0.898694    -0.433277   -0.0679714
   -0.437711    -0.876353    -0.201032
   0.0275357     0.210418    -0.977224
    0.336927     0.620017    -0.712026
   -0.138468    -0.196653     0.970646
   -0.956168     0.281877   -0.0792939
    -0.25801    -0.939081    -0.227065
    0.341839     0.688745    -0.806041
   -0.562706     0.609589     0.558357
    0.824761     0.368277     0.429117
   0.0559551     0.701978    -0.709997
    0.308362     0.766182    -0.717294
    0.030329     0.971603     0.234667
    0.468318    -0.221224     0.855417
    0.883039    0.0839547    -0.461728
    0.328487      0.68421    -0.702528
    0.322644    -0.793191    -0.516477
   -0.705162     -0.56542      0.42784
   -0.631386      0.22616    -0.741757
    0.283941     0.698305    -0.605965
    0.772602     0.116632    -0.624086
    0.634141    -0.189528      0.74963
  -0.0308514    -0.974924    -0.220391
    0.363604     0.651442    -0.841393
   -0.808104    -0.562244     -0.17564
    -0.55837     0.826143   -0.0755667
    0.187591    0.0370066     -0.98155
    0.333661     0.664988    -0.837445
    0.381519     0.198502    -0.902796
    -0.47114    -0.798526    -0.374678
    -0.79528      0.56829     -0.21113
    0.434511     0.585516    -0.951613
   -0.213754     0.321003     0.922641
    0.863672     0.503437    0.0249381
   -0.456486      0.80219    -0.384853
    0.261811     0.557082    -0.920996
   -0.495288    -0.866133   -0.0671029
    -0.84802     0.498802    -0.179053
    0.188555   -0.0317781    -0.981548
     0.39302     0.642124     -1.00306
    0.966593    -0.132086     0.219661
   0.0197426    -0.816081      -0.5776
    0.255554     0.562641    -0.786211
     0.56687     0.632147     -1.09324
    0.517073    -0.852108    0.0809127
   -0.258216    -0.245416    -0.934396
    0.816063     0.462258    -0.346926
    0.725652      0.65878     -1.11963
   -0.245392     0.247658     0.937256
    0.821133    -0.460803      0.33675
     0.51529     0.852247   -0.0902829
    0.862599     0.744352     -1.16928
   -0.432741     0.516294     0.739037
   -0.413312     0.614921    -0.671599
   -0.801192    -0.596081   -0.0527109
    0.864541     0.642226     -1.35349
    0.744715     0.348675     0.569057
   -0.493381    -0.286553     0.821257
    0.449416    -0.892364   -0.0413703
    0.927937     0.809338      -1.2678
   -0.330673     0.919985     0.210435
    0.578765    0.0215588     0.815209
    0.745444      0.39136    -0.539584
     1.02453     0.766713     -1.38856
   -0.844926    -0.386158     0.370111
    0.112609     0.548017     0.828853
   -0.522895     0.741997    -0.419549
     1.06383     0.779416     -1.26875
    0.677632    0.0678565    -0.732264
    0.217404    -0.969713     0.111324
   -0.702531    -0.234633    -0.671861
     1.18646     0.867181     -1.18396
   -0.891512     0.202488     0.405223
  -0.0619203     0.831669    -0.551809
   -0.448745    -0.517036    -0.728905
     1.28017     0.905454     -1.22807
    0.788946    -0.129838     0.600588
     0.49877    -0.435543    -0.749353
    0.358876     0.890755     -0.27886
     1.23517      1.05394       -1.316
    0.698925      0.66316     0.267813
    0.239306      0.13603    -0.961368
   -0.673971     0.736013   -0.0636235
     1.26061     0.941446     -1.36523
   -0.848544    -0.235088     0.474032
  -0.0310364     0.916451     0.398942
   -0.528213     0.323808    -0.784945
     1.22918     0.879955     -1.30046
   -0.266983     0.789139    -0.553155
    0.529824    -0.359264    -0.768255
   -0.804988    -0.498186    -0.322187
     1.29805     0.851233     -1.27963
   -0.879251     0.208067     0.428517
    0.470071     0.524657     0.709766
  -0.0771456     0.825496    -0.559111
     1.46805     0.781328     -1.30677
     0.42748     -0.69799     0.574518
   -0.638041     0.217272     0.738712
   -0.640441    -0.682351    -0.352467
     1.64084     0.752171     -1.26212
   0.0238896    -0.579722    -0.814464
   -0.849428    -0.441371     0.289246
   -0.527163     0.684918    -0.502977
     1.62364     0.723401     -1.20512
   -0.245167     0.967084   -0.0681273
    0.811356     0.166209    -0.560424
   -0.530654    -0.192673    -0.825399
     1.63029      0.68429     -1.08562
   -0.264174     0.311918    -0.912644
    0.583549    -0.701713    -0.408741
   -0.767908    -0.640551   0.00335516
     1.67425     0.767914     -1.02039
    0.690615    -0.595936     0.409769
    -0.70176    -0.689187     0.180429
    0.174883    -0.412167    -0.894167
     1.73157     0.680163    -0.970158
   -0.902883    -0.307285     0.300629
    -0.41358     0.430125    -0.802461
    0.117276    -0.848863     -0.51544
     1.80395     0.657154      -1.1085
    0.673025     0.486154    -0.557396
    0.178125    -0.837985    -0.515804
    -0.71785     0.247863    -0.650581
     1.79065     0.632535    -0.969983
    0.873427     0.259022    -0.412351
  -0.0397015    -0.806096    -0.590451
   -0.485334     0.532087    -0.693783
     1.99061     0.604379    -0.884559
   -0.779967    -0.523352     0.343153
   -0.624121     0.610102    -0.488107
   0.0460935    -0.594877    -0.802494
     1.88459      0.57522    -0.863645
   -0.657188    -0.573354     0.489253
   -0.135644     0.728481     0.671503
    -0.74142      0.37494    -0.556521
     1.95757     0.577426    -0.882288
    0.479795     0.849456     0.219592
    0.537931   -0.0870828    -0.838479
   -0.693129     0.520423    -0.498731
     1.92829     0.678336    -0.850587
    0.187887    -0.264825    -0.945815
   -0.508441    -0.850124      0.13703
   -0.840349     0.455145    -0.294375
     1.87441     0.650464    -0.821584
   -0.829482     0.468393     -0.30425
    0.529862     0.832192    -0.163409
    0.176655    -0.296755    -0.938472
     1.96043     0.704724    -0.673926
   -0.657009     0.144615    -0.739882
    0.556639     0.754937    -0.346732
    0.508422    -0.639653    -0.576499
      1.8483     0.730141    -0.598293
   0.0145897    -0.631952    -0.774871
    -0.99254    0.0846568   -0.0877306
     0.12104      0.77037    -0.626002
     1.87509     0.745133    -0.507309
   -0.217066    -0.826761     0.518989
   -0.975045     0.158262    -0.155695
   0.0465868    -0.539834    -0.840482
     1.93349     0.769188    -0.463831
    0.116152     0.678599    -0.725267
    0.762354     0.407147     0.503039
    0.636652    -0.611339    -0.470041
     1.92706     0.730504    -0.456955
   -0.476016    -0.635275      0.60814
   -0.803897     0.594715  -0.00799244
   -0.356593    -0.492687    -0.793789
     2.01508      0.72724    -0.359192
    0.844467    -0.255769    -0.470593
   -0.534273    -0.340268    -0.773802
   0.0377867     0.904876    -0.423996
     1.93172     0.728951    -0.323419
   -0.369861    -0.471391    -0.800621
   -0.791436     0.611226   0.00573854
    0.486655     0.635762    -0.599144
     1.85927     0.759617     -0.27824
   -0.732163    -0.467843     0.495036
   -0.678135     0.432615    -0.594119
   0.0637942    -0.770693    -0.634005
      1.9428     0.895888    -0.236208
   -0.058109     0.877749    -0.475584
    0.993942    0.0953862    0.0546027
   0.0932916     -0.46953    -0.877974
      1.7492     0.827808   -0.0814506
   -0.952804    -0.153602      0.26186
     0.10283      0.64828     0.754426
    -0.28564     0.745747    -0.601889
      1.7727      0.91165   -0.0821072
   -0.799786   -0.0706596     0.596112
    0.160304     0.931844      0.32553
   -0.578485     0.355914    -0.733948
     1.86721     0.932362   -0.0650036
    -0.81076     -0.46339    -0.357684
   -0.490971     0.871037   -0.0155711
    0.318771     0.162988    -0.933713
     1.78028     0.938463   -0.0649318
   -0.575134      0.51114     0.638715
    0.816045     0.303712     0.491762
   0.0573741     0.804049    -0.591788
     1.70509     0.958205  -0.00566484
    0.155108     0.566909    -0.809046
    0.762144    -0.589733    -0.267118
   -0.628552    -0.575177    -0.523539
     1.63129     0.956025      0.10286
   -0.679107     0.447474     0.581877
    0.541978    -0.228947     0.808606
    0.495049     0.864494   -0.0870416
     1.67779     0.921145     0.196692
    0.634027     0.763238    -0.124412
    0.704817    -0.504145      0.49907
    0.318187    -0.404111    -0.857585
     1.57504     0.906237     0.246811
    0.639881     0.743828    -0.193057
    0.198743    -0.402854    -0.893426
   -0.742329     0.533318    -0.405609
     1.54881     0.927694     0.310113
   -0.401019     0.645646     0.649866
    0.692205    -0.251096     0.676611
     0.60003     0.721174    -0.346225
     1.62697     0.754566     0.407752
    0.397884    -0.531089     0.748086
   -0.763418     0.260559     0.591017
   -0.508804    -0.806259    -0.301771
     1.63959     0.702321     0.414908
   -0.690067     -0.46863    -0.551537
   -0.687706     0.662053     0.297904
     0.22554     0.584869    -0.779141
     1.54526     0.619584     0.432837
  -0.0863735     -0.99168    0.0954459
   -0.451795     0.124376     0.883409
   -0.887931    0.0331811    -0.458779
     1.45691     0.712005     0.452486
     0.76239     0.642974   -0.0731168
    0.115216    -0.246054    -0.962384
   -0.636778     0.725288     -0.26167
      1.3462     0.776951     0.491256
   -0.306724    -0.951446    0.0258893
   -0.566655     0.160687    -0.808135
    0.764737    -0.262544    -0.588428
     1.50994     0.875079     0.583238
    0.404118    -0.687046     0.603867
   -0.100467    -0.689521    -0.717264
    0.909173      0.22919    -0.347673
     1.32367     0.889181      0.70357
   -0.529635    -0.829732    -0.176158
   -0.743906     0.354588     0.566455
   -0.407542     0.431059    -0.805045
     1.31699     0.857408      0.72962
   -0.214851   -0.0676025    -0.974304
    0.579183     0.794428    -0.182841
    0.786375    -0.603584    -0.131529
     1.20545     0.751498     0.703663
    -0.88782    -0.439106    -0.137702
   -0.351433      0.45375     0.818905
   -0.297104     0.775433    -0.557165
     1.00889     0.749116      0.69846
   -0.509041    -0.492903     0.705637
   -0.370809     0.865406     0.337007
   -0.776774   -0.0901063      -0.6233
    0.975781      0.83051     0.773697
     0.48413    -0.181822     0.855897
    0.031886    -0.973856    -0.224917
    0.874415      0.13618    -0.465675
    0.969231     0.907053     0.589904
   -0.998358    0.0412682   -0.0397317
   0.0554715       0.8696    -0.490631
   0.0143033    -0.492029    -0.870461
    0.788336     0.946717     0.646776
   0.0432564     0.572806     0.818549
    0.998272   0.00784086   -0.0582409
  -0.0397789     0.819653    -0.571477
    0.705549     0.965586     0.695225
   -0.476811     0.378308    -0.793432
    0.809841     0.540029    -0.229187
    0.341773    -0.751833    -0.563861
    0.639336      1.06809       0.6583
  -0.0372316     0.835885      0.54764
    0.608111     0.453821    -0.651343
   -0.792979     0.308775    -0.525207
    0.649977      1.23705     0.576068
   -0.322552    -0.941061     0.101803
   -0.870312     0.337141     0.359016
   -0.372178    0.0272006    -0.927763
    0.592396      1.30232     0.485583
   0.0434727    -0.928822    -0.367968
   -0.684632      0.24054    -0.688055
    0.727592     0.281834    -0.625444
    0.567816      1.28572     0.545993
  -0.0873555     0.296072    -0.951163
    0.724489    -0.636456     -0.26465
   -0.683729    -0.712225    -0.158903
    0.491435      1.15892     0.449514
    0.416307     0.705459      -0.5736
    0.622354    -0.681013    -0.385872
   -0.662845    -0.196342    -0.722555
    0.494006      1.24899     0.395097
    0.195829    -0.891441    -0.408637
    -0.95385   -0.0764205    -0.290398
    0.227644     0.446647    -0.865266
    0.507539       1.1923      0.38345
   -0.230907     0.451984    -0.861622
    0.903643     0.427921   -0.0176931
    0.360709    -0.782684    -0.507242
    0.464856      1.36128     0.312981
   -0.971022     0.141889     0.192311
   -0.175048     0.125591    -0.976517
   -0.162709    -0.981883   -0.0971139
    0.595064      1.39076     0.498402
   -0.287676     0.347357     0.892516
    0.616209     0.780531    -0.105157
   -0.733164     0.519725    -0.438585
    0.500672      1.37255     0.465519
   -0.200135    -0.978678   -0.0462056
   -0.629945    0.0924142     0.771122
    -0.75041     0.183435    -0.635009
    0.399521      1.47786     0.492976
   -0.722356     0.341413    -0.601364
   -0.483657     0.372103     0.792222
    0.494244      0.86312    -0.103664
     0.31438      1.47541     0.379194
    0.842793   0.00762655    -0.538184
   -0.250792    -0.879158    -0.405197
   -0.476239      0.47647    -0.739035
    0.201385      1.42408     0.318566
    0.736545     0.676297   -0.0111671
    0.414323     -0.46416    -0.782874
   -0.534638     0.571995     -0.62208
    0.101039        1.401     0.375647
    0.470489    -0.792954    -0.387124
   -0.325701      0.25168     -0.91136
    0.820097     0.554871    -0.139853
    0.111109      1.28458     0.261711
   -0.551676    -0.356715     0.753928
    0.618651     0.431248     0.656731
   -0.559396     0.828721   -0.0172271
    0.277895      1.34804     0.239396
   -0.603589     0.337081    -0.722535
    0.349066     0.926486     0.140628
    0.716822    -0.167331    -0.676881
    0.232007      1.38016     0.225345
   -0.283264     0.455366     -0.84404
    0.941293   -0.0365243    -0.335608
   -0.183653    -0.889555    -0.418287
    0.328697      1.57418    0.0646776
    0.634138    0.0139437    -0.773094
   -0.727832    -0.326751    -0.602905
   -0.261016     0.945007    -0.197057
    0.275222      1.56627     0.109222
   -0.201524     0.399588     0.894269
    0.967606     0.222968     0.118421
   -0.152074     0.889165    -0.431577
    0.176984        1.682    0.0601568
   -0.670203     -0.65979     0.339861
   -0.350597     0.685061     0.638572
   -0.654149     0.308819     -0.69045
    0.349509      1.52615    0.0663672
    0.777269     0.583414    -0.235543
   -0.028147    -0.341753    -0.939368
   -0.628538     0.736772    -0.249213
    0.329978      1.47024   -0.0563891
    0.528221     0.165314     0.832859
   -0.674797    -0.513641     0.529926
    0.515395    -0.841929    -0.159762
    0.194129      1.49714     -0.16926
   -0.348462     0.724177    -0.595098
    0.931432     0.196464    -0.306327
    -0.10492    -0.661037    -0.742982
    0.211637      1.42647   -0.0095169
   -0.937339    -0.103978     0.332543
   -0.344025     0.125077    -0.930593
   0.0551677    -0.986683    -0.153011
    0.200537      1.50442    -0.122797
     0.28196     0.617192     0.734556
    0.875154      0.14832    -0.460551
   -0.393198     0.772706    -0.498317
    0.227176      1.49932    -0.130774
    0.668497    -0.150206    -0.728389
   -0.246708    -0.968723    -0.026655
   -0.701604     0.197518    -0.684645
     0.10713      1.47222    -0.292807
    0.483488    0.0476161     0.874055
   -0.266938    -0.942938     0.199026
    0.833657    -0.329545    -0.443188
    0.193426       1.4556    -0.267913
   -0.842734    -0.414946     0.342957
   -0.434582     0.148407    -0.888321
    0.317708    -0.897661    -0.305395
    0.331305        1.406    -0.200926
  -0.0070141    -0.991229     0.131971
   -0.869092     0.071319     0.489483
   -0.494601    -0.111262    -0.861969
    0.383909      1.31139    -0.387863
   -0.342162     0.408912        0.846
     0.93775     0.205693     0.279849
  -0.0595828      0.88909    -0.453837
    0.487277      1.33523    -0.491668
    0.189688    -0.541909     0.818751
   -0.981829    -0.109339     0.155102
  0.00547024    -0.833295    -0.552802
    0.542548      1.28358    -0.626377
    0.982342     0.151906     -0.10922
     0.14321    -0.234846     0.961425
    0.120396     -0.96009    -0.252453
    0.502675      1.34856    -0.683959
  -0.0304994      0.33468    -0.941838
    0.803217     -0.55262    -0.222382
   -0.594906    -0.763283    -0.251966
    0.589814      1.36529    -0.619377
   -0.334844     0.195871     0.921691
     0.85005     0.484839     0.205783
   -0.406565     0.852388    -0.328845
    0.537505      1.29631     -0.68848
   -0.142502      0.41533      0.89844
    0.763328     0.623953    -0.167369
   -0.630098     0.661954    -0.405947
    0.536706      1.47316    -0.691392
   -0.886395     0.429371     0.173045
    0.391981     0.895003    -0.212886
   -0.246283    -0.120871    -0.961631
    0.548506      1.34189     -0.77354
   -0.512548    -0.699949     0.497358
   -0.425905     0.710192     0.560564
   -0.745586    0.0754888     -0.66212
    0.552921      1.32478    -0.767818
   -0.621854     0.639123    -0.452571
   0.0404108     0.603315     0.796479
     0.78209     0.477004    -0.401001
    0.608669      1.34901    -0.727759
    0.932652    -0.090551    -0.349229
    0.324231    -0.214149      0.92142
   -0.158222    -0.972595    -0.170367
    0.611368      1.39536     -0.87704
    0.395105     -0.91638    0.0643384
   -0.714597    -0.262582     0.648384
   -0.577272    -0.302156     -0.75859
    0.555567      1.36605    -0.887556
 -0.00504868     0.095754     0.995392
    0.588012     0.805414   -0.0744962
   -0.808837     0.584926   -0.0603708
     0.64642      1.39029    -0.989032
   0.0542561    -0.329574      0.94257
   -0.628005    -0.745155    -0.224398
    0.776316    -0.579763    -0.247403
    0.783322      1.29512     -1.08015
    0.982704   -0.0805079     0.166766
   -0.063683    -0.992547    -0.103896
    0.173888    0.0914793    -0.980507
    0.935922      1.29843     -1.19556
    0.691827     0.113946    -0.713016
    0.364857    -0.907298     0.209021
     -0.6231    -0.404756    -0.669267
      1.0041      1.27626     -1.18295
    0.204548     0.967863    -0.146289
    0.708001    -0.249487    -0.660675
    -0.67594    0.0315674     -0.73628
     1.03886      1.45594     -1.21979
   -0.340214     0.828687     0.444446
    0.566399     0.557871    -0.606607
   -0.750631     0.045358    -0.659163
     1.13738      1.38815     -1.28007
    0.136282     0.460866    -0.876943
    0.605025    -0.739662    -0.294695
   -0.784457    -0.490411    -0.379638
     1.21655      1.28573      -1.2904
    0.997935  -0.00401313    0.0641013
    0.056944    -0.406332    -0.911949
   0.0297062     0.913717    -0.405265
     1.13604      1.33447     -1.23232
    0.980797     0.146596    -0.128638
    0.154225    -0.179215     0.971646
    0.119385    -0.972827    -0.198383
     1.24641      1.45104      -1.1142
    0.269765     0.666928     0.694574
    0.606422    -0.677972     0.415459
    0.747983     0.309129    -0.587333
     1.40708       1.5277     -1.16154
   -0.926668    0.0639306    -0.370405
     0.16919     0.950902    -0.259152
    0.335651    -0.302817    -0.891987
     1.39103      1.57094     -1.28728
    0.169542    -0.898497    -0.404918
   -0.978976    -0.106265    -0.174106
    0.113406     0.425923    -0.897624
     1.46534      1.53663     -1.32588
    0.129138     0.947219    -0.293426
     0.51522     0.188737     0.836018
    0.847273    -0.259141    -0.463654
     1.47583      1.43662     -1.35066
    0.553989     0.474978    -0.683733
    0.247813    -0.878132    -0.409236
   -0.794786    0.0572746    -0.604181
     1.52071      1.44588     -1.29745
    0.469352      -0.5471     0.693101
    -0.73375    -0.678325    -0.038558
    0.491243    -0.490466    -0.719808
     1.59333       1.4069     -1.10649
   -0.753261    -0.576038     0.317454
   -0.657721     0.660271    -0.362554
-0.000760578    -0.481895    -0.876229
     1.79395      1.30972     -1.14887
    -0.05967    -0.933682    -0.353097
   -0.911858     0.194905    -0.361286
    0.406147     0.300417    -0.863015
     1.71705      1.23112     -1.07452
   0.0466007     0.684583    -0.727444
    0.632435     0.543471     0.551965
     0.77321    -0.485783    -0.407628
     1.69321      1.17926    -0.980326
    0.621573    -0.742278    -0.250341
   -0.288791    0.0799339    -0.954049
    0.728181     0.665307    -0.164678
      1.8173      1.11426     -1.05415
    0.320533     0.356673    -0.877521
   -0.443129    -0.762317     -0.47171
   -0.837195     0.540053   -0.0862961
     1.83993      1.16169     -1.01563
    0.592268    -0.798377     0.108682
   -0.780813    -0.601992    -0.167143
    0.198868     0.014133    -0.979924
     1.97436      1.09907     -1.12304
    0.461026    -0.157228    -0.873347
    -0.39055    -0.919686    -0.040595
   -0.796822     0.359801    -0.485404
      1.9875      1.07852     -1.01398
    0.389761    -0.165986    -0.905834
   -0.562127    -0.822002   -0.0912466
   -0.729451     0.544758     -0.41369
     2.09884      1.14616    -0.993516
   -0.618884     0.711506     0.332779
    0.782647     0.522611     0.338144
   0.0666774      0.46972    -0.880294
     2.09584      1.27432    -0.865843
    0.304478      0.79536    -0.524114
    0.419405    -0.605975    -0.675939
   -0.855215   -0.0140072    -0.518084
     2.08076      1.27672    -0.745692
    0.635161     0.480792     0.604492
     0.32074    -0.876149     0.359845
    0.702636   -0.0346748    -0.710705
     1.92945      1.24251    -0.735376
    0.867727     0.184749     -0.46143
   -0.389291     -0.32459    -0.862029
   -0.309034     0.927637    -0.209734
     1.93346      1.21454    -0.739887
   -0.697324     0.510917     0.502695
    0.050185     0.734429    -0.676827
   -0.714997     -0.44674    -0.537776
     2.08195      1.11776    -0.699312
   -0.975451    0.0507776    -0.214282
  -0.0307746     0.932073     0.360962
    0.218055     0.358695    -0.907629
     2.06218      1.19728    -0.715436
   -0.389924      0.54563    -0.741786
    0.886128     0.441443    -0.141089
    0.250473    -0.712331    -0.655627
     2.20483      1.15384    -0.584865
    0.288701     0.861207     0.418298
    0.490505     0.242165    -0.837115
   -0.822227     0.446853    -0.352513
     2.14095      1.24413    -0.424522
   -0.999284    0.0339289   -0.0167686
    0.037528     0.830951    -0.555078
 -0.00489927     -0.55531    -0.831629
     2.21226       1.2742    -0.470207
    0.138058      0.36467     0.920845
    0.564838    -0.792719     0.229247
    0.813571     0.488479     -0.31542
     2.11349      1.18256    -0.401017
    0.619314     0.385595     0.683934
     0.29968    -0.921237     0.248019
      0.7257    0.0513601    -0.686091
     2.10799      1.07912    -0.281877
    0.779391    -0.339642    -0.526491
  -0.0199769    -0.853362     0.520936
   -0.626219    -0.395495    -0.671888
     2.06517      1.18088    -0.258875
   -0.747292    -0.534085     0.395358
   -0.626589     0.764448    -0.151673
   -0.221225    -0.361071    -0.905918
     2.06792      1.30167    -0.178929
   -0.894767     0.138824     0.424405
   -0.419387    0.0650717    -0.905473
   -0.153318    -0.988177 -2.91293e-06
     1.96033      1.18291    -0.106795
   -0.611577   -0.0129592     0.791079
    0.789946    -0.065926     0.609622
   0.0442524      0.99774    0.0505559
     2.01592      1.26135   -0.0313609
  -0.0632434     0.459325     0.886014
     0.98771     0.155954   -0.0103469
    -0.14293      0.87447    -0.463543
      2.0558      1.31563  -0.00712729
   -0.747119    -0.308235     0.588902
