 -0.00110864  -0.00630558      0.99998
  -0.0174565    -0.999828  -0.00632398
    0.999847   -0.0174632  0.000998375
           0            0            0
    0.166216     0.969079     0.182366
    0.934282   -0.0956102    -0.343476
   -0.315419     0.227473    -0.921285
    0.149692   -0.0766086  -0.00567919
   -0.804199     0.497178    -0.325697
    0.581037     0.542252    -0.606925
    -0.12514    -0.677331    -0.724957
    0.141395    -0.127198  -0.00426219
   -0.805808     0.497743     0.320821
    0.536463     0.842997    0.0395552
   -0.250763     0.203982    -0.946314
    0.128028    -0.138755    -0.192313
   -0.737212    -0.675396    0.0189219
 -0.00116275   -0.0267368    -0.999642
     0.67566     -0.73697    0.0189254
    0.105399    -0.260124    -0.139337
    0.776552    -0.383321     0.500032
   -0.276312    -0.920438    -0.276488
    0.566232    0.0765425    -0.820684
    0.248494    -0.255162    -0.274093
    0.883159     0.407493    -0.232336
    0.410013    -0.911218   -0.0396334
   -0.227859   -0.0602582    -0.971828
    0.335407    -0.323426    -0.416297
    0.670233    -0.221625     0.708287
    0.387318    -0.709639    -0.588556
    0.633067     0.668801    -0.389784
    0.404524    -0.358487     -0.38349
   -0.779805    -0.530105     0.333005
    -0.38656   -0.0106703    -0.922203
    0.492418    -0.847865    -0.196597
    0.426748    -0.276259    -0.404599
     0.52266     0.148833     0.839449
    0.123961     0.960913    -0.247549
   -0.843481     0.233443     0.483781
    0.524574    -0.222481    -0.308026
    0.208437     0.104687     0.972417
       0.592    -0.804933   -0.0402386
    0.778518     0.584058    -0.229752
    0.707398    -0.323317    -0.533188
 -0.00562564    -0.462338     0.886686
   -0.506225     0.766004       0.3962
   -0.862383    -0.446633    -0.238356
    0.781676    -0.339108    -0.636655
  -0.0703635    -0.867365     0.492674
   -0.137964    -0.480689     -0.86597
    0.987935    -0.128904   -0.0858423
    0.800517    -0.318731    -0.502167
   -0.694447     0.308855     0.649886
   -0.311875     0.684744     -0.65868
   -0.648442    -0.660102    -0.379195
    0.730552    -0.411501    -0.515964
    0.482135     -0.79316     0.372079
    0.634875    0.0236476    -0.772253
    0.603722     0.608554     0.514958
    0.797741    -0.365648    -0.597956
    -0.39601    -0.618766     0.678458
   -0.862167  -0.00369683     -0.50661
    0.315981    -0.785567    -0.532015
    0.833505    -0.260928    -0.492658
  -0.0655356     0.397422     0.915293
   -0.830436     0.486844    -0.270849
   -0.553246    -0.777842     0.298128
    0.854253    -0.283468     -0.66771
   -0.550423    -0.809235    -0.205359
   -0.833617     0.519146     0.188601
   -0.046011     0.275001    -0.960342
    0.821966    -0.314173    -0.733709
    -0.26311     0.857413     0.442285
   -0.835868    0.0263335    -0.548298
   -0.481765    -0.513955     0.709755
    0.980385    -0.225223    -0.864115
   -0.270296    -0.952714    -0.138838
    0.178761    0.0920363    -0.979578
    0.946036    -0.289595     0.145431
     1.04309    -0.232077    -0.946828
   -0.842465   -0.0234309     0.538242
  -0.0370092     0.999211   -0.0144294
   -0.537479   -0.0320761    -0.842667
     1.11695    -0.232344    -0.914553
    0.878249     0.421198      0.22643
    0.146289     0.214161    -0.965782
   -0.455278     0.881321      0.12647
     1.14002    -0.231373    -0.937909
   -0.192091    0.0405572     0.980539
   -0.881864     0.431264    -0.190598
   -0.430601    -0.901314    -0.047076
     1.29132    -0.289143    -0.988622
    0.103654    -0.831227    -0.546184
   -0.916276     0.133812    -0.377536
    0.386904     0.539588    -0.747763
     1.26591   -0.0879679    -0.995752
   -0.365211     0.915264     0.170035
    0.810058     0.402451    -0.426425
   -0.458723   -0.0179968    -0.888397
     1.34335    -0.067972    -0.925897
  -0.0292219    -0.342962     0.938895
   -0.997125    0.0756948  -0.00338432
  -0.0699088    -0.936295    -0.344188
     1.50374     -0.01503    -0.851175
   0.0358569     0.996115   -0.0804355
    0.601062   -0.0857984    -0.794584
   -0.798398   -0.0198554    -0.601803
     1.67619  -0.00559806    -0.950436
    0.154993     0.970556     0.184385
    0.888804   -0.0555132    -0.454913
   -0.431283      0.23439    -0.871238
     1.62692    0.0278602    -0.911972
   -0.201388    -0.920268    -0.335485
   -0.953645     0.262402    -0.147331
    0.223616     0.290263    -0.930453
     1.58541    0.0407415    -0.995783
    0.258015     0.878018    -0.403129
    0.867194    -0.394411    -0.303999
   -0.425915    -0.271154    -0.863175
     1.62491     0.222808    -0.990132
    0.951411    0.0143612     0.307588
  -0.0721562    -0.960701     0.268043
     0.29935    -0.277214    -0.912985
      1.5952     0.319907    -0.891528
    -0.24555     0.885757     0.393879
   -0.689194      0.12622    -0.713498
   -0.681701    -0.446658     0.579465
     1.65785     0.332313    -0.819614
    0.703378    -0.697952    -0.134617
  -0.0426929     0.147561    -0.988131
    0.709532     0.700777    0.0739936
     1.75333     0.546021    -0.816663
   -0.947003     0.277285      0.16217
    0.310429     0.919774     0.240102
  -0.0825829      0.27772    -0.957106
     1.79244     0.547739    -0.705969
    -0.26526      0.59256     0.760599
   -0.658858     0.464548    -0.591693
   -0.703948    -0.658079     0.267187
     1.91901     0.592295    -0.835271
    -0.28375    -0.684299     0.671729
    0.263466    -0.729198    -0.631551
    0.921993  -0.00222521     0.387199
     1.78287     0.665878    -0.819232
     0.84041     0.357908    -0.406955
   -0.526916     0.363969    -0.768041
   -0.126769       0.8599     0.494471
     1.66343      0.76039    -0.808052
    -0.90222    -0.124289     0.412978
    -0.43126     0.251956    -0.866333
  0.00362328    -0.959724     -0.28092
     1.70198     0.888911    -0.861711
    0.465154     0.155262     0.871508
    0.741279    -0.606456    -0.287604
    0.483878      0.77981    -0.397188
      1.7158     0.905173    -0.954316
   -0.673134     0.320728    -0.666352
    0.685828   -0.0663289    -0.724734
   -0.276641    -0.944846    -0.175316
     1.84977      1.10831    -0.819444
   -0.668468     0.270602     0.692766
   0.0652679     0.949212    -0.307793
   -0.740871    -0.160535     -0.65218
     1.83755      1.22134    -0.750438
   -0.703828     0.044833     0.708954
   -0.199191     0.945513    -0.257544
   -0.681871    -0.322484    -0.656548
     1.76504      1.27987    -0.670165
    0.264682    -0.416045     0.869971
    0.876111     0.480714   -0.0366586
   -0.402955     0.771894     0.491738
       1.686      1.30836    -0.791354
    0.252199     0.678808    -0.689649
    0.249935    -0.734198    -0.631257
   -0.934841   -0.0131652    -0.354822
     1.66082      1.42451    -0.702736
   -0.465254     0.305597     0.830752
    0.263487     0.943785    -0.199613
   -0.845052     0.126022    -0.519621
     1.56481      1.38708     -0.65374
   -0.616001     0.501803     0.607237
   -0.656195    0.0996185    -0.747987
   -0.435834    -0.859226     0.267915
     1.53878      1.47393    -0.674062
   -0.419967    -0.709487    -0.565911
   -0.894434     0.429164     0.125721
    0.153672     0.558969    -0.814824
     1.57113        1.478      -0.5877
    0.312792     0.359524      0.87915
    0.948109    -0.173743    -0.266275
   0.0570141     0.916818    -0.395213
     1.62271      1.49662    -0.622693
    0.347262     -0.66202     0.664183
    -0.32824    -0.749264    -0.575206
    0.878446   -0.0182641    -0.477492
     1.46492      1.61488    -0.577214
  -0.0508543    -0.826179    -0.561108
   -0.992676     0.103461   -0.0623691
    0.109581     0.553827    -0.825389
     1.53028       1.7971    -0.665666
   -0.153038     0.937713    -0.311886
     0.95882    0.0644856    -0.276597
   -0.239256    -0.341372    -0.908967
     1.57458      1.81531     -0.48606
    0.606815    -0.793326   -0.0490951
   -0.176439    -0.074217     -0.98151
    0.775013     0.604257    -0.185009
     1.49449      1.70405    -0.427292
   -0.420249     0.870977    -0.254538
   -0.307877    -0.400733    -0.862916
   -0.853582    -0.284273     0.436561
     1.48036       1.6857    -0.398686
   -0.265551     0.157376     0.951165
    0.250028     0.964074   -0.0897076
   -0.931111     0.213996    -0.295359
     1.47326      1.77758     -0.31369
    0.475156     0.835316     0.276538
    0.752171     -0.54868     0.364951
    0.456581    0.0345949    -0.889009
     1.40202      1.80817     -0.21572
   -0.946101    -0.323718   0.00993464
   -0.322477     0.938744    -0.121528
   0.0300147    -0.118181    -0.992538
     1.40499      1.77174    -0.166076
    0.981049   -0.0357967    -0.190426
   -0.151372    -0.755092    -0.637905
   -0.120955     0.654641      -0.7462
     1.33541      1.89308    -0.182201
   0.0943482     0.789323    -0.606685
  0.00395915    -0.609696    -0.792625
   -0.995531    0.0723808   -0.0606488
      1.3747      1.86652    -0.159677
    0.887349    -0.460032   -0.0313439
   -0.459304    -0.887843    0.0278428
   -0.040637   -0.0103099    -0.999121
     1.26496      1.83066    -0.173979
   0.0150927     0.556922     0.830428
  -0.0852022     0.828218    -0.553891
   -0.996249   -0.0623946     0.059951
      1.1945      1.97515    -0.255774
    0.556339    -0.448036    -0.699822
    -0.62715     0.326108    -0.707345
    0.545133     0.832417   -0.0995592
     1.16616      2.10127    -0.121467
   -0.992929     0.113062   -0.0361839
    0.115437     0.990691    -0.072152
   0.0276894   -0.0758187    -0.996737
     1.07331      2.23137   -0.0370734
    0.819148    -0.570049    0.0635666
   -0.336136    -0.566887    -0.752099
    0.464768     0.594713    -0.655978
    0.951939      2.17716   -0.0478922
    0.910528    0.0243044    -0.412732
   -0.328218     0.649544    -0.685832
    0.251419     0.759936     0.599405
    0.967463      2.12005   -0.0213456
    0.343161     -0.66622    -0.662112
   -0.899557   -0.0302846    -0.435752
    0.270255      0.74514    -0.609695
    0.759514      2.05628   -0.0763045
    0.442069    -0.843902      0.30398
   -0.353816    -0.475471    -0.805445
    0.824251      0.24851    -0.508777
    0.745989      2.02443   -0.0842269
   -0.195063     0.980296   -0.0311476
    0.640448     0.103258    -0.761029
   -0.742817    -0.168397     -0.64797
     0.70491      2.14373    -0.120824
    0.187645     0.163826     0.968478
    0.948729      0.22511    -0.221898
   -0.254367     0.960462    -0.113186
    0.583846       2.0708   -0.0425653
    0.313214    -0.927307    -0.204936
   -0.632873   -0.0429157    -0.773065
    0.708074     0.371833     -0.60031
    0.442721      1.92349    0.0043487
    0.674688    -0.737181   -0.0368761
   -0.417439    -0.339895    -0.842743
    0.608721     0.583982    -0.537051
    0.377403      1.88914    0.0552143
   0.0906046    -0.476079     0.874723
   -0.610105    -0.720748    -0.329081
    0.787123    -0.503857    -0.355761
     0.43718      1.92683    0.0259152
  -0.0371684    -0.998788   -0.0322552
    0.263887    0.0213219    -0.964318
    0.963837   -0.0443539     0.262775
    0.305595      1.93317   0.00194091
   -0.903201      0.42773    0.0357011
  -0.0986679    -0.125958    -0.987117
   -0.417722    -0.895088     0.155968
    0.268718       1.8408   -0.0234744
   0.0280262      0.56558     0.824217
   -0.949195     0.273602    -0.155471
   -0.313438    -0.777985     0.544514
    0.228472      1.75921   -0.0289414
   -0.400365    -0.612486     0.681593
    0.175215    -0.781252     -0.59912
    0.899449    -0.120442     0.420102
    0.232731      1.70087    -0.120598
    0.599763    -0.320523     0.733178
   -0.762397    -0.507122     0.401967
    0.242971    -0.800058    -0.548519
   0.0212124      1.68138   -0.0964448
   -0.826174    -0.553848    -0.103388
   -0.359945     0.660022    -0.659402
    0.433447    -0.507567    -0.744648
  -0.0573414      1.63239    -0.087285
   -0.807776     0.434956    -0.397884
    0.580397     0.704921    -0.407708
    0.103141    -0.560267    -0.821865
   0.0290808       1.6014    -0.112251
  -0.0636749    -0.945566      0.31914
   -0.977482  -0.00537385    -0.210949
    0.201182    -0.325386    -0.923932
  -0.0807539      1.64609    -0.172324
    0.251209     0.524479      0.81352
     0.82844      0.31816    -0.460935
   -0.500581     0.789744    -0.354575
   -0.159872      1.54016    -0.292547
   -0.140142    -0.159563      0.97719
   -0.652085     0.757545    0.0301799
   -0.745081    -0.632981    -0.210212
   -0.171381      1.53165    -0.352729
   -0.729869    -0.486359    -0.480361
   -0.285178     0.855272    -0.432647
    0.621261    -0.178787    -0.762936
   -0.178719      1.36794    -0.223031
   -0.843408    -0.527138     0.103869
   -0.489865     0.675074     -0.55164
    0.220672    -0.516139    -0.827589
   -0.226844      1.28492    -0.240133
    0.611443    -0.733979     0.295656
   -0.734964    -0.665234    -0.131503
    0.293201     -0.13689      -0.9462
    -0.19601      1.31392    -0.104716
  -0.0543084    -0.966382     -0.25131
    0.238454     0.231848    -0.943073
    0.969634    -0.111143     0.217847
  -0.0759072      1.30351     -0.29296
    0.474912    -0.502479     0.722477
   -0.839942     -0.50378     0.201751
    0.262594    -0.702653    -0.661304
    -0.11958      1.12238    -0.357348
     0.98418    0.0163066     0.176418
   0.0954987    -0.887542    -0.450721
    0.149228     0.460438    -0.875059
  -0.0598556     0.942153    -0.365362
    0.197015      0.95029    -0.241108
   -0.302201     -0.17509    -0.937026
   -0.932663     0.257471     0.252683
   -0.187196     0.981794    -0.274873
    0.981868     0.141123     0.126565
   0.0356667     0.518209     -0.85451
   -0.186178      0.84353      0.50378
   -0.198151     0.949682    -0.437217
    0.339685    -0.895892    -0.286342
    0.137082     0.348351    -0.927286
    0.930496     0.275733     0.241141
  -0.0744828     0.846263    -0.417718
     0.55331      0.54849     0.626903
   -0.389827      0.83561    -0.387027
   -0.736127   -0.0302378     0.676167
   -0.137294      0.87079    -0.388746
   -0.380223     0.817588     0.432411
   -0.426962     0.259569    -0.866214
   -0.820447    -0.513978     0.250385
   -0.136958     0.712869    -0.463101
     0.20495    -0.115204     0.971969
    0.127863      0.98769    0.0901057
   -0.970385     0.105812     0.217157
   -0.174373     0.485596    -0.468561
     0.15544     0.177831     0.971707
    0.866969    -0.496055   -0.0479034
    0.473501     0.849886    -0.231281
   -0.131062      0.55876    -0.556038
    0.547393    -0.710364     0.442429
    0.692958    0.0883234    -0.715547
    0.469222     0.698271       0.5406
   -0.125716     0.520529    -0.557089
    0.196924     0.101039     0.975199
     0.17329     0.975428    -0.136055
   -0.964983     0.195785     0.174576
  -0.0871969     0.384971      -0.6158
    -0.44763    -0.115851     0.886682
  -0.0384349    -0.988163    -0.148513
    0.893392    -0.100558     0.437879
   -0.161016     0.322086    -0.744651
    0.699271    -0.394529    -0.596127
   -0.580109     0.174113    -0.795712
    0.417725     0.902237    -0.107117
   -0.197507     0.320843    -0.508359
   -0.643392     0.554401    -0.527907
    0.765201     0.445327    -0.464921
  -0.0226613    -0.703082    -0.710748
   -0.171771     0.222583    -0.648141
    0.691784     0.674484    -0.257887
    0.153778    -0.486546    -0.860014
    -0.70554     0.555287    -0.440306
   -0.161637     0.304067    -0.554603
   -0.279904     0.465435     0.839657
   -0.951147   -0.0157569    -0.308336
    -0.13028    -0.884942     0.447107
   -0.163815     0.222824    -0.619945
   -0.133073     0.854448    -0.502205
    0.598903     -0.33441    -0.727658
   -0.789688    -0.397604     -0.46723
  -0.0889171      0.13477    -0.653717
   -0.575394    -0.155729     0.802914
    -0.70159    -0.410569    -0.582413
     0.42035    -0.898433     0.126981
   -0.198994     0.138597    -0.689285
   -0.553215    -0.668133     0.497545
   0.0572245    -0.626334    -0.777451
     0.83107    -0.401626     0.384731
   -0.164802     0.135993     -0.68779
    0.721822    -0.648104     0.242763
   -0.681144    -0.603171     0.415003
   -0.122537    -0.464915    -0.876835
   -0.061793    0.0638044    -0.725856
    0.228224     0.603768     0.763792
    0.911386    -0.408438    0.0505396
    0.342476     0.684575    -0.643481
  -0.0861036    0.0599318    -0.911443
    0.268192    -0.744696     0.611147
   -0.619595    -0.619109      -0.4825
    0.737683    -0.249261     -0.62745
    0.062103    0.0142901    -0.902091
    0.552577      0.63387     0.541173
    0.421307     0.347811    -0.837572
   -0.719138     0.690823   -0.0748614
    0.148296    -0.023909     -1.03996
   -0.410374    -0.291516     0.864067
    0.390749     0.799922     0.455455
   -0.823959      0.52454    -0.214358
    0.251258     0.015412     -1.03868
   0.0394248     0.998145    0.0464004
   -0.289604    0.0558575    -0.955515
   -0.956334    0.0242333     0.291269
    0.358532   -0.0847783     -1.03712
   -0.925983    -0.225629     0.302732
   -0.178731    -0.444328    -0.877854
    0.332582    -0.866986     0.371113
    0.416803    0.0533652    -0.959464
    0.964896     0.244004     0.097145
    0.201934    -0.452775    -0.868457
   -0.167922     0.857588    -0.486153
    0.470824   -0.0280279     -1.05956
    0.155045     0.804843    -0.572877
    0.523784    -0.558645    -0.643091
   -0.837622    -0.200356     -0.50818
    0.584371    -0.136518     -1.18473
   0.0458916    -0.461278     0.886068
   -0.772203    -0.579082    -0.261469
    0.633716    -0.672226    -0.382775
     0.49504    -0.129328     -1.14689
   -0.529695     0.221006     0.818889
    -0.74727    -0.578336    -0.327284
    0.401262    -0.785292     0.471493
    0.510254    -0.117626     -1.40281
    0.301364    -0.946095     0.118672
   -0.952912    -0.303237   0.00238616
   0.0337283    -0.113804    -0.992931
    0.516533   -0.0437645      -1.2029
    0.979882   -0.0870483    -0.179594
   -0.127699     0.418094    -0.899383
    0.153377     0.904223     0.398567
    0.624427    0.0709063      -1.2392
    0.822149     0.493811     0.283235
    0.405363    -0.857151     0.317764
     0.39969    -0.146436    -0.904878
    0.765407    0.0260306     -1.50115
    0.137893     0.145129     0.979757
    0.819164     0.539328     -0.19518
   -0.556736     0.829496   -0.0445145
    0.863299    0.0570877      -1.5693
    -0.65638    -0.713073    -0.246357
   -0.273802     0.529441    -0.802947
    0.702992    -0.459586    -0.542756
     0.86827  -0.00630091     -1.51041
    0.868383     -0.20282    -0.452522
   -0.419206    -0.787725    -0.451392
   -0.264911     0.581681     -0.76907
     0.85124     0.103414     -1.51946
     0.97924    -0.198532    0.0409187
  0.00345375    -0.185493     -0.98264
    0.202676     0.962381    -0.180956
    0.831769    0.0695125     -1.50777
    0.903622    -0.186241    -0.385721
   -0.180124    -0.982253    0.0522961
   -0.388615    0.0222215    -0.921132
    0.982652     0.146902     -1.40214
   0.0661413     0.974949    -0.212366
    0.888612    -0.154362    -0.431903
   -0.453865    -0.160144    -0.876562
     1.00885    0.0762825     -1.38418
   -0.871643     -0.43362     0.228499
    -0.32683     0.861614     0.388334
   -0.365267     0.263808     -0.89274
     1.26286      0.19359     -1.44885
  -0.0102423    -0.392997     0.919483
   -0.374958    -0.850927    -0.367872
    0.926985    -0.348535    -0.138642
     1.36022     0.299732      -1.4544
   -0.218771    -0.973575   -0.0655075
   -0.968186     0.224937    -0.109635
    0.121473    0.0394383    -0.991811
     1.42604     0.253063     -1.40866
    0.976262    0.0269351    -0.214914
   -0.157656     -0.59201     -0.79036
    -0.14852      0.80548     -0.57371
     1.35237     0.303378     -1.36457
    0.536075     0.804286    -0.256411
    0.828665    -0.559315   -0.0219265
    -0.16105    -0.200725    -0.966319
     1.41011      0.42245     -1.40094
     0.89239     0.422283    -0.159115
    0.312376    -0.832522    -0.457523
   -0.325671     0.358585    -0.874846
     1.36451     0.423968     -1.38276
    0.779272 -0.000165285     0.626685
   -0.474493      -0.6534     0.589852
    0.409379    -0.757013    -0.509255
     1.41108     0.567231     -1.41131
 -0.00805069      0.77547    -0.631333
    0.990455    0.0930622     0.101679
    0.137602    -0.624488    -0.768817
     1.43691     0.532526     -1.40608
   -0.582333    -0.419634     0.696272
   0.0783116    -0.881449    -0.465741
    0.809169     -0.21669     0.546159
     1.55918     0.664158     -1.29711
   0.0619845    -0.866281     0.495696
   -0.986024    -0.130102     -0.10407
    0.154645    -0.482317    -0.862238
     1.53583     0.693801     -1.26691
   -0.895669     -0.44453    0.0130918
    0.170699    -0.370822    -0.912882
    0.410658    -0.815405     0.408014
     1.58878     0.794829     -1.32984
   -0.317938      0.84324    -0.433431
   0.0877389    -0.429022    -0.899023
   -0.944043    -0.323863    0.0624177
     1.54874      0.89274     -1.31754
   -0.841705    -0.124444      -0.5254
   -0.297933     0.918574     0.259726
    0.450298     0.375146    -0.810245
     1.54368      1.01848     -1.31445
    0.945056    -0.240623    -0.221291
   -0.261818    -0.151761    -0.953111
    0.195757     0.958681    -0.206422
     1.43543      1.08622     -1.31246
   -0.163301      0.28156     0.945546
     0.98609    0.0164964     0.165391
   0.0309693     0.959402    -0.280337
     1.53955      1.13517     -1.32902
     -0.1798     0.980236    0.0825176
    0.761532     0.191801    -0.619097
   -0.622688   -0.0484742    -0.780967
     1.70564      1.30382      -1.3569
    0.706506     0.417216     0.571646
    0.408117     0.419716    -0.810728
   -0.578178     0.806083     0.126259
     1.53362      1.38132     -1.20313
   -0.109973   -0.0894555     0.989901
    0.538854    -0.842243   -0.0162477
     0.83519     0.531625     0.140828
     1.62765      1.39632     -1.12714
   -0.946019     0.298646     0.125935
  -0.0750603     0.176118    -0.981503
   -0.315301    -0.937973    -0.144194
     1.60655      1.52281     -1.11195
  -0.0166118    -0.605659     0.795551
    0.995237    0.0664288    0.0713542
  -0.0960638     0.792946     0.601671
     1.45924      1.65536     -1.16055
      0.3839    -0.158374     0.909691
    0.725101    -0.558269    -0.403194
    0.571708     0.814404   -0.0994822
     1.30318      1.73714     -1.13647
   -0.770642     0.260166     0.581742
   -0.386054     -0.91689    -0.101361
    0.507023    -0.302697     0.807033
     1.38372      1.65372     -1.12003
   -0.382174     0.784441    -0.488463
    0.759535   -0.0344307    -0.649555
   -0.526355    -0.619248    -0.582651
     1.43842      1.79181     -1.08421
    0.379179   -0.0201049     0.925105
    0.439268    -0.876019    -0.199084
    0.814412     0.481858    -0.323336
     1.27145      1.86639    -0.917272
    -0.77736    0.0477985     0.627238
   -0.265972     0.878624    -0.396585
   -0.570062    -0.475117    -0.670293
     1.42871      1.99593     -1.03411
    0.412799     0.242777    -0.877871
   -0.279572    -0.883523    -0.375802
   -0.866855     0.400558    -0.296844
     1.38527       2.0123     -1.01968
   0.0405018     0.916046     0.399023
    0.697443    -0.311887     0.645213
    0.715495     0.252164    -0.651522
      1.4155      1.84363    -0.975688
    0.910383   -0.0670793    -0.408293
    -0.34905     0.405375    -0.844888
    0.222186     0.911686     0.345633
     1.35222       1.8507    -0.997825
    0.659306  -0.00423483    -0.751863
    -0.71416     0.309206    -0.627986
     0.23514     0.950986     0.200837
     1.31864      1.90157    -0.861428
    0.773241     0.609265    -0.175769
   -0.202003    -0.026076    -0.979038
   -0.601076     0.792538      0.10291
     1.25728      2.04864    -0.815265
   -0.754595    -0.600218    -0.265189
   -0.393521      0.73733    -0.549077
    0.525097    -0.309974    -0.792584
     1.19184      2.11516    -0.809259
   -0.863299    -0.126332    -0.488626
    0.238936     0.750484    -0.616184
     0.44455    -0.648701    -0.617707
     1.25114      2.16393    -0.651892
    0.794639     0.150817      0.58805
    0.174304     0.871185    -0.458972
   -0.581521     0.467216     0.665989
     1.15539      2.11965    -0.624373
   -0.169741      0.73549    -0.655928
    0.516747    -0.500321    -0.694732
   -0.839143    -0.456873    -0.295137
     1.14888      2.19913    -0.686059
   -0.443037     0.724961     0.527399
    0.888152     0.435037     0.148084
   -0.122083     0.534017    -0.836613
     1.12424      2.25964    -0.663827
    0.943454     0.196088    -0.267289
   -0.177124    -0.383377    -0.906449
   -0.280216     0.902536    -0.326966
      1.0592      2.18873    -0.677142
     0.76732     0.326988     0.551633
   -0.227256     0.943057    -0.242897
   -0.599645     0.061018     0.797936
     1.02474      2.21568    -0.531052
    0.265259     0.962703    0.0532959
    0.111984    0.0241408    -0.993417
   -0.957652     0.269481    -0.101404
    0.972411      2.27709     -0.51379
    -0.59051     0.565288     0.575975
   -0.484741     0.322168    -0.813163
   -0.645232     -0.75938    0.0837747
    0.986521      2.35189    -0.644333
    0.118243    -0.989849    0.0788509
   -0.978711    -0.129591    -0.159159
    0.167762   -0.0583529    -0.984099
    0.828796      2.31765    -0.579284
    0.425311     0.352688      -0.8335
   -0.112362    -0.893244    -0.435304
   -0.898045     0.278793    -0.340278
    0.647398      2.29258     -0.52307
   -0.115606    -0.663093     0.739556
   -0.969085     0.238677    0.0625135
   -0.217967    -0.709466    -0.670186
     0.61373      2.31456    -0.533612
   -0.369663     0.679899     0.633315
    0.735618     0.630544    -0.247548
    -0.56764     0.374369    -0.733234
    0.578241      2.28904    -0.580428
    0.631195    -0.157094     0.759549
    0.402176     0.903632    -0.147319
    -0.66321      0.39846     0.633548
    0.437115      2.24618    -0.474953
    0.962528    -0.215245     0.164955
    0.270278      0.81112    -0.518685
  -0.0221538     0.543832     0.838901
     0.30779      2.28821    -0.521601
    0.956048   0.00914479     0.293067
   -0.199174     -0.71326     0.672004
    0.215178    -0.700839     -0.68009
    0.347683      2.19738    -0.579551
    0.700162    -0.431878     0.568554
    0.713579     0.396466    -0.577598
   0.0240395     0.810121      0.58577
    0.219066      2.21137    -0.628138
    0.196175     0.556801    -0.807148
   -0.427603    -0.692177    -0.581418
   -0.882423     0.459198     0.102302
    0.195157      2.12683    -0.636836
   -0.849789    -0.468391    -0.241803
    0.291491   -0.0353584     -0.95592
    0.439194    -0.882814     0.166579
     0.12074      2.10464    -0.564033
    -0.10152     0.838183    -0.535857
    0.481903    -0.429793    -0.763576
   -0.870324    -0.335749     -0.36029
   0.0254901      2.12612    -0.457718
    0.374614    -0.231707     0.897762
    0.909521     0.279915    -0.307277
   -0.180098     0.931644     0.315602
   0.0037546       1.9603    -0.601893
    0.643435    -0.644952    -0.412345
   -0.763172    -0.582444    -0.279871
  -0.0596641     0.494769    -0.866974
  -0.0834807      2.04326    -0.560684
     0.75744     -0.64768   -0.0824376
   -0.391015    -0.348874    -0.851701
    0.522869     0.677346    -0.517504
    -0.20691      1.97427    -0.583194
     0.79456    -0.280232      0.53865
    0.435489       0.8812    -0.183944
   -0.423111     0.380731     0.822205
   -0.209044      1.86882    -0.705513
   -0.316961     0.368002     0.874134
    0.917489     0.352495     0.184284
   -0.240311      0.86042    -0.449365
   -0.263027      1.89587      -0.7328
    0.448897    0.0993658     0.888041
       0.665     0.626672    -0.406272
    -0.59688     0.772922     0.215233
   -0.285808      1.97485    -0.766478
    0.152161     0.288262     0.945385
    0.984134    0.0441234    -0.171852
  -0.0912518     0.956535    -0.276974
   -0.349015       1.7726    -0.810196
   -0.695503    -0.490508      0.52505
   -0.510661     0.851502     0.119041
   -0.505472    -0.185329    -0.842705
   -0.413878      1.63918     -0.65216
 0.000212191     0.685719     0.727866
    0.994899   -0.0735681    0.0690182
    0.100875     0.724139    -0.682237
   -0.355261      1.52273    -0.780588
    0.188897     0.429454     0.883112
   -0.354455     0.868493    -0.346528
   -0.915794    -0.247565     0.316278
   -0.326811      1.55298    -0.890065
   -0.967598    0.0689295     0.242907
   -0.171196     0.528038    -0.831786
   -0.185599    -0.846418    -0.499128
   -0.404324       1.5945    -0.890428
    0.677587    -0.646646     0.350322
   -0.106024    -0.557255    -0.823545
     0.72776     0.520881    -0.446148
   -0.364954      1.46212    -0.989702
   -0.360037     0.769337     0.527725
    0.685147     0.601967    -0.410134
   -0.633204     0.213906    -0.743839
    -0.39454       1.2991     -1.10477
   -0.768993     0.626073    -0.129158
    0.636045     0.769578   -0.0565377
   0.0640001    -0.125627    -0.990011
   -0.386059      1.32472     -1.06652
   -0.998625   -0.0523124  -0.00350092
  -0.0229956     0.497028     -0.86743
   0.0471174    -0.866156    -0.497547
   -0.338198      1.26438     -1.10818
   -0.574789      0.81043    -0.113226
    0.701057     0.416332    -0.578953
   -0.422061    -0.412154    -0.807461
   -0.423708      1.09033     -1.04939
    0.237822     0.939632     0.246033
    0.717891  0.000582193    -0.696155
   -0.654273     0.342186    -0.674415
   -0.371325      1.13648    -0.951225
     0.17124     -0.10367      0.97976
   -0.881825    -0.459628     0.105489
    0.439388     -0.88204    -0.170126
   -0.373793      1.03741     -1.06646
     0.71486    -0.248755    -0.653526
   -0.353628    -0.934873   -0.0309698
   -0.603261     0.253244     -0.75627
   -0.415495     0.968614     -1.10695
   -0.153484    -0.967278     0.202027
   -0.928301    0.0710701    -0.364974
    0.338674     -0.24356    -0.908834
   -0.381472     0.927115      -1.1003
   -0.638633     0.729754    -0.244146
    0.759901     0.548087    -0.349501
   -0.121236     -0.40873    -0.904567
   -0.464846     0.908291     -1.18021
    0.275695     0.276353     0.920663
    0.386428     0.845117    -0.369393
   -0.880151      0.45761     0.126204
   -0.410499     0.747541     -1.28347
   -0.870768    -0.154696     0.466726
   -0.317178     0.902043    -0.292775
   -0.375715    -0.402974    -0.834536
   -0.438107     0.727249     -1.25984
    0.909616    -0.343615     0.233512
   -0.363651    -0.930319    0.0475847
     0.20089    -0.128201    -0.971189
   -0.373747     0.710889     -1.26966
  -0.0716369    -0.636754    -0.767732
   -0.134527     0.768845    -0.625124
    0.988317     0.058499    -0.140738
   -0.477709     0.617973     -1.22125
    0.892845    -0.423249    -0.153913
   -0.281284    -0.257171    -0.924523
    0.351721     0.868748    -0.348667
   -0.510718      0.64969     -1.23381
   -0.776932     0.521296     0.353026
   -0.538936    -0.260811    -0.800953
    -0.32546    -0.812544     0.483578
   -0.435196     0.590623     -1.18814
    0.753327     0.256202    -0.605689
   -0.262361    -0.727452    -0.634019
   -0.603047     0.636532    -0.480792
   -0.370387     0.577229     -1.24484
    -0.71368     0.697883    0.0601721
    0.674814     0.708033    -0.208121
   -0.187848    -0.107927    -0.976251
   -0.344797     0.571856     -1.27764
    0.746462     -0.22525     0.626145
    0.592694     0.652824    -0.471736
   -0.302503     0.723245     0.620813
   -0.280239     0.528017     -1.39575
    0.889373     0.178451     0.420917
    0.108562      0.81191    -0.573599
   -0.444106     0.555839     0.702718
   -0.212308     0.414771      -1.4928
     0.10073     0.158205     0.982255
    0.561348    -0.824158    0.0751754
    0.821427     0.543814    -0.171826
   -0.175437     0.376588     -1.57032
    0.912319    -0.118098    -0.392081
   -0.372189    -0.638391    -0.673745
   -0.170733     0.760598    -0.626371
  -0.0722781     0.347727      -1.6219
    0.756634    -0.636418     0.149922
   -0.139032    -0.380656    -0.914205
    0.638885     0.670875      -0.3765
  -0.0202146     0.402227     -1.66979
    0.883092    -0.465923    0.0553504
   -0.447294     -0.87161    -0.200559
    0.141689     0.152354    -0.978117
    0.136072     0.354975     -1.64858
   -0.217241    -0.774356    -0.594289
   -0.702266     0.546848    -0.455829
     0.67796     0.318324    -0.662601
    0.236845     0.343345     -1.79147
   -0.145337    -0.833707     0.532738
    -0.98497    0.0711264    -0.157403
   0.0933361    -0.547607    -0.831514
    0.268645     0.409179     -1.63895
     0.16166     -0.83881    -0.519869
    0.197546     0.543642    -0.815738
    0.966872     0.029174     0.253589
    0.326865     0.272697     -1.76886
   -0.178897    -0.981538    0.0676704
   0.0521636   -0.0781457    -0.995576
    0.982484    -0.174576    0.0651806
    0.423364     0.261061     -1.74807
   -0.827053    -0.292887     0.479793
   -0.122948      0.92712     0.354022
   -0.548514     0.233805    -0.802787
    0.418683     0.267073     -1.83879
    0.552502    -0.278526    -0.785599
   -0.821657   -0.0236035    -0.569493
    0.140075     0.960139    -0.241894
    0.517917     0.220304     -1.80887
   -0.996308  -0.00123449   -0.0858435
   0.0814385    -0.330071    -0.940437
  -0.0271734    -0.943955     0.328952
    0.512279     0.267564     -1.86244
   -0.169648     0.260354     0.950492
    0.985199    0.0207783     0.170151
   0.0245499     0.965289    -0.260026
    0.549969      0.32475     -1.92608
   -0.519134    -0.845475     -0.12519
   -0.852024     0.500364      0.15392
  -0.0674953      0.18657     -0.98012
    0.619467     0.382565     -2.00118
   0.0195458     0.375781     0.926503
    0.633875    -0.721292     0.279177
    0.773188      0.58183    -0.252296
    0.624753     0.350416     -2.02217
    0.835794    -0.413023    -0.361745
  -0.0947138     0.540526    -0.835979
    0.540811     0.732969      0.41265
    0.723595     0.208128     -2.04554
    0.227351     0.932603    -0.280292
    0.164657      -0.3205    -0.932828
   -0.959791     0.165927    -0.226425
    0.811895     0.373933     -2.09811
    0.738523     0.504504     0.447281
    0.672653    -0.506001    -0.539909
  -0.0460617       0.6996    -0.713049
    0.818576     0.389033       -2.004
   0.0855439    -0.886589      0.45458
   -0.969875    0.0303492     0.241705
   -0.228089    -0.461562    -0.857284
     0.89062     0.558312     -1.92746
     0.64879     0.583575     0.488377
    0.309477     -0.78866     0.531262
    0.695194    -0.193536    -0.692278
    0.944924     0.458207     -1.93686
    0.291156    -0.902882     0.316279
   -0.703811     -0.42608    -0.568424
     0.64798   -0.0571005    -0.759514
     1.03464     0.599204     -1.90071
   -0.620166    -0.510293     0.595815
  -0.0493246    -0.732644    -0.678823
    0.782918    -0.450371     0.429191
     1.15481     0.561611     -1.94131
     0.74115     0.317944    -0.591276
    0.221554    -0.947236    -0.231641
   -0.633727     0.040681    -0.772486
      1.1734     0.538898     -1.85979
   0.0848703     -0.95356    -0.288999
    -0.96746    -0.148251     0.205042
   -0.238364     0.262193    -0.935113
     1.15918     0.601529     -1.97235
   -0.888448   0.00791102      0.45891
   -0.416559    -0.433715     -0.79898
    0.192715    -0.901015     0.388628
     1.26031     0.637086     -1.91157
    0.111465     0.989243   -0.0947316
    0.364768    -0.129399    -0.922063
   -0.924402    0.0682225    -0.375268
     1.34991     0.681857     -1.97493
   -0.752923    -0.401365     0.521549
   -0.159963    -0.657116    -0.736621
    0.638372    -0.638047     0.430554
     1.35596     0.807091     -1.93533
   -0.521716    -0.558792     0.644642
    0.297998    -0.827397    -0.476037
    0.799381   -0.0562544     0.598185
     1.38014     0.827748     -1.87478
     0.65824    -0.381222     0.649146
    0.578343     0.808085    -0.111883
   -0.481913     0.449075     0.752391
     1.35373     0.965801     -1.82159
  -0.0489334     0.399912     0.915246
    0.394719     0.849495    -0.350079
   -0.917498     0.344135    -0.199422
     1.38992     0.947029     -1.85699
    0.525571    -0.795888     0.300562
    -0.70227     -0.60528    -0.374771
      0.4802   -0.0141065    -0.877046
     1.34528      1.07711     -1.81862
   -0.844985     0.510368    -0.159767
    0.469338     0.850914      0.23594
    0.256364     0.124381    -0.958544
     1.44549      1.10986      -1.8128
    0.327876    -0.944366   -0.0259048
    -0.90061    -0.304168    -0.310458
    0.285307     0.125122    -0.950234
     1.39843      1.18357     -1.78217
    0.999777    0.0169844    0.0125792
   0.0075608     0.268379    -0.963284
  -0.0197368     0.963164     0.268191
     1.33367      1.28979     -1.82946
  -0.0511027     0.777258     0.627104
    0.883202     0.328294    -0.334928
     -0.4662     0.536744    -0.703252
     1.44658      1.39152     -1.81479
  -0.0850438    -0.173459     0.981162
    0.493417    -0.862838    -0.109773
    0.865625     0.474787     0.158967
     1.45302      1.59676     -1.77569
    0.957776     0.285483    0.0341426
   -0.125816     0.522929     -0.84304
   -0.258527     0.803147     0.536766
      1.4925      1.54353     -1.62111
   -0.842766   -0.0244219     0.537726
   -0.534915     0.149538    -0.831567
  -0.0601023    -0.988454    -0.139089
     1.50749      1.62106     -1.64219
    0.166073     0.955777     0.242713
    0.983898    -0.144113    -0.105716
  -0.0660631     0.256362    -0.964321
      1.5399      1.79494     -1.51904
    0.154984    -0.976749     0.148123
   -0.944726    -0.190382    -0.266924
    0.288917    -0.098567    -0.952266
     1.41939      1.73685     -1.55017
    0.996222    0.0868391 -0.000196953
   0.0867953    -0.995643    0.0340825
  0.00276359   -0.0339708    -0.999419
      1.3622      1.78213     -1.55033
   -0.508988    -0.610032     0.607282
   -0.853052     0.451769    -0.261163
   -0.115033    -0.650972    -0.750335
     1.38931      1.87954     -1.59677
    0.421937    -0.905111    0.0523814
   -0.877094    -0.422137    -0.229144
    0.229513    0.0507409    -0.971982
     1.30591      1.85372     -1.43942
    0.520467     0.804761     0.285434
    0.838963    -0.419744    -0.346346
   -0.158916     0.419731    -0.893628
     1.19507      2.09922     -1.51651
      0.6652     0.745095    0.0484093
    0.746395    -0.661813    -0.069986
  -0.0201083    0.0826871    -0.996373
      1.1337      2.07539      -1.5392
    0.875872     -0.47884   -0.0596676
   -0.435842    -0.731962    -0.523712
      0.2071      0.48471    -0.849803
     1.16404      2.19732     -1.51869
   -0.682554   -0.0865035     0.725698
   -0.710708     0.309997    -0.631503
   -0.170337    -0.946794    -0.273069
     1.11729       2.1745     -1.51273
    0.363383     0.592566    -0.718901
   -0.362138    -0.621127    -0.695024
   -0.858376     0.512901   -0.0111167
     1.25057      2.13359     -1.39044
     0.94736     0.171984    -0.270057
    0.227713     -0.95487     0.190712
    -0.22507    -0.242169    -0.943768
     1.22152      2.24982     -1.41763
   -0.481274   -0.0488618     0.875207
   -0.183973     0.981838   -0.0463512
   -0.857047    -0.183322    -0.481522
     1.16271      2.29514     -1.43257
   -0.864025    -0.487623    -0.125242
   -0.500878       0.8577      0.11607
   0.0508218     0.163018    -0.985313
     1.18067      2.34853     -1.29454
   -0.367418     0.705752    -0.605737
    0.866422    0.0229647    -0.498784
   -0.338107    -0.708086    -0.619917
     1.12328      2.34223     -1.17516
    0.136539    0.0744891      0.98783
