1.0000000000000002 -8.687602470156488e-19 1.7031011316480885e-18
9.712018589968196e-20 1.0 -4.022496002227309e-18
9.195648723968976e-19 -4.532804462751904e-19 1.0
0.0 0.0 0.0
-0.477385447928263 0.6587629562942969 -0.581492161768551
-0.8750104387235853 -0.29586369760965225 0.38317532515924907
0.0803796711894191 0.6917339958138464 0.7176655224130559
0.9059029786262204 -0.004122704285857507 -0.028310968077289327
0.49561858025149236 0.5822500330581467 0.6444736521992614
0.29612261834773973 0.5842829197253173 -0.7555963569504742
-0.8165017065768607 0.5653310800162225 0.11716460910531643
1.7293114704105323 -0.05424118714314356 -0.007405083813275891
-0.686907583855652 -0.6746602273501352 -0.27016915222700605
0.5701719971608936 -0.7308028789323334 0.3752758193225698
-0.45062375117960163 0.10373689120907968 0.886667003053182
2.78606007680885 -0.07038375445715744 -0.024110680143015765
-0.2353774672832956 -0.5287998189891966 0.8154550655496898
0.8376870773177867 0.31506912541904525 0.44610874502690445
-0.4928272060026283 0.7881002810789006 0.3688096174872017
3.762688676130566 -0.025209819062287527 0.004409720551477987
-0.4483302667872694 -0.5864093285354836 -0.6746281789747369
0.7875483746721227 0.09785670017602527 -0.6084340670946242
0.4228081440369798 -0.8040825243403253 0.4179545851422785
4.76793048533365 -0.07298606232076346 0.1493295696938533
-0.5787052175545705 -0.3905059088563955 -0.7159637937931487
0.6220643570225768 -0.7790845992298855 -0.07787374723254051
-0.5273868853282223 -0.49044219900091024 0.6937804731201735
5.917192641994014 -0.017081382828422784 0.08285060950734159
-0.9196943808298635 -0.03274465820900456 0.39126710848244717
-0.11259291795540502 -0.9326705664570474 -0.3427098284891309
0.3761454895418865 -0.3592414369115681 0.8540852973422002
6.803554971284237 -0.019011433957092823 0.13489628126856135
0.41453612962200626 -0.3938636766788722 0.8203839186376566
0.740201950334748 0.6703564517766701 -0.052184956610699613
-0.5293968238832935 0.6288825901850439 0.5694263867490086
7.80454964204328 -0.05997501152581736 0.1356915931760029
0.6979251073001531 -0.5096611968686686 -0.503134306214279
0.5921634030324383 0.015551509377574208 0.8056682077520796
-0.4027939356814945 -0.8602346128350113 0.3126565045891235
8.768809818114676 0.0030657372899968744 -0.0027639289926056493
0.01311986364247792 -0.2572713302235846 -0.9662500093302354
0.5306433222120018 0.8208233490630468 -0.21134517120695537
0.8474941314703499 -0.5099620615479261 0.147288671778344
9.81430582533515 -0.054560945436234735 -0.03861420180141792
-0.11947182786378024 -0.991415330471663 0.05311534510208513
0.5101872166731755 -0.01540976518130258 0.8599260433737217
-0.8517256819942463 0.1298355412418845 0.5076484012409559
10.749215790023039 -0.04244763465992378 -0.13269292944672376
0.4416535424718607 -0.4530149575455242 -0.774415046022736
0.8656728023663252 0.44193098020699007 0.2351797751780838
0.23569779741171457 -0.7742581064263953 0.5873434476031771
11.773012891987323 -0.11677282541767384 -0.07044930672501282
0.3453156023178952 -0.26615814330969023 -0.8999533770716659
-0.4575714254347358 0.7894915605051559 -0.40906186937134825
0.8193809092093154 0.5530486879648594 0.15083797391235398
12.831458119793826 -0.18503700591904396 -0.1957857021298669
-0.6352569638210173 0.5605015378023582 0.5313058512895722
-0.06635492970781315 -0.725020477394577 0.6855239215897705
0.7694454123557705 0.4002291946140277 0.49776715041621633
13.71052080276501 -0.1347960412527885 -0.21322173111119383
-0.6564064128321737 -0.736558318117618 0.1631313881443521
0.3044457258152927 -0.06078247557229624 0.9505889417185712
-0.69024929280566 0.6736374773020617 0.26414026559251935
14.710746742086881 -0.15167320436758058 -0.1870553206228398
0.302661404673259 0.6723152171086453 -0.6755643683766142
-0.5862763784274123 0.6901740015011174 0.4241944133915216
0.7514503459584981 0.2676802002096028 0.60305178654078
15.794083308510782 -0.20899771734556855 -0.3847250534137885
0.6470683395415613 0.7449903235174513 0.1621432161596525
0.07008490502467238 0.15364650457928697 -0.9856373832913151
-0.7592039267248194 0.6491390223500284 0.04720738039057348
16.782269527987445 -0.17861014514673423 -0.43592169161658423
-0.97020839296525 0.24194392184698263 -0.012554105012506306
-0.23177526661188824 -0.9118478840142189 0.33884178333989473
0.07053332174962969 0.33165761328149684 0.94076045077441
17.852238662074594 -0.2082055556587699 -0.36735589269503716
-0.4912434198986733 -0.8657551113434627 0.09564271086219853
0.8490782104785932 -0.4514802734354243 0.2742848749836043
-0.19428259969778064 0.21594845630543238 0.9568812603365267
18.897373443663785 -0.17895528152835535 -0.3624573618941238
0.24721891133760632 -0.1990407756361972 -0.9482955963266579
0.8731962743162366 -0.37846190775128935 0.3070769815610805
-0.4200151624888184 -0.9039633639790358 0.08023846049524719
18.78143353464985 0.7527616146284384 -0.3547192552534226
-0.30047986087346773 -0.9054773777857015 0.2997039146620295
0.8792857404519314 -0.14123018823786987 0.4548741257629947
-0.36955140471644304 0.4002063876450346 0.8386106840919734
17.800447345818725 0.8292748471886869 -0.3884785728193917
0.091075070985348 -0.9395340582661046 0.3301227158474549
0.6533361787951654 -0.19381266073275327 -0.7318394705150768
0.7515698245584839 0.28233312795578847 0.5961801576819498
16.77357113425797 0.8498006653387244 -0.42353827365749425
-0.8323946011573236 -0.37992970827701494 0.4034491629441482
0.5019843335765141 -0.20846759312733942 0.8393770869162571
-0.23479847949551833 0.9012184476569999 0.3642466252029881
15.817441227146945 0.8351301359380763 -0.30510037690792663
-0.8964193536906686 -0.26238246313220426 0.35719203932482113
0.2903632704181932 -0.9565626068261183 0.026043220776689087
0.33484343173104353 0.12706117937094974 0.9336681234552971
14.74653358647333 0.8862654825462889 -0.22183818203927233
0.6940069202153061 -0.19038636776796503 -0.6943395495221313
0.5285506971477587 0.7895663467676741 0.31180004100157444
0.4888648507740454 -0.5833851281465087 0.6485941970311431
13.802470894288719 0.7950065434907316 -0.17786412486862008
-0.697846744831267 0.21171609208426023 -0.6842412558131243
-0.47893889988232724 -0.8482594746089429 0.22599594544544963
-0.532566723267489 0.4854201774077412 0.6933547867393096
12.763639802919794 0.8767074391250287 -0.18472927149284207
0.6100399983572721 -0.7885431403095223 0.07778116123501692
0.18229175442733053 0.23519690318780315 0.9547001492406563
-0.7711169630062601 -0.5682278718270264 0.2872238408386785
11.839302355250638 0.884651294805728 -0.14155766086693375
0.2942343904977592 -0.6285155228289185 -0.7199959424269136
0.7053140458137119 0.6511692383992121 -0.2801992219912227
0.6449493130336904 -0.4253794076160749 0.6348969474238902
10.831219671238292 0.9822803435318422 -0.13245283472311314
0.8166538450685816 0.5236451337499561 -0.2426332569155805
-0.5539950842355906 0.8291108596299851 -0.07527014676149003
0.16175562063030616 0.1958879855574613 0.9671939076966505
9.788622400370958 0.9453290809226018 -0.14315924572971594
-0.16014451182583436 0.09168729804090421 0.9828251954063483
-0.5117905087411593 -0.859104831948376 -0.0032473371232705937
0.8440530555754194 -0.503521550817546 0.18450584421125174
8.816708721661671 0.9548902492799685 -0.005910112599360223
-0.5714063194247875 0.08740875115701977 0.8159981543048627
-0.65932151659923 -0.6409516859716212 -0.39303545533936524
0.48866170019376803 -0.7625887353431975 0.4238751054480743
7.836030902814836 0.9673881497125789 -0.004863840092346278
-0.7287059321983926 0.4685373778690757 0.49945869949740435
-0.38096984736645395 -0.8834025603701098 0.2728795249509004
0.569077763451851 0.008570519258900138 0.8222390001942412
6.732394413636869 0.9076555760586328 -0.05954134299536462
0.7770826147681855 0.5764152728177775 0.2527595003654773
-0.5739153914667481 0.813797545964844 -0.09141081073376357
-0.2583854286463903 -0.07402912628791466 0.963201993891233
5.888076857001958 0.9384277731525377 -0.01388440258975046
0.8260005877166819 0.33640234770485894 -0.4522783035756634
-0.08847091309766043 0.8698131863428742 0.4853856694375681
0.5566829189592488 -0.3609160414411592 0.7482276111931285
4.770409448464345 0.9119326441710518 0.0029459376417673155
-0.15362621708978175 0.6282380992495605 0.7627023833158159
-0.8851450840238505 -0.43058807503467283 0.17638680789012168
0.43922318786146164 -0.6480047804434973 0.622232422067333
3.7546440456580235 0.7927850318966867 0.023740678084590815
-0.5465826157103572 0.794954634828404 -0.26323634423784636
-0.38393230145029755 0.04146929750924713 0.9224298160713773
0.7442063438032435 0.6052496165428803 0.2825431135704896
2.8124115637415574 0.9215523704753159 -0.10947093788418905
-0.7938377758566221 0.04400334967384713 0.6065342450357757
-0.316426943425552 -0.8816165908324883 -0.35018198791770666
0.5193217386717518 -0.4699124458346501 0.7137850972782885
1.847978021125617 0.8357113102273994 -0.04682580929033789
0.7955192003426665 -0.257482263139614 -0.5484984147559634
-0.08822520510749522 0.8463538230045432 -0.5252634651015022
0.5994704898159938 0.4662489776588208 0.6505749629700602
0.9838444386064414 0.9342508569072274 0.1407131624470676
0.3507236838743763 0.3614959906389362 0.8638936243864286
-0.8266111180794729 0.5530498008367599 0.10416408112923774
-0.4401218585088973 -0.7506372253754866 0.4927853640095397
-0.07307301441525371 1.0098793344934722 0.11158969962336335
0.8858910275114221 0.287435975785495 0.36411250934540434
-0.41178527533000936 0.8486843381233786 0.331915503597684
-0.2136120428007114 -0.44397724490306445 0.8702041732823812
-0.1743743955200326 1.9947880516997711 0.08784248015267129
0.28247237986313295 -0.22759707767892046 0.9318846103933237
-0.5857015293235767 0.7284324013897846 0.35544452356867323
-0.759713005549636 -0.6462098061876587 0.0724583220533466
0.920099149079373 1.947371168089738 -0.032745124887476995
0.8677957437851275 0.2016883468192097 -0.4541493158454034
0.2243107324044119 0.6565244118133423 0.7201807665032789
0.44341280001649314 -0.7268404998772741 0.5244889175368692
1.8701139500284099 1.8521342995574168 -0.09359459066265773
0.5114845839146018 -0.8289696121485569 0.22625606208383794
0.8334858133141635 0.4145725780555155 -0.3652840277017121
0.20900989056424157 0.3754182125215061 0.9029820945749951
2.8692593826130937 1.9103064937827232 -0.13449948055365474
0.8715489863478897 -0.2737093675807141 0.40679859423935477
0.4524679099908303 0.7685954219165296 -0.4522553444837355
-0.18887693946980816 0.5782259982040044 0.7937134668092914
3.902535088266633 2.001674545291895 -0.16251385885547912
-0.7543928106904534 0.16965749545682698 0.6341182100966158
-0.4082216443001193 -0.8777529629895829 -0.250808472078121
0.5140486953008874 -0.4480695891235976 0.731429223788301
4.82945814170256 1.910171372272001 -0.07127726138585141
-0.6777665708476474 0.3125890371915616 0.6655222846110491
-0.30114248376521685 -0.9437475184266385 0.13658473965709464
0.6707796263680714 -0.10784455082788721 0.7337747475608601
5.825492398834809 1.8928435666474925 -0.09691531510532467
0.5490561957555309 -0.5461984440044609 0.6326162075724124
-0.504627238607661 0.3867309818208792 0.7718752092900174
-0.6662489625282559 -0.7430387048585005 -0.06328923909990386
6.8051956286613455 1.8466526693099585 -0.08538004143498723
0.7234849444685046 -0.45231802211310845 0.5215136151399421
0.6549098376944852 0.21080071788952684 -0.7257113866087438
0.2183173277878988 0.8665862646044135 0.4487394982876635
7.817932150680939 1.9040140268496335 -0.02452370894243089
0.027581914618935745 -0.5577303819969752 -0.8295630856907845
0.8332102794207211 -0.4456636918620653 0.3273310113327912
-0.5522683764448771 -0.7002293807922232 0.4524142477019908
8.795508899139978 1.8568352055051434 -0.10242218561687674
-0.3010482846598013 0.8657939871048487 0.3997126976424059
-0.5769023183372513 -0.49910824210432414 0.6465878180601926
0.7593122492179307 -0.03594081757813226 0.6497343962912543
9.867268373938476 1.8694143133430654 -0.17475223958543956
0.36988640631655717 0.042370700709656095 -0.9281099076842827
-0.9246946075326696 0.11370127222949929 -0.36333519727125313
0.09013248299937292 0.9926110610783362 0.08123695633325144
10.912837795653958 1.9434149941758998 -0.17744781954100963
-0.9666017970033629 -0.2518185482719903 0.04761975291487578
0.08109968666359534 -0.4768144978544356 -0.8752557415857916
0.2431114696579895 -0.8421619577877542 0.4813124891539051
11.852982011167168 1.9005323051753813 -0.15986416444876309
0.7365825181353888 -0.04970928586505763 -0.6745182275910447
-0.5831465139402877 0.4585243016103203 -0.6705947094900897
0.342618107815366 0.8872912839584828 0.3087531567292635
12.853368567157753 1.9456237894423491 -0.22749591925679677
-0.894516904099594 0.19446812423289747 0.40251914106627457
-0.27393978289194965 -0.9500096224156334 -0.1497991276524093
0.35326548137720876 -0.24426392147548662 0.9030720828623109
13.837365855646976 1.8231317666599351 -0.1994241020390263
0.1097215544542945 -0.8724247683940578 -0.4762730589042055
0.7631607774705381 -0.23305557138341162 0.6027199148628721
-0.6368257036252426 -0.4296039049601034 0.6402296058733439
14.741356991307805 1.8366678267668362 -0.3427527212550485
0.5834265735331813 0.8120714343082612 0.012386577241979805
-0.6518290977577861 0.47729077329786684 -0.5893331293550199
-0.4844925665570585 0.3357593215226035 0.807795098956894
15.715628190948081 1.8290530471193966 -0.3007249416448699
-0.09748618818083865 0.7124442805866786 -0.694922555591014
-0.6469646680976431 0.4852221872210708 0.5882149276246937
0.7562631954312738 0.5069340895568398 0.41362415416420517
16.73926731461334 1.7658099697646246 -0.39371408785296413
0.4720903796315939 -0.7825274846267057 0.4059324856979049
0.6722075914950306 0.021639424410329258 -0.7400466619710496
0.570322808686963 0.6222400796870983 0.5362364839966789
17.7192698008683 1.787152629202135 -0.37934901553120404
0.6049948135979859 0.7346015054800076 -0.30714975088782853
-0.3983871780141297 0.6132734691770554 0.6820444824942058
0.6893977162861605 -0.290268943416571 0.6636838623734107
18.80478451690237 1.8341637719453583 -0.41971466991395356
0.6598167720850036 0.6106860755333503 0.4378388402957965
-0.11748168374662057 0.6593493568219624 -0.7426013936537817
-0.7421863637202443 0.4385431717601549 0.506794113728866
18.804538105822722 2.810121372040738 -0.43321862240769143
0.7561280807427406 0.5702147946954412 -0.3211297247467622
-0.2884087039194009 0.7308365014559512 0.6186269257897177
0.5874439464383825 -0.37514441354048733 0.7170619552558867
17.828719493329302 2.7968778384404023 -0.418684628563837
0.4567828025489954 0.7093632695107389 -0.536798011572221
-0.8783039824493494 0.45539793532225925 -0.14558900006564698
0.1411817421210973 0.5379744971338543 0.8310549484642744
16.809593889345674 2.802160802700375 -0.35511667989590007
0.4832632376832666 -0.8698030322995673 -0.09948979312765657
0.09288098852938746 -0.06206135376036643 0.9937410939605859
-0.8705342086780075 -0.48947947463066527 0.050796205211298705
15.826118210515919 2.7692611545863217 -0.2991808284853237
0.2912128628338814 0.6111137531908329 -0.7360261269279952
-0.9566447476866787 0.1901094111453319 -0.22065677227963112
0.005079493588380766 0.7683739120915095 0.6399813468116404
14.794484810423821 2.779123381971629 -0.2120421443109335
0.3418601604220172 0.1809004115808342 0.9221744943801707
-0.8894692995977821 0.37897098038704485 0.2553949375661165
-0.303276013967302 -0.9075554228420594 0.29046163506577416
13.840632498459431 2.924001344510187 -0.18975234561688392
-0.8975941110560056 -0.39629951842086475 0.19305516060397143
0.4343062530062917 -0.7199946169612562 0.5412820362126344
-0.0755112427225701 0.5696967139149073 0.8183792123775526
12.831023277145528 2.9145544805312866 -0.14572154028582807
-0.5820334372702775 -0.3303393996166945 -0.7430422345110026
0.7873259982938995 -0.00041356095622089033 -0.6165381486909184
0.20335915248583825 -0.9438620922321307 0.26032504110541616
11.88874903157391 2.939711755306523 -0.2000855515244841
-0.551278005786477 0.17398019479261048 -0.8159791598314264
0.49060165373204156 -0.7234641893477616 -0.4857064617325425
-0.6748360095374168 -0.668080366780959 0.31347434130222646
10.836220926337377 2.902581895628426 -0.11973213473339403
0.7661826620419662 0.11566735945213397 -0.6321265493888335
-0.6426048295236316 0.13058942160924847 -0.7549880118754229
-0.004777872931301545 0.9846661996491647 0.17438388845996708
9.940834574526386 2.8715336356147065 -0.20371840318575662
0.7677270018602365 0.249551666672471 -0.5901844594314425
0.26677887574191417 0.7129433665250255 0.6484912144263725
0.5826006109971208 -0.655313483685002 0.48077087090721515
8.833486733223566 2.8182039205067855 -0.1616564045241985
-0.763155883445964 0.3751880233576702 -0.5261432179336085
-0.3721458624902285 -0.9207930702826924 -0.11682272792255927
-0.5282992182916526 0.1066481426625264 0.8423340130342083
7.757468031618964 2.7912073689037937 -0.09078803179058897
-0.5122745703615943 0.6084983167368433 0.6060560672350167
-0.836877214181367 -0.5121934986971941 -0.19312069912671181
0.19290401662009668 -0.6061252224392983 0.7716224150277893
6.904222303522026 2.858640201238439 -0.07917025722689225
-0.16906458176094646 0.9837794379364873 0.059943806529218824
-0.5461912337274774 -0.04289071532689848 -0.8365619127721232
-0.8204223236215641 -0.1741745507772739 0.544583927045329
5.789599299239798 2.8935305675208642 -0.21282994030514357
0.3754368968511309 -0.7230355645755762 -0.5798837165546542
0.9208083818461301 0.21966411109649978 0.32227231672827716
-0.10563436998427843 -0.6549552101901934 0.7482483388626687
4.817771014597303 2.8581131764164045 -0.1543974382197599
-0.7464889857225439 0.5089304033253491 -0.4286527492731689
-0.5046292280039242 -0.013109369812340317 0.863237499388354
0.4337081540443006 0.86070873579749 0.266607230385675
3.9045838205074346 2.9457649849185845 -0.15501309496174254
0.8675859941320563 -0.3630288354850222 -0.33985910751722825
0.493263610259789 0.5414661969188926 0.6808126854150184
-0.0631325181225249 -0.7583047106222712 0.6488370645934778
2.8222563855184193 3.028981514780107 -0.11135895965305495
-0.7638553842498687 0.18305986115713999 0.6188795787250295
-0.06277675813298111 -0.9754576820160884 0.21105048061673404
0.6423258548863867 0.12236160760217064 0.7566014885273468
1.9495710076043402 2.9339522405007044 -0.03859457447407488
0.5325616425948181 0.8417330356129857 -0.08866974905450378
-0.8310363789578237 0.5398882200715194 0.13379452486120333
0.16049142014744705 0.0024338099649658545 0.9870350599931338
0.801342781483899 2.857418016364944 -0.0317593464308151
-0.6480360730825393 0.2317716484760659 -0.7254857247944135
0.1346216680307958 -0.9027135031748863 -0.4086401518266978
-0.7496175094243593 -0.36247966893598277 0.5537899237194503
-0.20599180171455747 3.0090415942078623 0.13498991799706161
0.11081213885715847 -0.7218619994501696 -0.6831067225982176
0.9872935091499019 0.1587270510867543 -0.0075759546598930865
0.11389660386227601 -0.673587843518947 0.7302792020483064
-0.17717115947206735 3.941020781553192 0.05767064567972094
0.27575848987225327 -0.674902965634981 0.6844431052293899
0.8677108452914323 -0.1315765261812832 -0.4793382585487265
0.413563577304626 0.7260809512591335 0.5493380399031539
0.7729082394682366 3.903960380077222 -0.04494947856180559
0.12395478611484456 0.9146830913140449 -0.3846943120656383
-0.6538762843252903 -0.216315528688339 -0.7250209261290657
-0.7463791276575356 0.3414119299158519 0.5712760778068832
1.8619908112248003 3.9135426023462694 -0.08507828220470479
-0.13097718278140638 -0.3378335541845608 -0.9320477492318573
0.9052728718490024 0.342494458283665 -0.25135617257609105
0.40413780399247834 -0.87667971162635 0.26097184378789784
2.9143751531081374 3.9890635700661736 -0.10361983042913803
0.5025483119370414 -0.5506187849770248 -0.666530524099587
0.8642280938148358 0.2989148568995151 0.40467441627722145
-0.023585287026123218 -0.7794031326122431 0.6260800015123642
3.9145313950346874 3.9861729594047253 -0.11670333058623306
0.33346836687626347 -0.939965284828507 0.07254680962471742
0.42891113575895823 0.2197895635817215 0.8762015028831946
-0.839544450263083 -0.2610697985022358 0.4764541239047595
4.85013477363315 3.964431844003918 -0.2599744318170249
0.4368247518760305 0.1945452299768631 0.8782564760682537
-0.8974130365754845 0.16145229651841303 0.41058881560186505
-0.06191820998366729 -0.9675159048884633 0.2451131442306625
5.786191074229802 3.8536783189254433 -0.16141763163517148
0.9300109166397885 -0.36643821889728606 0.02831349838557975
0.3657236828483908 0.930318284199574 0.02745855446875024
-0.036402526035739485 -0.015181936822189572 0.999222348474341
6.785891037100074 3.83021870424936 -0.17769554053907693
0.9684469167570348 -0.21738578673001357 -0.12187323164814777
0.02410276099880326 0.5684279306118228 -0.8223805388429143
0.2480495286104477 0.793494964971548 0.5557314785154152
7.859710151881219 3.883871191820539 -0.18428448284522478
0.01970958474587602 -0.7806393362363818 0.624670018910292
0.9158263799278866 0.2647438829840575 0.30195042011617046
-0.40109300880870796 0.5661380520127622 0.7201486462955604
8.87024607264288 3.8128308774596844 -0.15373194381547933
-0.1541230381529015 0.8823299351181043 -0.4446793758490924
-0.683996778388262 -0.42005744241931026 -0.5964065659585842
-0.7130183589679441 0.21223953184346628 0.6682507911868468
9.948400607305008 3.7965185661453082 -0.15171202175264453
-0.8386682823409021 -0.5102532359748473 -0.19046253460002865
-0.15845362331462912 -0.10598717096730187 0.9816613607252259
-0.5210834983032816 0.8534684989540795 0.008036476963102607
10.885837626377006 3.8242230333193854 -0.15309826260046583
-0.4800824711846877 -0.28269581397849497 -0.83042401243432
-0.4890632416479822 -0.6996252682732294 0.5209052000818535
-0.7282431898364161 0.6562072279326537 0.19762120755957985
11.787018630875158 3.9353636058085066 -0.25295789298691834
0.9986299984765451 0.05106918908252736 0.011329649769255238
-0.03581392144043362 0.8253348895863262 -0.5635074623253756
-0.03812858640221046 0.5623303289284216 0.8260333927364101
12.837344838566526 3.907304803918351 -0.22254028022200234
0.8096714901749862 -0.45213268470760326 -0.37417490068594045
0.03214164745693517 0.6707685664445114 -0.740970953635365
0.5860019433767444 0.5879170299271819 0.5576344253034504
13.88397732595492 3.8031053146440352 -0.2696595217201865
-0.5255212605103773 0.4892282584863332 -0.6960476317764608
-0.8346217751620216 -0.1377594110808582 0.533320152796004
0.16502811788381125 0.8612079808867148 0.4807156364585795
14.822139283392584 3.7824732432856027 -0.33918349465995
0.054661324388821236 -0.8452795101724422 0.5315201037420354
0.6452062337339806 0.43616015120456475 0.6272759001236394
-0.7620514372223028 0.3086522394937487 0.569221130666726
15.870201862001647 3.8249120956043035 -0.3116200871425573
-0.09997201940141472 -0.819106834665243 -0.564861868979383
0.6045970864061961 0.4008701230735952 -0.6883073506386709
0.7902339730002897 -0.4103259056960394 0.4551535795759687
16.751516909468275 3.805117020808201 -0.4203530285164783
0.6244883518014218 0.12758919103631794 0.7705416098152715
0.5107402111927049 0.6796820636185726 -0.5264759167614944
-0.5908971756425428 0.7223251194254797 0.35928904881290286
17.728906029339903 3.818167192153344 -0.33683490225090734
-0.7102071231894993 0.6841091905306731 -0.1661309900765531
-0.13205081803432728 0.10234115596510265 0.9859462464108977
0.6914980390000993 0.7221635509281842 0.017653669085218548
18.882885932862003 3.7948301595787632 -0.4603375333596119
-0.2016633893042983 0.8563387731269861 0.47541009763467174
-0.8164074526967033 0.12119616424812937 -0.5646149605688271
-0.5411203972610493 -0.5019909879195918 0.6746819722778894
18.840167113671406 4.6926743581204775 -0.4692374880849123
-0.5245899390755803 0.761347436320253 -0.3809917513570802
-0.4589118612482336 0.12405273419718738 0.8797787582798083
0.7170812798171833 0.6363652788668688 0.2843142080159557
17.806211087771285 4.8671767160933275 -0.41108416995816205
-0.47581996002277627 -0.8539510036295631 0.2106222203524101
0.0696667766373362 -0.27530814237173934 -0.9588289478881679
0.8767788759419651 -0.44155720703422224 0.19048906613969066
16.733743421270685 4.905903899383468 -0.3640965963675463
-0.38817150265980843 -0.5622366058084461 0.7302133650192928
0.9048529164205071 -0.08220092656657142 0.4177146276909453
-0.1748312208192753 0.822880427028842 0.5406494821328486
15.784243297161945 4.923220302249021 -0.33032589904609816
0.8974465352380123 0.15551475112475205 0.412799429705694
-0.16046745266782106 0.9867762618181671 -0.02288596306511559
-0.4109002659305644 -0.045702222223441474 0.9105345771452029
14.788213687613704 4.864434844223703 -0.3280533324850381
0.567589714847331 -0.4880970333129035 0.6630245481756353
-0.5118475091751156 0.42157628399547653 0.7485234907527762
-0.6448677449440501 -0.7642223567750753 -0.010549052016954162
13.89874909034226 4.789658905235323 -0.2887988155886241
-0.1911377698161701 -0.9091819409465287 -0.3699371025977117
0.9785841702201264 -0.20584755518355716 0.00029241185720298575
-0.07641694639055914 -0.36195950038434627 0.9290569154380898
12.81295553811169 4.84643313794543 -0.2782945306615662
-0.5610441434317928 0.5323648551453851 0.6338900060571191
-0.6883314025148523 -0.7253968274747774 -1.3944965068546602e-05
0.45981426869088 -0.43633417336835445 0.7734237279282042
11.912523686364375 4.876844882750735 -0.23352580955757274
0.8349350618185805 -0.2721040376601751 -0.47837391823825126
0.5354377924295192 0.6025839888954495 0.5917762473172968
0.1272357381892705 -0.7502349633328868 0.6488134555461175
10.76357535336328 4.86426174564336 -0.2616046434983893
0.5217443551716362 0.32315068795362833 0.7895283362944756
0.3120936823343493 0.7890255988736672 -0.529185331817548
-0.7939655080464846 0.522506195434104 0.3108163864605048
9.818172598012158 4.837852780948736 -0.24430952986825738
-0.12561357164154408 -0.13309736094666264 0.9831102744560744
-0.5325455102556245 -0.8270380423708028 -0.18001277087938877
0.8370283430890835 -0.5461635881997929 0.03300699433793675
8.936645647471744 4.858358938715529 -0.18412459427662659
0.5866221151895098 0.7115416679292926 -0.38675754686991315
-0.03127136676809791 0.4971058648357668 0.8671263179731228
0.8092572080717446 -0.4965812536036514 0.3138648177361405
7.965407810404424 4.847034219356767 -0.1898348157778506
-0.8600207862726236 0.4667685862625616 -0.2061307002137792
-0.5062223966845916 -0.7297943700251003 0.459498887056402
0.06404709407685355 0.49952656858775957 0.863928530580243
6.803249631416199 4.825338817808761 -0.27291029947189116
0.12989696045827726 0.7339137856116732 0.6667061387283305
-0.8840413767947801 0.39021184825659655 -0.2573061087752065
-0.44899678129614856 -0.5559725698695236 0.6994976781589625
5.808675147687595 4.949106873909624 -0.1666847430339537
0.1401662180181662 0.6782663001022536 -0.721322636857324
-0.5583573248706907 -0.5474803611412684 -0.6232994292562541
-0.8176741795017932 0.4901218944764541 0.3019770021329734
4.952140184684681 4.96433237144164 -0.1259026821715322
-0.2841582746014785 -0.9494556975043926 0.13336926594205414
0.8365578063225804 -0.3134862088850748 -0.44932971586988035
0.46842869503811374 -0.016109066598926917 0.8833548323544178
4.0048588164479115 4.939417849683209 -0.2026068881576807
-0.018743208217065807 -0.9908587909824031 -0.13359193022661553
0.7547604792723225 -0.10165348127811966 0.6480765265764964
-0.6557329422985376 -0.08868263443013023 0.7497671437839414
2.8372523668727156 4.973317033768678 -0.16569941559909152
0.08326085777531592 -0.13114747373177774 0.9878594442299956
0.9368563417976462 -0.32757839721447446 -0.12245087545112458
0.3396610880731946 0.9356783741473836 0.09559243338350702
1.8919007387311382 4.905870250540824 -0.14279524303046934
0.6640387469203682 0.5568590486330982 -0.4989591856715577
0.30818761029237474 0.40415785231392404 0.8612074889341762
0.6812296671294529 -0.7256476938849535 0.09675941986307983
0.8113882657926303 4.890620240154091 -0.11383596831853812
-0.012158778587096694 -0.7212827686889642 0.69253261037985
0.9467233939442196 0.21459984156352177 0.24013016508211857
-0.3218188274168483 0.6585569641575834 0.6802467588011871
-0.20416996766664897 4.859759526426643 0.015550400297993233
0.6013387713225612 0.13723616880602077 0.7871198991044597
0.11077121733674945 0.9613057481519691 -0.25223229966390276
-0.7912785908961292 0.23886692353791408 0.5628690162292425
-0.18449056797433594 5.922901288881859 -0.12349065815842192
0.46506357341210397 -0.1460010075209659 -0.873154339791574
0.5870556822894328 0.7891152344573023 0.18073124880394956
0.6626327673812458 -0.5966419071360097 0.4526993087460194
0.9040412397813737 5.974282013962087 -0.21687239230363428
-0.207601723132159 -0.35827645720880874 -0.9102407991631469
0.9073505356856725 0.27718562760041116 -0.316044913697842
0.3655374723103894 -0.8915189686714944 0.2675381326354145
1.9374794844170755 5.921391060715708 -0.15926530818411028
-0.06428536644107462 0.4159870063026459 0.907095239507826
-0.9227768051538415 0.3212890371494241 -0.2127374712550007
-0.37993623939271104 -0.8507228662469477 0.3632094951690665
2.9346991144953303 5.981335867761602 -0.08178354758519957
0.03169495819163878 0.7786970346760611 0.6265977506058942
-0.6792605218296172 0.47667325047455317 -0.5580214904084095
-0.7332131280846346 -0.4079367182515988 0.5440467359076564
3.9072490843993726 5.917129644907181 -0.16460156736032355
-0.7902997571402021 0.6017358492981443 -0.11549789919362037
0.052268671447895265 -0.12160373219474638 -0.9912020408081035
-0.6104868863384382 -0.7893833982156081 0.06465177369865516
4.882774870936169 6.084925715028707 -0.3058350438181931
0.41852678790540304 0.5473536444907795 -0.7247337885014078
-0.561267428830462 -0.4714793251456983 -0.6802106770357331
-0.7140127487024945 0.6914555367904464 0.10988556966715965
5.79264538312823 5.918482044316102 -0.27702453062492016
0.6831079353176966 -0.7208924631703078 0.1169503510447611
0.29389857889808885 0.12475506264603457 -0.9476605990836846
0.6685715544657134 0.6817256131589557 0.29709103128028325
6.83065896131247 5.934188160769147 -0.1740622857383784
-0.027914417553384918 0.9130069986094708 -0.40698725537574976
-0.9968393115579001 -0.05572476479829611 -0.05663805593646071
-0.0743901915259613 0.40411943106844433 0.9116763915748317
7.969409499369161 5.8794614498529905 -0.27670097770981067
-0.04633401052716042 0.9964828067418198 -0.06981904614396657
-0.619608923120725 -0.0834934056563219 -0.7804574773641636
-0.783542053173879 0.00709880855373885 0.6212989080828034
8.849947984705555 5.8701849349159 -0.3205103377407388
0.8337973829317702 -0.03229201599278497 -0.5511247571151926
-0.3813094508799386 0.6882261607448116 -0.6172098354840592
0.3992299918294587 0.724776997890088 0.5615289375749646
9.823993051410921 5.678931950575638 -0.3601832667395707
-0.6691530859338011 -0.01922028901135815 0.7428752830299042
-0.5932108842973576 -0.5882893648552295 -0.5495611779180472
0.44758870421251906 -0.8084228994455415 0.3822537450183514
10.924219387788426 5.833623833908577 -0.3497135747430707
-0.7180841774114984 -0.6306247697676686 0.2943908444146326
0.604995906381414 -0.7747168404895851 -0.18383061322545063
0.3439983867501126 0.04609991813685617 0.9378386674291342
11.856900449788109 5.892801510921302 -0.2872949700505566
-0.32906028992610037 -0.8008355660402005 -0.500381707499772
0.8895268631745641 -0.44073432541359253 0.12040346129338292
-0.3169584726873403 -0.4054831589519877 0.8573926488142566
12.910504517676216 5.890103964695928 -0.2756828301377373
-0.06094123986453378 -0.35624151623369704 -0.9324036003190279
0.8372495582655048 0.49032759766230205 -0.2420606343606299
0.5434157411169217 -0.7954061586341236 0.2683816490461561
13.85819190137083 5.831890692665274 -0.3155407953079876
0.36777975536117563 0.45172745205762477 -0.8128224826037681
-0.789074986507557 -0.310895361807029 -0.5298161108484429
-0.49203448871897393 0.8362338073628116 0.2421054627065307
14.752711369339979 5.856503323172456 -0.3694458814381966
0.3636427178674243 -0.8171594704162275 -0.4472269122199923
0.8711625050871419 0.12829086970947537 0.473938462004415
-0.3299087804048572 -0.561952913978147 0.7585317581816406
15.857149844378798 5.923966338836537 -0.32536219357040025
-0.7102061874803933 0.7023729537721376 0.047728892934055196
-0.5835135632971534 -0.6252388346619293 0.518256246093557
0.3938509204779784 0.3402188390788926 0.853893051134422
16.849165846114282 5.832840070095596 -0.43394553178330586
0.3502244373616621 0.5232735578951832 -0.7768694330235204
-0.8885901037449739 0.44791697864751295 -0.09888762762939474
0.2962281009897395 0.7249519221943 0.6218478410861971
17.847815235015737 5.801847623169242 -0.3490284620066886
0.5066897276274381 0.8604368286751598 0.05397302362527892
-0.8402388059889201 0.5068746072224337 -0.1925563867600043
-0.1930400674489311 0.05221588684104337 0.979800840193028
18.777544443337714 5.788907249738297 -0.44979711443480824
0.5924204559743954 -0.5830293106118628 0.5559801285103235
-0.28853875322944256 0.4907879492431091 0.822115983888701
-0.7521854579592137 -0.6474601532489584 0.12252668585075285
18.968926896613894 6.696399989792652 -0.44345199171008953
-0.582254853520821 0.5011660782055247 0.6401645477007942
-0.5892316012597445 -0.8026575806234495 0.09244723749243527
0.5601656159408873 -0.32337757807242606 0.7626551821709129
17.88396138019257 6.661425038773926 -0.4620482995243279
-0.17541392523663416 0.9610171169941217 -0.21371725141323816
-0.6184740550346473 0.0613294412227833 0.7834082527555346
0.765977239073092 0.26959980258935934 0.5836070331300215
16.854056263874067 6.8258746386937865 -0.5077233074317036
0.9267165832261973 0.37483266542357857 -0.026369771811868954
-0.1915116396681578 0.5315308757055741 0.8251055405859072
0.32329318029697085 -0.7595893016038792 0.5643629266264851
15.814378432526931 6.91880205585666 -0.43572286270571137
0.2866614700714666 0.8634028436171108 -0.4151627948287769
-0.7720753728100623 0.46476856830713215 0.4334627961727385
0.5672079472521839 0.19627984281415053 0.7998433629818489
14.81461521390607 6.831156109625911 -0.3880358485270313
0.6192062367396471 0.7302943836134238 0.28853482471746666
-0.7516138676019881 0.6575962187806023 -0.051414169251595754
-0.22728682726122854 -0.1850310355013858 0.9560881595266195
13.88472097421197 6.811630956740098 -0.4262392817519969
0.6963565687348658 0.21732971409664711 0.6839984391778682
-0.6250342589107154 0.6520468367901884 0.42914833682385983
-0.3527318892788969 -0.7263636747345289 0.5898958749002474
12.829259006061873 6.867803643009735 -0.3491853668889741
-0.4322146968185677 0.8988301752394874 -0.07275566471323282
-0.791602649679413 -0.339530963611549 0.5080203719841528
0.4319214496945625 0.27716761527231837 0.8582666484463592
11.875121566794743 6.87559858542964 -0.3588335689104269
0.6183071605018591 0.7390419267438981 -0.26741833781288726
0.049602110369341354 0.3028818834197362 0.951736246824151
0.7843700160339404 -0.6017301713715939 0.1506159349085927
10.88601708007625 6.871720713558721 -0.3515181867101978
-0.025308165227868877 -0.37036931618926505 -0.9285393761803065
0.9893605748524015 -0.14239242174152444 0.029830600301360456
-0.14326513727856557 -0.9179058009966419 0.3700329494127921
9.81575828382643 6.864643749934039 -0.37768150749261253
0.62495586511788 -0.08404154453193205 -0.7761224103723502
0.033024484336750475 0.9961445406103286 -0.08127420315399
0.779961334980953 0.02516158726966141 0.6253219757908575
8.847429562967378 6.851932840303801 -0.3554091333805373
-0.3428081748731666 -0.7509613262851911 -0.5643920329855869
0.4378329733903244 -0.6592764451962093 0.6112755570438309
-0.8311349746022084 -0.0375597714482256 0.5548014571927761
7.797751751282737 6.746968272676108 -0.25903313607607303
-0.8262939473354443 0.42348118229555043 0.37134918534086997
0.33594974729357935 -0.1586316401083709 0.9284258600878716
0.452078877273818 0.8919076728906397 -0.011192287959582456
6.781350326660984 6.884059764225423 -0.25085679064971517
-0.2922920670564975 0.6778249281964859 -0.6746237450893912
-0.4576771839218342 -0.7185474793296548 -0.523661706458024
-0.8397006202851115 0.15569803312063799 0.5202517243610565
5.772132152914296 6.899498785604019 -0.2630808114503616
-0.5648298226963341 0.14432658600553724 0.8124869971551834
-0.8147212458070052 -0.2539905269387897 -0.5212654793761029
0.1311316262239404 -0.9563778840693098 0.2610472280638098
4.738774907610745 6.811225206123825 -0.23718983859306436
0.5400364908851653 -0.19127667801284418 -0.8196179332500187
0.721576080017775 0.6064994316777805 0.33389719272483703
0.4332311790714855 -0.771733535679539 0.46555304964561006
3.8534115831282443 6.837431756069009 -0.284286903664867
-0.6034439244889892 0.6042455155666744 0.5203286556401925
-0.4313474150342932 0.30146169952302443 -0.8503297190886885
-0.670667303040827 -0.7375695625511989 0.07872556588287728
2.789155586785835 6.922560533324332 -0.2172454745453199
0.8554057735643722 0.23109989320374133 0.46354368227271797
0.014314043067943049 0.8840566734163554 -0.4671608382717973
-0.5177596269033911 0.40624807534530344 0.7529198493601532
1.7863905840100986 6.919196412330666 -0.27469914596875394
-0.31780167490804767 -0.40997897753152296 -0.8549376090912201
0.7733336453728231 -0.6337852405608165 0.016459391605591858
-0.5485960548322806 -0.6559216463953399 0.5184688760541248
0.8762086734469487 6.937768538566063 -0.18435625805612893
-0.818538225647319 0.5742329867426184 0.015849365526088444
-0.5332414002888867 -0.7697890884826084 0.35082531128532557
0.21365642909734212 0.27871285768142967 0.9363065983614336
-0.09986393549052006 6.945893982194722 -0.16135991831043262
0.38028088425677997 -0.6859706647998575 -0.620346674025969
0.8843757491314311 0.07339896746757558 0.4609704824143415
-0.2706791585865644 -0.7239172330759874 0.6345682994782135
-0.08540393597159895 7.865950509422812 -0.18452383186907456
0.07634425476775025 -0.7346351783836332 -0.674153101936217
0.9458247146010925 0.2673516472329658 -0.18422675353118126
0.31557568088179205 -0.6235659222058383 0.7152473935310697
0.9206268172639037 7.979467385111851 -0.20898680582914375
0.2539429610635194 -0.07361814519086644 0.9644128384754278
-0.8179941198219258 0.5157367701763184 0.2547583214947773
-0.5161384082497515 -0.8535784061679268 0.07074889927183241
1.844361967741475 7.939010164485271 -0.269369260430331
0.46980387517321154 0.11001005651224341 0.8758886356895842
-0.3470396187744469 0.9353342431350163 0.06866655982330662
-0.8116948754644374 -0.3362285162711269 0.4776015501881764
2.8372206528453603 7.900280839898731 -0.295854114922268
0.5882665922295717 0.8078844377578359 -0.035562268167581026
-0.7910943275278185 0.5658084491499378 -0.23244662503199176
-0.16766874673760634 0.1648738814435712 0.9719593324321117
3.8801023260152934 7.8750307857510835 -0.28603089579030283
0.12788711783958848 0.6337453932426977 0.7628963700023726
-0.621128800383908 0.6508615761414345 -0.4365546326830968
-0.7732041962620524 -0.4180276693299283 0.47687438365606744
4.800676258085588 7.930585477109856 -0.2833384219508932
0.4593552739635508 0.8586829007824155 -0.2272787279550191
-0.8688291877089469 0.3811373445665684 -0.31602409388544667
-0.1847401081551392 0.34263391525233733 0.9211265533236488
5.844779714282345 7.972106367257355 -0.23181545995880526
-0.5930314694673865 -0.8050213651571166 -0.01590948785559424
0.24842143723430302 -0.16413749897613786 -0.9546445135581659
0.7658978427993558 -0.5700869771169157 0.297323744111505
6.768383423835289 7.9704366586709705 -0.24079811332151946
-0.8434536430763605 -0.4441383565880963 0.3022027446083271
0.4935674096400991 -0.8627801426086685 0.10955630674727466
0.21207606514493155 0.24156344040616964 0.9469277358554695
7.775010132229844 7.965546849658363 -0.36244842578633485
0.6592021128124812 0.1843842054850924 0.7290092364900282
-0.00427335692591847 0.9703746658938313 -0.2415668953062285
-0.7519538260252766 0.15612613815019255 0.640461654424422
8.8524540480411 7.853492085484603 -0.3093534939493907
0.5424511305308858 0.7687050611597067 0.3388790310979064
-0.4089637995050082 -0.11072764398121143 0.9058081307656682
