1.0 1.417176811507162e-18 -6.1369590975581675e-18
-2.81479350703142e-18 1.0 7.438754007358921e-18
-2.7237029936497434e-18 2.948956515100745e-18 1.0
0.0 0.0 0.0
0.5381823351282454 0.48196975169876677 0.6914226982694663
-0.5302785867241391 0.8312722317713008 -0.16670260085088487
-0.655106379409438 -0.2769308839665716 0.7029541000780924
0.6227767040314999 -0.7231183667649416 0.3775786895138819
-0.010674406438901331 -0.8770060262823794 0.4803621128608118
-0.971038686612704 0.12375958261306443 0.20437161650457644
-0.2386843351318432 -0.46426822401668444 -0.8529270121810305
0.9369176260366862 -1.5839264230782124 0.658060656388683
0.7811073392657797 -0.616358809269905 -0.09987072853862633
-0.016965070959822318 -0.18083793493741301 0.9833668294089531
-0.6241672583422926 -0.7664199573863081 -0.1517105522021197
1.4155478776006094 -2.402627029864508 0.9648222941991796
0.2672530785052737 0.27273229220773776 0.9242255739346562
0.9326199354973379 0.1681366145385774 -0.31929658951597933
-0.24247856810047336 0.9472839359585491 -0.20942107810401672
1.8836157888426308 -3.143440063303023 1.3388203419508207
-0.9477840922408222 -0.2297588219232487 0.22117206729892608
0.3053823361513174 -0.8537224780816707 0.421780916796584
0.09191185168442005 0.4672992076473479 0.879309036157315
2.420963248901604 -4.096617864764786 1.667233253161321
-0.08604148095559284 -0.3345889099869065 0.9384284081790155
-0.846404475632574 -0.47231444983509463 -0.24600360777651906
0.5255427609977547 -0.8154565529265124 -0.24255867119948143
3.010373685431187 -4.813147199536583 2.034772509512942
-0.8247178866105812 -0.35407413173986735 -0.440990114810863
-0.12892424987509005 -0.6415237403565367 0.7561912673084163
-0.5506532447972178 0.6804989274675526 0.4834276563333065
3.4151882729261893 -5.6333218051652025 2.440981819704585
-0.10794394403869356 0.9927219556132766 -0.05340921787776683
-0.9917656115137271 -0.10380562826338793 0.0749942939256455
0.06890427075345404 0.06106463394063693 0.9957529301062917
3.8420864373741646 -6.44324587595666 2.785785880942198
-0.6906760061444528 -0.72301256981714 -0.014819170480377663
0.03437070098010222 -0.0532886889289843 0.9979876180131538
-0.7223476585648061 0.6887763482936439 0.061655717603986644
4.493840496674041 -7.2458758489763575 3.0405073757493497
0.4479862206604647 -0.5021002758989281 0.7397328957134317
-0.2632877998656091 0.7166195429846717 0.6458605001544618
-0.8543939168158446 -0.48409893905429763 0.1888381537390164
4.933799226589169 -8.1541149170621 3.3759647841963445
0.7688277827152542 -0.14807971160715655 0.6220750207604416
-0.62362690400415 -0.3887447300399305 0.6782082090306722
0.14139913026370554 -0.9093677769132157 -0.3912242261727048
5.381224433683876 -8.90667797265947 3.855041125629148
-0.8103276972993502 0.5062039603475154 -0.2951721889489423
0.08801488571005349 0.6031553529320974 0.7927522184842768
0.5793290458922444 0.6164097600973762 -0.5333074391967239
5.849106458402778 -9.647604191369837 4.234022101390337
-0.39450271240008533 -0.5453064008644775 0.7396005500937671
-0.9105819353737481 0.34000975426147895 -0.23501603098341245
-0.12331535765371782 -0.7661809900466324 -0.6306814047485975
6.429568918372604 -10.417486743450597 4.5331403904585095
-0.35151217273729646 -0.43317521813137816 0.8299389899353894
-0.9329670051115916 0.08866469221703002 -0.34887112549770977
0.07753561555135507 -0.8969384541122699 -0.43530494532492237
6.107162881853528 -10.193513302072365 5.389073789485578
0.01958999030523284 0.9376967295821302 0.34690340694580235
0.6870887895153438 -0.2646815750394989 0.6766479447303256
0.726309525020391 0.22509742212364534 -0.6494655004090626
5.596619321643531 -9.485554879459116 5.090342400493446
0.3455620179470378 0.8167071625048972 -0.4621434158077578
0.5667050584929743 0.21090837064081006 0.7964686782289653
0.7479519801218295 -0.537127737727796 -0.3899501806499477
5.010647529919657 -8.705546992450843 4.748346201368621
0.7552186737595327 -0.15896746364045164 0.6359039494720607
-0.6139328836905205 -0.5114215871428884 0.6012760627330227
0.22963216696219493 -0.8444979018319548 -0.4838312587464441
4.655989735314734 -7.924256879384544 4.415039074077444
0.20889924334286716 0.8276705576949304 0.5208875864454027
0.6734794956064738 -0.5079590710141365 0.5370314404751446
0.7090735095933314 0.23862112295852547 -0.6635313442603197
4.155553456295863 -7.050875856658735 4.045323542883538
-0.43593626187715595 -0.8329617932657121 0.34078418865064386
-0.55530297652815 0.5469361217559683 0.6264969157377458
-0.7082361521013055 0.08387428762841005 -0.7009760439243773
3.5950375299599275 -6.290692964475964 3.7077791309266783
0.25333898152223844 -0.9671220069737378 -0.022242657729808383
-0.4597577612264775 -0.14060004152354086 0.8768432712718162
-0.8511416741167633 -0.21191145451103932 -0.48026174869675964
3.0956075396681735 -5.449661789779752 3.2733376953665876
-0.3643217218780122 0.928109514600623 0.07669931399843981
0.6729899061573366 0.20545725134338852 0.7105432275438384
0.6437029947460823 0.31048418478273687 -0.699460573823426
2.6114625875464466 -4.696969595415696 2.9559959807212395
-0.05587120494877906 -0.7071371810735647 0.7048659458141606
-0.9061449653593096 -0.26053629048568555 -0.3332004551680059
0.4192611031152924 -0.6573273622019775 -0.6262120174192652
2.1335586496468957 -3.9418107099356074 2.580342381798372
0.6387084528494037 -0.3942835867926718 0.6607512127674255
-0.1023838900252736 -0.8946469316759175 -0.43488477269136677
0.7626069858935599 0.21011393240223486 -0.6117863323767474
1.57580440753465 -2.9571094421768445 2.262756667314064
0.3422546840795371 0.5944390473240431 0.7276703872592124
0.853469451138029 -0.5205961997188212 0.02385532408609795
0.3930030508038158 0.6128803732358039 -0.685511637319713
1.117565318495596 -2.1235189209139387 1.9138314405695962
0.8725706034008102 -0.4884633258845105 0.0049429956142060544
0.10655934729760486 0.20020818537971002 0.9739416220536243
-0.4767242417633575 -0.8493053966981552 0.22674526440479434
0.6700218595737664 -1.3774324248477068 1.5926247060020662
0.8908251483298352 -0.2481962782845254 0.3805643545247167
-0.1924928941612512 -0.9648909744842921 -0.1786939198297988
0.41155379024632355 0.08592937329768031 -0.9073256244709877
0.24980954863634075 -0.621182077549459 1.3161751069351821
-0.137939439926412 -0.13249417170600114 0.9815386079946723
0.1674546484509798 -0.9798645362842652 -0.10873490176884443
0.9761821340211981 0.14936423402996465 0.1573495388908541
-0.35181406559531003 0.2705508298724125 0.9015134424468265
-0.9406772252038181 0.3317964679882869 0.07098619219708892
0.3329340954400594 0.8622428021101738 0.38169694047462044
0.06543822669031898 0.38268655295921017 -0.9215574921505808
-0.7678345473753311 1.1423782070585502 0.4670623127172865
0.5714491847598072 -0.818484685664042 0.059403056467071544
-0.41605824995855645 -0.2265681819236873 0.8806599620365174
-0.7073481619957905 -0.5279675297049273 -0.47000990484565924
-1.4004705764068806 1.8676190081153785 0.2261927703789091
0.16700246584630446 -0.644842574790799 0.7458469859665638
0.2741033018292392 0.7570145948274452 0.5931236579131968
-0.9470883716635449 0.10538630647987533 0.3031771217710767
-1.8251863060999622 2.7310131248452985 -0.15026616647770702
-0.790086601024334 0.14383738243738028 0.5958817616481051
-0.49240968626287474 -0.7278891391594703 -0.47718980093852437
0.3650974228120738 -0.6704385306018769 0.6459224927913444
-2.3576111962176993 3.475205562712486 -0.5555287849768791
0.3170234469585649 0.33976465025324365 0.8854689804414344
-0.40682531928153487 -0.7946543178615211 0.4505741485203102
0.8567311718068512 -0.5030744214346434 -0.11369935647941937
-2.75702542096009 4.442728451884317 -0.8932941177213465
0.5746256073503795 -0.7204146411787427 0.38834151452582877
0.5656743176138949 0.6925256753324212 0.44768300806917627
-0.5914536716370028 -0.03757592209093846 0.8054632838098967
-3.2595889607840154 5.223208783140178 -1.2223334103524603
-0.3461171131972357 0.34646765672866064 0.8718729795335564
-0.8466076267029088 0.285131060919948 -0.44939354113523267
-0.4042984855284297 -0.8936778185617611 0.19463343589016616
-3.5772949293426053 5.320288328632572 -0.1920759484141078
-0.10434213715401622 -0.0036312854667542942 0.994534851785715
0.06788840313106119 0.9976347823305307 0.010765196933165803
-0.9922215250157088 0.06864138944527792 -0.10384894728120703
-3.052226780109106 4.576469853571424 0.15456879999017414
0.41931460636482154 -0.06811351638052872 0.9052823861102418
-0.42336665640274523 -0.8967807902764939 0.1286234763332733
0.8030797216295661 -0.437199816641077 -0.4048699961607016
-2.6726832123211977 3.629777803321755 0.41913039196434854
-0.014490920694620189 -0.8193061909437287 0.5731736200960618
0.0043229555208668105 0.5731777167163233 0.81942014974256
-0.9998859017126603 0.014351958634997521 -0.004764059542218768
-2.167077404434815 2.8473043380736875 0.8563282357715862
0.9462365229808939 -0.11863504918268654 0.30093687075663383
-0.3234707209959763 -0.34121502431073003 0.8825751368017072
-0.0020197735617925963 -0.9324681901024536 -0.3612453762654587
-1.6978789768556068 2.107549643970112 1.2074046336883202
0.9880508450069634 0.13252810043198038 -0.07868612337406662
-0.022522812808960867 0.6291972066081575 0.7769187742647301
0.15247259561307705 -0.7658635081898947 0.6246641143894723
-1.0825239216144744 1.2514616580927775 1.56913692491495
-0.41174513031115295 -0.9107671256269838 -0.031150975024521573
0.3238834972140677 -0.1782035220075809 0.929162811419514
-0.8518012474757114 0.3724879508751557 0.3683566963994175
-0.6001746335106235 0.4466910397201064 1.8261463618009075
0.38743722086901067 -0.9160030995174634 -0.10407269560032387
0.892461200846515 0.3443703660721725 0.2914139149740917
-0.2310966352509465 -0.2057850711087654 0.9509192089293277
-0.14276386225725052 -0.33009952409796656 2.1020269069832422
0.1699835985717084 0.5256953500330873 0.8335169359636323
0.983613269405699 -0.142082791147038 -0.11098234383121867
0.06008530291274779 0.8387238178292421 -0.5412318838233063
0.3554422009851537 -1.1211982016899567 2.5516265751076834
-0.27971079463063503 0.5911429178358409 0.7565133035208317
-0.7902740991302667 0.30568546433253396 -0.5310574548839407
-0.5451854743085099 -0.7463957415318901 0.38166115375316967
0.8576786079936988 -1.9736492824451763 2.806151159023887
0.9410419112727947 -0.2144409839950033 0.26163985150661845
0.023160477013229316 0.8124425518429274 0.5825810364372186
-0.33749637467066956 -0.5421739264636086 0.7695086144503487
1.1478819863954366 -2.88204844090844 3.1822591453326243
-0.8888387862656902 0.1962653949392719 0.41406022793438163
-0.07766961908616425 -0.9550816443669227 0.2859815823406142
0.4515896875516414 0.2220317260440908 0.8641578206417009
1.8079453778144976 -3.7373485987033064 3.5589059218523458
0.5983474245252488 -0.6362898094000325 -0.48694508456257035
0.7471478826793923 0.22358163269893713 0.6259242352806408
-0.2893970826747125 -0.7383396894212177 0.6091822748500318
2.1687580392063532 -4.474699146133363 3.8772405943290784
-0.8059174697548708 0.06280041802394087 0.5886878967810917
0.34503396975628337 -0.7582067120122812 0.5532385254470085
0.48109105683257364 0.6489820629258497 0.589383841294368
2.801480282561629 -5.238904936760782 4.245363785910732
0.35464575031654705 0.8067529139085672 0.47262864058416326
-0.933777568180484 0.331448693924471 0.13491263448097585
-0.047810604699411834 -0.4891754614758354 0.870873552090171
3.294156926750997 -6.106746793812906 4.649971312013657
0.8249146160904308 0.3620367680514536 -0.4341038749448284
-0.17369324942748618 0.8931686140193257 0.41482637217196494
0.5379096013385317 -0.2667950949904156 0.7996707855474057
3.632562054893171 -7.080292248161836 4.919379952977507
-0.8487737908747323 0.32174539628191845 0.41959858229486796
0.4315252162571438 -0.03708730087639795 0.9013384422902071
0.3055634213290489 0.9460996053840356 -0.1073624024796917
4.229899768973207 -7.738867497021869 5.240954708353264
0.5357290784538355 -0.6104220926283263 0.5834214150399037
0.7731336183979027 0.6324035623061636 -0.04826182169387605
-0.3394977854533885 0.4769171972275391 0.8107343968257966
4.811254059538654 -8.448524480842318 5.663200275721296
0.679210828357332 -0.7129413921790606 0.17432194147256344
0.6165916743730648 0.6831134704757474 0.3913694831430005
-0.39810443878833485 -0.1583372050928578 0.9035713453735008
5.3667109188313535 -9.196843667852505 5.995236257980775
0.377646170247457 0.814378594125009 0.44064825672011365
-0.1595499180746103 -0.4115386471656463 0.8973179784890896
0.9121009087678571 -0.40917377193610993 -0.025481390565259943
5.83748129684099 -9.987114599117058 6.40075546407487
-0.2921972003393471 -0.9392044340379058 0.18032516529838158
-0.8945387527091887 0.33509807136712005 0.29581790647392703
-0.3382601457538631 -0.0748700961425939 -0.9380696903286911
5.4514700007083565 -9.856458602308615 7.305608958660404
0.09272458669724307 0.7220792731421539 0.685569266962482
-0.6449188106576693 -0.4810318010867371 0.593875200592504
0.7586049062754818 -0.4972028072301343 0.42107930930974546
4.984031261026645 -9.153005066388253 6.876865531939896
-0.9967534316276118 0.06954874566565808 0.04057910334025097
0.07863729463063103 0.7324049194638307 0.6763127689857548
0.01731638465879013 0.6773071178352882 -0.7354957992093958
4.510524587272704 -8.243539284342472 6.615621977068978
0.9142894763990885 -0.4038917116562616 -0.030759773046859413
-0.3138872524367654 -0.7544476701778206 0.5764403170520628
-0.2560264551646819 -0.5173786712061575 -0.8165596025158539
3.928876415300971 -7.491655368261711 6.224656717505004
0.21815640998904476 0.8801850409044517 0.4215234129507429
0.594651295021443 -0.46237321016818794 0.6577246294636487
0.7738201743188944 0.1071725598175453 -0.6242718934994536
3.4443855470339564 -6.669136663464724 5.885959853435294
0.5207706218221089 -0.5099069805705866 0.6846852900946349
0.06567485703264066 -0.7757175281152852 -0.6276542594901272
0.8511671289823705 0.3718306626258785 -0.3704821508695257
2.935124054075159 -5.882203087917558 5.43025138415602
0.13752764841869664 -0.5763396103613692 0.805555033257439
-0.6860143820041301 -0.6420653060092689 -0.34225132928062607
0.7144717835645822 -0.5055532829719499 -0.48367955306406685
2.4787260332567755 -5.10963357923287 5.172838580636857
0.841155073364504 -0.17622485154934428 0.5112754933281238
0.21884214327481089 0.9754692351090875 -0.023819544228364003
-0.4945365242757816 0.13192420239762787 0.8590867661368613
1.8887591352033677 -4.224311318775724 4.756301392976338
-0.8863399035197773 -0.05906674920469004 0.45925249025733306
0.11191134775209198 0.9350987648472459 0.3362523614986064
-0.4493077529167032 0.3494293065892903 -0.8222056187812213
1.3862834557164607 -3.448257008285504 4.369842842585314
0.5520035552754704 0.5415858018917514 0.6340165027946563
-0.5074725109479745 0.8215268857402633 -0.25993072985993515
-0.6616365818293134 -0.17826366116122744 0.7283259397660091
0.9205527272005712 -2.5687662768662944 4.131368945118831
0.33331226891115834 0.9427612200029173 -0.010246753287932175
-0.5943555170679489 0.21854606169888574 0.7739376626706981
0.7318773987453605 -0.2518724815821961 0.6331788419650108
0.6152017755845605 -1.7900730150284991 3.7673687903586135
-0.7131957326117646 -0.022235492216055856 0.700612036081694
0.2481487720107655 -0.9427795166812525 0.22268405298654295
0.6555718140651026 0.3326738609029404 0.6779047820728894
0.01801243306141624 -1.001404867211747 3.367746616627816
0.5220664541978678 -0.6699201686066093 0.5278768367502737
-0.6838864457416011 -0.6986324407696475 -0.21026558643622417
0.5096530144751386 -0.25123484167478577 -0.8228813065516216
-0.4715632964517344 -0.13483188116431258 3.0153657698377994
0.49635804817707047 -0.2849487174632571 0.8200200183103977
0.17032660127390764 0.9582016570802201 0.22986738852337302
-0.8512449181393573 0.02557444025873565 0.5241452091684847
-0.8903791718523129 0.6546687861877897 2.832573038214101
-0.7483600693448298 0.5962058631635875 0.2906803931713417
-0.3576594715598565 -0.7317854030905605 0.5801455825688955
0.5586018694942174 0.33019335264141747 0.7608780338767392
-1.4026199338032614 1.3884591656831797 2.5392677335109863
0.31562085170590615 -0.3632251167769504 0.8766139166608458
0.2896466531029685 -0.8428627107771901 -0.45352677247562717
0.9035970221000196 0.39705008340767367 -0.16081823255003386
-1.9128762816502503 2.244027000755265 2.173608017929157
0.4518459958215271 0.7417704374759493 0.495593507805634
0.6740759385946113 -0.647777027217403 0.35497459579194435
0.584343488056874 0.17367357691895138 -0.792704515819839
-2.443560951286513 3.000328506132329 1.7302392974539142
-0.34467529584407663 -0.40077860926096903 0.8488680544231432
-0.744431531271656 0.6675732428565587 0.01291373759691641
-0.5718561956124149 -0.6274727136626754 -0.5284477004284306
-3.033948652111684 3.819589160338378 1.373254090985924
0.11397563560405448 -0.7203058027685526 0.6842295691470741
0.49639287735254456 -0.5552973966543661 -0.6672616235142045
0.8605834136316783 0.4156982176215793 0.2942639048509032
-3.48140664794838 4.700639605846454 1.1011129443050278
-0.5123382192810501 -0.5388425463158698 0.6686986656242094
-0.047545411539345495 0.7952613020836173 0.6043998961862387
-0.8574666175756382 0.2778635730077338 -0.4330622057328411
-3.907214645057635 5.595101400791652 0.6888375021531877
-0.23989215139516779 -0.910549479345105 0.33667801684454424
0.5968652078125336 0.1351778237666342 0.7908716952670409
-0.7656391107175649 0.3906752399862074 0.5110475662498054
-4.226877490831589 5.650054197179093 1.6902481762525765
0.8706415921005287 0.2260745884311422 0.4368912731054831
-0.4239665692485388 -0.10555737855529249 0.8995053249044331
0.2494721850673171 -0.9683734162270313 0.003945289443507949
-3.790411410648217 4.788554264502719 2.0192788464301996
-0.4958452607122746 -0.40929716342619615 0.7659074864439039
-0.39311297891888203 0.8922149962925683 0.22229562993268712
-0.7743385225601429 -0.19086409458731293 -0.6032998217507378
-3.2368235191745645 3.9905776443780017 2.396231172397277
0.709843769017164 0.5215415191314159 0.47340968974475883
0.2714482759174084 -0.8227561660676547 0.49938806469064545
0.6499526433381244 -0.2259802598589607 -0.7255994788309796
-2.745984414321585 3.181905738155013 2.743535597553255
-0.3506983442656447 -0.8179397685710863 0.4560536581742481
-0.7149523144347881 0.5483761787762489 0.43373494803432106
-0.6048583959351654 -0.17394666041372733 -0.7771033416787597
-2.2178951678184142 2.380233862864362 3.162767105542272
-0.43517112928319707 -0.6394674072667346 0.6338052575700787
-0.012980159027305338 0.7083381459713384 0.7057539039524591
-0.9002540926612409 0.2988965976638376 -0.3165479962017906
-1.7269047668932171 1.6352430754559775 3.4401865236305857
-0.46977575741681443 -0.8783850569043414 0.08803960003574916
0.8762985144543033 -0.4519303938224908 0.16690911983525472
-0.10682227145778032 0.15555894190088598 0.9820332782096403
-1.1662014604672855 0.890813082750583 3.759437746645901
0.11767286643519198 0.9792206164190695 0.16516832336341292
-0.8680106896625798 0.18221934897900763 -0.4619011724249318
-0.4824005202329603 -0.08901437396036958 0.8714160134407902
-0.7561523939348405 0.07390997807194284 4.0813772571726314
-0.12292075834614867 0.19432662768395156 0.9732053110875548
-0.30458054994845657 -0.940701739969716 0.14936649522899467
0.944521851485937 -0.2780586019142072 0.17481983956408836
-0.2237338576984842 -0.7859522144738117 4.306773789299665
-0.41697209114022143 0.7968594781512081 0.4372073584493604
-0.8154013813055423 -0.5404671722752828 0.20740086073559288
0.4015654952709808 -0.27001950606668806 0.8751197838566421
0.223558003425604 -1.5331604916016 4.77182539845826
-0.9656148940049798 0.05454410074385954 0.25419058452226584
0.2513666509429723 -0.05366732341176401 0.9664024492611316
0.06635327324656641 0.9970683037027641 0.0381113809527635
0.6182228946884549 -2.390886487542563 5.055322596593473
0.47633196176858655 0.7862150511742595 0.3936682814425913
-0.8790154149876063 0.4364755705344115 0.19188736007774285
-0.020962315156307202 -0.4374418918196967 0.8990023183811207
1.0703553290114962 -3.3060071651968066 5.386697207174761
-0.8707067618954771 0.21034743964534852 0.4445498287401362
0.19977222594156194 -0.6747102066998134 0.7105326740570819
0.44940098470493023 0.7074744220313781 0.5454528272179578
1.6045836788006482 -4.084652465495493 5.695468815562986
0.901935710999683 0.37360150709360807 -0.21664425524996478
-0.013591377049348949 0.5259472926267708 0.850407999806364
0.43165816976896615 -0.7640680755305349 0.479448134456289
2.1248455787101577 -4.898245269090954 6.074603010726613
0.025648215210934796 0.4302376851349734 0.9023513415352277
-0.9978819145020085 0.06500012826460788 -0.0026282229110681766
-0.05978363663833586 -0.9003722310295407 0.43099334202082773
2.6810940407460078 -5.690639901993522 6.430704440021981
0.6011971323372585 0.17041055703162933 0.7807197881185798
0.15645249752581514 -0.9831898644981844 0.09412758796738961
0.7836356273519455 0.06555605887910966 -0.6177522099008457
3.144769650364902 -6.455901859341403 6.810083168901317
0.47553095673558515 -0.4165970227729857 0.774801762044905
-0.035636711369796355 0.8709119367122908 0.49014582625068104
-0.8789766964182891 -0.26069053945397036 0.3992996619151268
3.667633513426547 -7.200970435015272 7.064155438512809
0.6733835070206078 -0.12946267978171078 0.7278695401331249
0.1769826617211352 -0.9276902029047452 -0.32873822355717014
0.7177965268211359 0.3501868508795761 -0.6017789264247241
4.212012571114349 -8.107777834401666 7.420044589008729
0.04350672594022391 0.03870473991214111 0.9983036106693287
-0.142221075007334 -0.9888318718306274 0.044535608819586084
0.9888782051288306 -0.14391723041770035 -0.037516193764165345
4.702639697648384 -8.89487085603797 7.843244043461577
0.846319481079671 0.49076929000759306 -0.20709842103065348
-0.475310382994138 0.8712746867243418 0.12231110818797247
0.24046578621952033 -0.005078451178253255 0.9706446237331467
5.210109972000402 -9.655203320598554 8.197957770425548
0.26518397420652656 0.010861211169438558 0.9641367927469316
-0.5085059316282083 -0.8479954230430785 0.14941618304506465
0.8192061159913563 -0.5298923075055062 -0.2193513829027095
4.812116805077114 -9.449581384830466 9.137829506544502
0.5331170784585173 -0.7057099707438153 0.46664836190980874
-0.8373230338918152 -0.3611290790840433 0.41045768294531776
-0.12114346826348588 -0.6095571475434128 -0.7834305218916143
4.2729477237877145 -8.644127033898458 8.724209049969305
-0.5863672977554614 0.4342903937595422 0.6837878477222507
0.3102589465671948 -0.6593553037920302 0.6848288001287595
0.7482726077840196 0.6137118067257719 0.2518822870881104
3.8437666917455338 -7.793774337798677 8.435274806722838
-0.5716063811005678 -0.09008260014771996 0.8155679176249291
0.017179791277665876 -0.9950513740055242 -0.09786716749787981
0.8203477411611819 -0.041929890308107495 0.5703253340080641
3.3323384807233043 -7.011218693242326 7.981231614839511
0.8782268387900675 -0.422444241991643 0.22418449823461886
0.251949053989842 0.8071251847230463 0.5339202353871401
-0.40649643194030066 -0.4124194705184039 0.8152729725054636
2.8858525652252194 -6.318384488486311 7.69914782075027
0.7108490726064831 0.2595602407503713 0.6536989514182325
-0.7013796975450656 0.3310241269232541 0.6312597572431032
-0.05254018368202402 -0.9072214107425784 0.4173587509933593
2.382603065543818 -5.491925403124644 7.342822352889225
-0.4697235115936734 0.39529468505217286 0.7893686673274343
0.648970493794966 -0.45156677970876263 0.6123103575547831
0.5984958860304146 0.7998933029562829 -0.0444223667947744
1.776453730678813 -4.725325444713307 6.9177844338877925
-0.21962180476347876 0.5124783020188058 0.8301395150314309
0.8381779988284113 -0.33630779173658926 0.42936485598311114
0.4992225747090562 0.7901035997681464 -0.3556881628341244
1.274742123169182 -3.8643076387306277 6.699509044401403
-0.19889064321063393 0.6908674150886897 0.6950865727065141
-0.008905787590205168 0.7079526409988481 -0.7062035951710501
-0.9799812909469396 -0.1466481768876315 -0.13465236840329423
0.6976868580331936 -3.027201254202588 6.381882194175732
0.06829151341586101 0.8573070862780339 0.5102565766895724
0.2874734714816866 -0.5066670015859025 0.8128021986747568
0.9553503630217821 0.09117746942628832 -0.28105400959998844
0.3095823791688606 -2.1950380482478566 5.974476444167219
0.4874406534642152 -0.21378593309535246 0.8465798383855797
0.5749345992505845 0.8082958154908886 -0.12691540974360518
-0.657154648968969 0.5485923455998274 0.5169089926987588
-0.06991823677689661 -1.3373666612428377 5.587639080759415
0.5675454796487691 0.3764982933723481 0.7322177393261957
-0.8232956963816228 0.2500934219479759 0.5095451942302596
0.008719985885665147 -0.8920216642502616 0.4519082776302226
-0.6000445492347943 -0.6161280123631707 5.215372905695256
0.21275339627012463 0.12216517373208437 0.9694388707295526
0.8720260621172135 0.42384948145473006 -0.24478689220827718
-0.4408015232955994 0.8974560984797685 -0.016355955589408548
-1.1123128578293877 0.2472324412041784 4.899587572413943
0.15113714335640413 0.9358583888407015 0.31831974774330346
-0.8679932022543917 0.2797315227526228 -0.41029017716650523
-0.473017031427072 -0.21428887297045535 0.8545960581812442
-1.5270698897228534 1.032320256694324 4.548005162615871
-0.552013311083476 0.6427361493607907 0.5311985356015919
-0.4240870590088942 -0.7649158581643843 0.48482384035256515
0.7179358398952786 0.04235469673286428 0.6948191877750757
-2.070370415596366 1.7361241106652732 4.360894849125498
0.0972239711250604 0.30720194489542624 0.946665777722828
-0.9952373417236042 0.02323867822645733 0.09467118517248085
0.0070838957514005865 -0.9513605527718889 0.3079974375076043
-2.5467670185218676 2.581934116408064 4.003730569032455
-0.4811084192819919 0.8649233351371379 -0.14297728870377463
-0.7735794497969241 -0.34212267925483847 0.5334116769066315
0.4124448478699254 0.3672326979773414 0.8336842682817922
-3.0811549584210027 3.3631388008731657 3.5739548955790164
0.48562860744827896 0.24443577510699 0.8392949305107136
0.23186705069117658 -0.9617381209227769 0.14593490838074882
0.8428542651988968 0.12373470905762397 -0.5237244385607835
-3.5592643449799275 4.174673322847776 3.2850080828336785
0.6375300077220969 0.3380435048236519 0.6923029336479202
-0.7701031699808369 0.2536200895963989 0.5853348503136744
0.022286534789909426 -0.9063133600142012 0.42201885335682315
-4.1587020265741685 5.080573045014537 2.931411346447924
0.32094831056180406 0.9157665773218412 -0.2415860477218618
-0.6350964596392203 0.3973294779616053 0.662406412192652
0.7025988943979876 -0.05916793426609873 0.7091217175967668
-4.483195134674365 5.821437631653601 2.606211339817591
0.561959110258488 0.7589653970341665 0.3288984731144187
-0.8074648610724985 0.5896070141091994 0.019066872052969405
-0.17944992929352616 -0.27628848139362205 0.9441725314609355
-4.799814652421475 6.1154989681394385 3.548759611596992
-0.624384895845336 0.4942844833001183 0.6048364986091546
-0.11985337629270267 -0.8257773012034634 0.5511150297763417
0.7718676433845539 0.27161604470435585 0.5748438437978122
-4.367173870663652 5.267732600616207 3.8265280715152663
0.6466073540579834 -0.45615604242602265 0.6114087582708011
-0.1900248843854362 0.6799209553050709 0.7082362693994259
-0.7387759541732207 -0.5741333062194793 0.3529609832151061
-3.988406162652262 4.38360414981257 4.117700759179993
-0.3629858108338572 -0.6905709352531328 0.6255831119613963
-0.914839201214606 0.13662743704521643 -0.3800016266601081
0.17694567764965077 -0.710243332825232 -0.6813550622178711
-3.3836557545506265 3.5668303080012054 4.536352084975868
0.009410203426946673 0.9916513691257774 0.12861019060729545
-0.9607127302115331 0.04464360746142275 -0.2739316277782296
-0.2773861141670112 -0.12097969213723475 0.9531109647772814
-2.8021893804225466 2.754288610893644 4.917447355096273
-0.522785003208537 -0.7386626955463563 0.42552760717863886
0.37701530038720205 0.247357278938753 0.8925653706727207
-0.7645620695763268 0.6270502839352615 0.14917295216423754
-2.351241036547283 1.981836914238683 5.22695589301595
-0.37893190085155354 -0.836350693847778 0.3961436738898184
0.3779917145633338 0.25085213663926115 0.8911758800778321
-0.8447090932221838 0.4874330423254569 0.2210771937971151
-1.8489281479678576 1.1874324971811 5.570067950725209
0.645539224601003 0.6929592963733218 0.32107119243691246
0.49570701830268515 -0.6999836578913821 0.5140983633711659
0.5809935127069197 -0.17271364705011008 -0.7953713741890328
-1.3513826793525103 0.39356998891339445 5.915456470298699
-0.22939502137476386 -0.36575653176863426 0.9019980318825098
0.929670830966861 -0.356781354616618 0.0917599181585664
0.2882541974543514 0.8596100379305226 0.4218769214598213
-0.8636828028169661 -0.3943250903587586 6.196172505483366
-0.49842498631952564 -0.8458996352666971 0.18980667718509023
0.780477611858913 -0.5331423804607287 -0.32651662064494863
0.37739430252899575 -0.01460393313078888 0.9259371111017757
-0.40372611064060815 -1.1921949622126689 6.553991558275976
-0.2995071232625228 0.9159206449027061 0.26718182896266485
-0.5279400500589367 -0.39235669637898984 0.7532160443228365
0.7947166611100038 0.08453770131889249 0.6010643985032245
-0.00882627429663363 -2.062488184300877 7.021001505912343
0.24130339020926406 0.9693700259043332 -0.0457638554243975
-0.9634410503998401 0.23363800854753947 -0.13112679487035314
-0.11641800092333192 0.07573203302603337 0.9903090708035658
0.41225450261237584 -2.7995108665621142 7.170739800000183
-0.2945774322296676 -0.13314396115843155 0.946306949516632
0.5626708498331184 0.7762317598214379 0.2843695682763361
-0.7724154372496282 0.6162279301952307 -0.15374500712859748
0.9600578694443085 -3.6375776700085543 7.566444876546062
0.8020418367160497 -0.4162960796852979 -0.42828422207473316
0.3035190394562116 -0.3334949858568023 0.8925559295526075
-0.5143983899522684 -0.845859185087749 -0.14112313400062274
1.4974921048133232 -4.366661865578066 7.957109380558452
-0.06649105351998329 0.6246934932847985 0.7780341954485683
-0.3766017941555469 -0.7377973112328484 0.5602021477725506
0.9239855153133667 -0.2557602577401423 0.2843176001794397
2.0265266964690847 -5.206120098871233 8.34052011991277
0.9998345115078175 -0.01274113209799069 0.013030357180456843
-0.016786453382911563 -0.9222283298058538 0.38628149930269473
0.007095265070242913 -0.38643620487072006 -0.922289115339874
2.597455513397864 -6.058065237439386 8.60553318723102
0.14534426647873383 0.06187293292646464 0.9874447689892365
0.9876870660277506 0.04929712181431837 -0.14846862332311322
-0.057864295227557795 0.9968660628900382 -0.053946047480596525
2.930502344585791 -6.906121231311512 8.934154997185155
-0.7791499140347145 -0.6249789540552999 0.04823473860822892
0.624766708664658 -0.7805228411177143 -0.021216346272710858
0.05090804456185089 0.013604727993297209 0.9986106865171178
3.4562940905729462 -7.74164261860771 9.230338675819024
0.11724740623565173 0.8990552067901904 0.42184475441810104
0.305016788601424 -0.43684375907847184 0.8462455632628835
0.9451019981139948 0.029449287334634536 -0.3254451975539163
3.999328743751521 -8.530276874321801 9.679126323574016
0.37522078158367755 -0.8866427824223694 -0.27032330067742333
-0.35583780566539147 -0.40706638476674306 0.8412347361824942
-0.8559144160087988 -0.21945644854508795 -0.468240886410758
4.395752763581529 -9.373136730859772 9.9226053729339
-0.5121945380489656 -0.2774899999718062 0.8128076125309692
0.7942593212951072 0.20707889234294832 0.5712010830843083
-0.3268174815833346 0.9381455383310088 0.11433461081602085
-4.068580021939441 6.5505417472357435 3.7507898467301697
0.2656301044696703 0.9632037821598066 0.04097897256275283
-0.14116444116856522 -0.003188004279547985 0.9899803585223752
0.9536837544547356 -0.26875389634969216 0.13512356094767694
-3.5289667287783995 5.738999864311668 4.0585527524261265
-0.23462236005184423 -0.9691810636664496 0.07510183736893199
0.9714329796565471 -0.23093305474049083 0.05465054895750321
-0.035622735931898325 0.08577874859565632 0.995677206396443
-3.1687826366842895 4.878715862835581 4.286361629266193
-0.6789806663267475 0.3334851636435917 0.6540432791147517
-0.35354980902068855 -0.9292979111154915 0.10680381598865464
0.6434193558882512 -0.15871937509656892 0.7488796909012158
-2.625350053521435 4.114707762593392 4.664689647261722
0.29647864247916306 -0.9260401511442152 -0.23356116341028912
-0.451173943713291 -0.3513537753446123 0.8203611691704734
-0.8417500571375996 -0.13784349648738617 -0.5219739576248881
-2.0779038821302995 3.4160483427315755 5.097431662897938
0.14517182097250714 -0.9297468183466501 -0.338372964935172
-0.12183672583810533 -0.3561915728816634 0.926436106353042
-0.9818762015741543 -0.0932663659324514 -0.1649864413060214
-1.5097439194181297 2.5215151497131854 5.352440903811383
0.4267576879292581 -0.30056004875119785 0.8529607065401581
0.38355851949418146 0.9142830552474536 0.13026478144193301
-0.8190000263058875 0.27156887746976893 0.5054592523062933
-1.0424403973080503 1.64000153358872 5.6572268663736445
0.27621764617817507 0.8461281614009506 0.45581987375702626
-0.7586796800728691 -0.09918922793496618 0.6438679836552671
0.5900067058799328 -0.5236694837774727 0.6145424633219074
-0.5645361323789636 0.9876652217861799 6.05771243887304
0.19418614338061885 0.5287180308319224 0.8262870434153118
0.7391952862467929 -0.632610765294166 0.23107101247212383
0.6448897434375209 0.5659160552454927 -0.5136694627148457
-0.11570898986023957 0.11998790529905466 6.374674085022819
0.4345627928658127 -0.12823173406418484 0.8914665051622154
0.19608942792620307 -0.9525963952686964 -0.2326120057168061
0.8790355789429025 0.27589132353949386 -0.3888178557580818
0.3363032575601368 -0.6776322617191006 6.793180352909646
0.4225354327898753 0.1325343955085551 0.8966046267781276
-0.06265160022958394 0.9911550216492321 -0.11698514713259392
-0.9041788054746495 -0.006743349262525577 0.42710186368318864
0.8202421008216527 -1.5727348798603282 7.186583332970792
-0.44735567375110963 0.8942687363972234 0.012528579195800582
-0.8934252120947036 -0.44620607212843055 -0.051881111593869024
-0.040805307343801195 -0.03440267953455561 0.998574338491196
1.3053487518669202 -2.3844065802950993 7.346876910862857
-0.5069757692213293 0.5478379168608694 0.6654693415932608
0.28933178301605844 0.8354066819224327 -0.4673145666850084
-0.8119499879452093 -0.044375778078109954 -0.5820374264516722
1.757087445960046 -3.128635879217376 7.750380290103073
0.860889929344119 0.4942305248879036 0.12085473725947997
-0.3549835590872797 0.41328566018001933 0.8385589919816292
0.36449445717425655 -0.7648075450624642 0.5312370114613203
2.2889861663142854 -3.8418587311162256 8.13944451945859
0.31947333804801875 0.21356955596757532 0.9232147350946766
-0.8898555926027822 -0.2672731035460321 0.3697595519343949
0.32572005018702616 -0.939655340776061 0.10465949951031686
2.8460024581172276 -4.696065594320289 8.390330045859132
-0.48555007673125294 -0.10395078008255304 0.8680071662638266
0.1347055758366065 -0.9899434598031279 -0.04320081095147203
0.8637685986070224 0.09594934888918323 0.49466940771908147
3.310557534241711 -5.427928067953383 8.78891208145777
-0.7540672029267513 0.47188669323786125 -0.4568436938509804
-0.5462392204301638 -0.06435011640004387 0.8351531748320782
0.36470033508202127 0.8793069349367486 0.3062877232533841
3.7586543049911345 -6.317188303680515 9.087194235246384
-0.9843278449658143 0.14898885632083278 0.09434587609583846
-0.14979491142043821 -0.9887158831059453 -0.0014850967999776273
0.09306005963906036 -0.015594457786773347 0.9955380459500859
4.25491289962396 -7.114365599005512 9.449461827929476
-0.7869455991004294 -0.4066452025235201 0.46406628136582767
0.4062564838494246 0.22460026316248785 0.8857256783737508
-0.46440503251054605 0.885547575657516 -0.011546165149627812
4.820052136166416 -8.033060882935404 9.777093332934985
-0.8074819662070597 -0.41996805612426913 0.41424675830641916
0.528320399654167 -0.20250198870332006 0.8245428951176409
-0.26239554652567115 0.8846581097645146 0.38539394545852884
5.24306106307738 -8.667115368618102 10.16746600390981
0.5072128921535629 0.657475719415817 0.5571908900902951
0.5280958184765305 -0.7480353744449663 0.40194107926602535
0.6810651049201697 0.09038082465305378 -0.7266233195985959
5.605004570992168 -8.918273107496232 9.233155218781075
-0.6241939046126487 0.770596237666068 0.1287028078457657
0.7230639685878252 0.5074034224097095 0.468743308785284
0.29590696511904635 0.385646834442961 -0.8739080711353178
5.083738156994474 -8.148568602505096 8.950329880333992
-0.7150196968633195 -0.6981792733426501 0.035975321685568
-0.08642504727163108 0.13933919612801635 0.9864656422257086
-0.693742388058839 0.7022324983810821 -0.15997024250235517
4.621606707728565 -7.297769986529904 8.608989415059447
-0.20776148438008243 0.2979536247051766 0.9316971377040998
0.9317687925531755 0.3501879051821665 0.09578906340112256
-0.2977281387982791 0.8880270284303129 -0.3503797541096847
4.107666144216185 -6.433905573807028 8.170567485357807
-0.4377961467757465 0.4185090748624979 0.7957288796752535
-0.5962839066732138 0.5272383674399603 -0.605363780100312
-0.6728885100258358 -0.7395060411904701 0.018727279047355973
3.551530422912536 -5.645622382526481 7.86268495776063
-0.43550606178407736 -0.5014212118565341 0.7476044944815109
0.09544760788301611 -0.851538946398621 -0.5155288631916416
0.8951117433914989 -0.15315845649860804 0.418709616273264
3.13205709463508 -4.878299591580365 7.451500972692883
-0.9185644406979764 0.39239424801522 0.047597165432620527
0.10141182526212347 0.11756826068717309 0.9878732889682346
0.3820404025426689 0.9122521345572117 -0.14778693169823856
2.755194363797104 -4.1707079915169185 7.171506080925347
0.29540012807575616 0.8031743728986716 0.5173494302521193
0.9289025395775057 -0.11487069754528291 -0.3520565897584888
-0.22333433432744995 0.5845643476239748 -0.7800038078164238
2.100266116811513 -3.3735215395989453 6.874150896868184
0.3186798239985669 -0.8994597837890457 -0.29902573023559875
0.2273781662466243 -0.23371928777618212 0.9453435537571456
-0.9201856048705545 -0.3692533392877222 0.13003639540346681
1.6039820559419449 -2.4969787400214454 6.47987377283401
-0.2574499203417411 -0.16257976535863475 0.9525164029442214
0.23036070623778462 -0.9676494332019607 -0.10290000789480498
0.9384310677859123 0.1929310303013047 0.2865734683672289
1.170489941737547 -1.7166318796003848 6.147695682782224
-0.32488148408902207 0.5921102240320149 0.7374669422437711
0.6532633651253889 -0.4233612874647275 0.6277027779353866
0.6838847728330686 0.6856893087340591 -0.2492621434978838
0.7015801922606556 -0.8760683634308252 5.8651892998283035
0.0936307285237648 -0.35620555988082114 0.9297054034181732
0.9480433290438345 0.3170750886673075 0.02600616980202221
-0.30405017340217494 0.8789661278291541 0.3673858686967628
0.17905332833517443 -0.057287048449308486 5.526304911343843
-0.2112302123439213 0.24136888010495164 0.9471664750683817
-0.739718634102928 0.5939340833525517 -0.3163201823950301
-0.6389041123288053 -0.7674520052620647 0.05308764782572134
-0.275992678180059 0.7684787005078864 5.043354864320337
0.288541513411219 -0.17708669782823117 0.9409491049111074
-0.01771437804377042 0.9815919672177557 0.1901679282604459
-0.9573037958474001 -0.07153959451311571 0.2800927809079293
-0.7015175777392245 1.6127502699192169 4.732773794469976
0.6563375846059981 -0.712279167169658 -0.2487572270969711
0.004291588904840976 -0.32618175792992793 0.9452973173740482
-0.754454851681794 -0.6215019814893622 -0.21102910873371908
-1.2430583256952905 2.3722503099399077 4.456145945878635
-0.2936046979748877 -0.09657274685733296 0.9510367561912686
0.9432085058401782 0.13248362577327946 0.30464082946309945
-0.15541748641446976 0.9864693706991549 0.05219037810331424
-1.7667969833759323 3.1907018091090733 4.138444561298416
-0.010040046257460274 0.5496516134034892 0.8353339482100688
0.6433481407581091 -0.6359678604434517 0.4262002806802166
0.765507564281624 0.5416895731451792 -0.3472318805921346
-2.33968646253397 3.9805841296894977 3.7454708413419895
-0.10104034683525688 0.8203030476974715 0.5629330633420958
