1.0 4.574843622999151e-19 -4.2007632322042455e-20
-3.831419253400575e-19 1.0 -5.849023200306441e-20
-8.535809061803584e-20 8.69125311006559e-20 1.0
0.0 0.0 0.0
-0.5574816140427713 -0.6195753248865794 0.5525754955452682
-0.7434503637689235 0.0763745907948536 -0.6644162619678046
0.3694537263648312 -0.7812128992005742 -0.5032017382124766
-0.6111646308589327 0.29275149536068085 0.8211074643226441
-0.25692037323277545 -0.4260269279960155 0.8674633340225659
-0.5458948928926949 -0.6767101494742147 -0.4940247360160081
0.7974897364701515 -0.6004692614032527 -0.05870559291107059
-1.0157184577871314 0.3371439852336518 1.6018905268813035
0.21494672966655173 -0.9034400195463979 -0.37093731393887713
0.6676060717356898 0.4131401464045329 -0.6193680217715737
0.7128115499197518 -0.1145091481493284 0.6919459780109164
-1.5949969048098123 0.2980530754143025 2.5734689759183684
0.39961488044456484 -0.33232377430620824 0.8543242395794022
0.6966407977548783 0.7158530841714961 -0.04739741358130933
-0.5958195593689062 0.6140975475705042 0.5175755657613399
-2.0849600215365647 0.28334329526738083 3.3840259315528796
0.38348348248048464 0.5152187195243365 -0.7664790562668357
0.5201043574582126 -0.8062889709135808 -0.281760904254975
-0.7631720285159376 -0.2905983704986746 -0.5771659775164455
-2.5404350093033474 0.47571161527943007 4.136180009478173
0.5402175520138255 -0.783488685393916 0.3071004881764416
0.7982362613388202 0.36155008930469873 -0.48176838816531925
0.2664281387272334 0.5053980319754419 0.8207246094060875
-3.0130556098688555 0.6849656376954087 5.154404696554906
0.9539184258109017 0.1649482632685015 0.25066454015404993
-0.14464379244077544 0.9846678572063767 -0.09750287514330068
-0.26290387557508127 0.05675272123784304 0.9631518951062703
-3.574841429366249 0.7033171754004336 5.940283092502785
-0.4137704316968724 0.8847297668470145 -0.2145870622248925
0.8108587631447235 0.25099262212391465 -0.5286876960387977
-0.4138856423150424 -0.39275465965926576 -0.8212446759716403
-4.4394778659885965 0.7254007112725335 5.410950993311978
0.8698613183735991 0.35705032865392416 -0.34037568240168053
-0.19763228685175852 -0.3799626784785382 -0.903643164860134
-0.4519761629776759 0.8533132857907423 -0.25994998795731006
-3.864404622070634 0.6186014425952863 4.55062232583544
0.7339573185128119 0.07566596713854734 0.674967997771888
0.37881311425807485 -0.8704554833600148 -0.3143390389083957
0.5637447863979625 0.48639739185733355 -0.6675404656179122
-3.3891203130695726 0.5471892657649526 3.673625765688156
-0.08113332884328121 0.27046375503899345 -0.9593055572576091
0.024122488075397772 -0.9616637509845011 -0.273168689704178
-0.9964119114661304 -0.04530395241577034 0.07149874785934882
-2.842197328289943 0.4829946717173883 2.8340158208531245
0.5106425341631841 -0.5541429571922807 -0.657395466799342
0.6896542153098699 0.7205802315634597 -0.07170385728925473
0.5134407414463805 -0.41676068672705996 0.7501271066865213
-2.4054419422585784 0.4395437198778017 2.0108880432201275
0.9814447809437935 0.15838246191063146 -0.10807942490662968
0.05707969336190049 -0.779435001834765 -0.6238777657682038
-0.18305174278282957 0.6061323748457542 -0.7740134939540501
-1.8746278609284963 0.4205830733400156 1.2425350825511137
-0.5292018832925385 0.7869255017316699 -0.3173212361787959
0.8484760709774829 0.4933217160345814 -0.19163013952368152
0.005743095891824151 -0.3706510591001179 -0.9287547419494174
-1.3931870777055615 0.3024657522443637 0.3811888095018238
-0.9398902812043333 -0.3393160228984426 0.03834265420659576
0.13750748096873522 -0.4788659215371846 -0.8670524395381638
0.31256532074131205 -0.8096619691668586 0.4967397349922387
-0.830253736733036 0.21120072662695402 -0.4983344864731911
-0.04802165621467571 -0.5822765592903266 -0.8115714297855922
0.15306021006216006 0.7986227911666897 -0.5820432103494881
0.9870496443220823 -0.1521699802037751 0.050772196700977004
-0.17428622623603182 0.18754079034689816 -1.3287905120787762
-0.8696440886469947 -0.43650606549778315 -0.23061138449748514
0.4369824421762039 -0.46326858031080265 -0.7709919208531902
0.22970798629321443 -0.7712621250022852 0.5936247726326234
0.3792271022489464 0.15035279657446834 -2.1566572766292107
0.5532563568140639 -0.07452963363095753 0.8296705909172272
0.2818637210551336 -0.920491031353633 -0.27064558838908365
0.7838757465467788 0.38359107849398555 -0.48826064879526315
0.9191062443387349 0.08628766227799994 -3.02461168270421
-0.30348374415908086 -0.21443809801447897 -0.9283933206350833
0.24383897497617352 0.9244235831358807 -0.2932294893908573
0.921108868059615 -0.315368525778305 -0.22825914632723784
1.385576704675424 0.08565758406728433 -3.8409875055822744
0.7218592644823089 -0.6866755186631884 -0.08600132355689827
-0.6583818021590304 -0.6431428786376471 -0.3910249991550868
0.2131958948461789 0.33888674450297274 -0.9163540098193951
2.0290801802963165 0.03126660405222338 -4.742413073724104
0.8883972938382761 0.4502806831357117 -0.08942678501270697
-0.2254596413298147 0.2582612745163253 -0.9393981002826518
-0.3998978519266981 0.854721525682739 0.33095908838301025
2.5319701227360145 -0.007196556097526747 -5.573808073576318
0.21126470610165837 -0.9626394310676984 -0.16938614132663782
-0.11404207033110683 0.1478383173082963 -0.9824145027646244
0.9707538025205158 0.22686731367823132 -0.07854886663013658
3.0981605810637314 0.0038422359439341178 -6.467293549103837
0.19106832926689246 0.5145680834841637 -0.8358904509285454
0.14812300987656718 -0.8569416756485055 -0.4936693575896867
-0.9703368451937564 -0.0294897117246823 -0.23995385762499807
3.6965116342697146 -0.15983431455277045 -7.236145528394512
-0.28630241758768127 0.3301838114974039 0.8994494529386791
0.38139142698028056 0.9004426222058741 -0.20914779938872885
-0.8789604023231217 0.28316276669230184 -0.3837287344744479
4.1546050796807785 -0.36039828643540334 -8.09767529102107
-0.3498378709329804 0.21942599781631297 -0.9107504277783172
0.060915953920348806 -0.9647957704238326 -0.25584687011134755
-0.9348278698039079 -0.14498377025289336 0.3241554068820688
4.694034287546066 -0.4264625842155631 -9.04856782435791
-0.7182893051459571 0.6767846787963679 -0.1613152560927063
-0.22406942450378 -0.44453246766306403 -0.867284767608005
-0.6586758360967961 -0.5868160736549071 0.4709496190023453
5.330533741142944 -0.5481434575524478 -9.807493976805455
-0.7588565868537996 -0.10300368561619334 -0.643060742449163
0.5836060301216579 0.3306702019573635 -0.7416614331005793
0.2890349919781622 -0.9381085884315522 -0.1908173686162313
5.815197142648315 -0.47192524454285883 -10.657915732745122
-0.9648515501935847 0.26119514207398165 0.028959210869525152
-0.26242917109334113 -0.9634544867548228 -0.053720354185211816
0.013869394573991294 -0.0594319779632264 0.9981365050156266
5.022422669622748 -0.4198180920350113 -11.231919656502631
-0.003460296602219961 0.9780408016496124 0.20838320733807253
-0.7318080478619334 0.13953873069544148 -0.6670728791609638
-0.6815025915276933 -0.15480470020471976 0.715255672554777
4.485672641864489 -0.2971389532321907 -10.299584424624259
0.8624683506066216 0.013270398164219524 0.5059365561859508
0.4546636067644081 -0.45944982060696815 -0.7630115864514293
0.22232753522026238 0.888104420480759 -0.4022955052889874
3.847151981371684 -0.30463298363918334 -9.425823568442404
-0.595069619545691 -0.7904705567812306 -0.1450790241712982
0.7038600343946055 -0.4254705470441616 -0.5688207837329227
0.3879093911239304 -0.4406029807194277 0.8095649898680002
3.3755420793468933 -0.120072115552886 -8.677670282802797
0.4027539431100444 -0.26795996478573236 0.8752067302773792
-0.03317694137096291 -0.9598330249014555 -0.2786023097847597
0.914707142227128 0.08317144793175772 -0.39546687050587676
2.8930749011859085 -0.08170730389333623 -7.830121628731248
0.8390944672609083 0.06431081613787269 0.5401703403264272
0.44155260291699233 0.4994573227145988 -0.7453683886856334
-0.31772673843074833 0.8639489897954108 0.39069566658937865
2.240361529765922 0.04824972104181571 -6.881278830860193
-0.09724868424822375 -0.6746023972809769 0.7317476707836063
-0.56771741629972 -0.5662848197034217 -0.5975101495412141
0.8174596148745971 -0.47353304826314163 -0.32791312558068114
1.7262209392744237 0.19912989983267368 -6.052094381017146
0.07774927091618779 -0.9603076259114236 0.26788759397286155
0.4188122285108527 -0.21238210950777872 -0.8828878791766839
0.9047384926559894 0.18083851252254293 0.3856754622528331
1.2148268591162834 0.07757192214031781 -5.244665010771295
-0.5138987296049184 0.6746596068760246 0.5298516127077771
-0.29941193405580063 0.4377465187675324 -0.847779972186408
-0.8039034622576168 -0.5943166112310999 -0.022956610979070202
0.6003174191266165 0.10376102797815033 -4.460590421226671
0.2783561073173995 -0.5084976933111185 -0.8148299212101806
-0.4979600502507219 0.6490355247260027 -0.5751425191485772
0.821312655157398 0.5658475777978933 -0.07254810388836438
0.04763965801382677 0.20654673108199417 -3.60256658531387
0.7752754944230321 0.008614041445590586 -0.6315651526704773
-0.18466794540891843 0.959307934681549 -0.2136041393047652
0.6040247010849414 0.2822317094749253 0.7453184133584413
-0.4999594133119744 0.21591617723915676 -2.69169232531975
0.5392439319292768 0.032509116434426624 0.841521574753659
0.6046397833753927 -0.710499190567711 -0.3600026103096894
0.5861975527862953 0.7029468528294466 -0.4027888792959486
-1.110224635599901 0.20889089843714712 -1.9507847212481535
0.7701450921395783 0.5366936862511988 -0.3447274575091354
-0.6327148745639397 0.5741856087296654 -0.519599255280024
-0.08092862778458684 0.6182809120177729 0.7817804459209446
-1.6389889135824824 0.37280962545534346 -1.065848836259993
-0.6884772631752863 0.5591136095615287 -0.46194260724833686
-0.6630816508230709 -0.7432826277331878 0.0886185039831083
-0.29380654512902254 0.3673177313759695 0.8824711108531205
-2.0911438615325073 0.2818766858341476 -0.2619705674576417
-0.02941817267626582 -0.37977513444745314 -0.9246109042013374
-0.8141797463961086 0.5457205901026129 -0.1982451271373483
0.5798682221902258 0.7469674868028021 -0.32525999764389285
-2.6174884233085667 0.39855106326401 0.6230730269621414
-0.879905507285723 0.47351064979132607 -0.039432614169559545
-0.16759356738512468 -0.38694415997483067 -0.9067446662608577
-0.444611536370635 -0.791241544572203 0.41983090477668183
-3.168556396106469 0.5491575756666357 1.497214466437023
-0.9139388496690561 0.27044140373699943 0.30261641865992794
-0.3342176851090981 -0.07850735060184301 -0.9392204950766989
-0.23024611357920707 -0.9595300887706307 0.16213718321783427
-3.726508025314361 0.5204847497546286 2.3617073363267727
0.0760702564507661 0.8269376359764882 -0.5571240755287987
-0.5578736380518897 -0.4278076348622287 -0.7111665028341345
-0.8264323969745369 0.36490367402165547 0.42878376528247947
-4.180999640897063 0.58845179553593 3.2250098906827898
-0.17534128489357237 0.7745007702376712 0.6077858402628861
-0.7932802554748052 0.25447224221259934 -0.5531276948609337
-0.5830631310557197 -0.5791308852044438 0.5697771853268996
-4.8173975251921375 0.7374284751796246 4.030934251615035
0.25881842740889954 0.44675327228650225 -0.8564023175505183
-0.7556420302637374 -0.4586288314725753 -0.46761611724352153
-0.6016796486537244 0.7681616924360902 0.21888334693039477
-5.280507018857838 0.8093822317648888 4.870610542037103
0.40325320047992885 -0.17715597758117127 -0.8977764025359606
-0.3339884524343426 -0.9418949519735713 0.03584487005003513
-0.8519622576108967 0.28539265498966226 -0.43899029996436395
-6.211724489554192 0.7367136860953453 4.308707532333707
-0.43768467551746043 -0.8299770696547093 0.34578907920285235
-0.729263469788276 0.10273699068132862 -0.6764764705136607
0.5259341383195845 -0.5482553055956069 -0.650237809316786
-5.587211108469299 0.7128928947642603 3.571033048297058
-0.43196810600486557 -0.5841124625522689 -0.6871804542229317
-0.14308726765831445 0.7966695790105824 -0.5872340430849263
0.890466675789704 -0.15533894861794478 -0.4277141790481057
-5.120086571228071 0.6507221615494951 2.7291157257400913
-0.3543419415355174 0.7049884615470048 -0.6143552094068719
0.4014291334537006 -0.47868863277599816 -0.7808405037790428
-0.844569567630321 -0.5233044892314419 -0.11338417055772936
-4.553049816784695 0.5953665965363895 1.8066724611357718
0.8036134444533418 -0.33408965857477974 0.4925347874338002
0.34088184198671534 -0.420002755943009 -0.841069401766509
0.4878578713226485 0.8437905588223994 -0.22363432042693043
-4.078750772532978 0.5395455637157925 1.0204643576351389
0.44610614747450694 0.8619924834587789 -0.24074443310340118
-0.8949516910454782 0.4317843735460245 -0.11235646048851088
0.007099053479573195 0.2655771979620382 0.964063319632999
-3.475824089365536 0.4844288305681203 0.15679407004474188
0.08581828213742504 0.6036499003111583 0.7926176399889995
-0.747843888448136 0.5646835210415908 -0.3490876648598203
-0.6583046558500795 -0.5627955949535126 0.49989569104779275
-2.9780430127903523 0.4058992862567666 -0.6427318494683478
-0.8030786152450012 0.550756353901468 -0.22744738444449575
0.1911809907205021 -0.12337314663500744 -0.9737699020278066
-0.5643714712920156 -0.8254978469586298 -0.006215935374338545
-2.4471364557202264 0.38155383202631876 -1.5429257243364243
-0.6406982197766626 -0.3833433266422926 -0.665247122067576
-0.45851713618047496 0.8860065841759052 -0.06895787789476214
0.6158478495440566 0.2608456402975185 -0.7434322550363834
-1.8902649074077438 0.2540346236922203 -2.476703297592444
0.0837120756635867 -0.9060413609942842 -0.4148267166242494
0.8166946727972926 0.30090400146503415 -0.49240916784790906
0.5709662174723776 -0.2975667767263361 0.7651481867077132
-1.3634620767000714 0.2835802819117473 -3.284451731666033
-0.9012423892546216 0.4220637971900753 -0.09809912660291432
0.3752787043261785 0.6470888316475295 -0.6636581893365028
-0.21662784102718444 -0.6349321733252191 -0.7415757877549235
-0.8343385880114914 0.30885173102002833 -4.088318623131072
-0.81386107743519 0.2575498662574831 -0.5208629950161799
0.22998944859424358 -0.6804105580779719 -0.6958055130184647
-0.533605693818118 -0.6860826768402554 0.4945263970250633
-0.16191964157490643 0.17325673518383078 -4.9655827185369334
-0.3560632683576096 -0.5586058578252475 -0.7491181942660805
0.9053257446502033 -0.4048344299831119 -0.12843151788596446
-0.231526211302449 -0.7239263636172043 0.6498670593086995
0.30922298361421374 0.19443783706761708 -5.7306296362815505
-0.831811079965247 0.17687901553620927 0.5261217361576889
-0.4901447196747228 0.21074137536375398 -0.8457814025565623
-0.2604769714354542 -0.9614063252741174 -0.08860096707869405
0.9131569796783872 0.21565011603301698 -6.645903626157204
0.21013202352859403 0.7672953358518408 0.6058888644624816
-0.718231666111035 0.5416140285434494 -0.4368037922115674
-0.6633163365264749 -0.34338172204565603 0.6649070888802661
1.479872216185885 0.1286899328587332 -7.4527813251862085
-0.40917599165622726 -0.5011330129124156 0.7625229885736307
0.5534000820765992 -0.8007341080749871 -0.2292875856341716
0.7254820118916742 0.3281609837741039 0.6049685329064753
1.992663721897726 -0.06419359403559366 -8.331661258976807
-0.17397307874969242 -0.26486237056351913 -0.948462174114134
0.85991216033523 -0.5102135373438087 -0.015251268857583293
-0.4798788443158258 -0.8182479266047717 0.31652198494676903
2.6239615118484867 -0.07689982386220438 -9.185710179953913
-0.13184797872711795 -0.9397791125127936 -0.3153273215249081
-0.7909797974251587 0.2914736710617531 -0.5379544319470485
0.5974682037311521 0.1784893748815335 -0.7817761543293915
3.0930589337578174 -0.1475019105707736 -9.953842296493608
0.8831831291894652 -0.01828600380773311 -0.468671644196972
-0.45422768032725375 0.21569536829155853 -0.8643798565004331
0.11689620709705106 0.9762897715685467 0.18219243671137567
3.622512040057253 -0.20107974497573836 -10.78416663112331
-0.9832007154129385 -0.07551599649603992 0.16617266599661207
-0.1739730686261229 0.6631433921386384 -0.7279927757574634
-0.05522100940937297 -0.7446735279893508 -0.6651411707515468
4.137296187934139 -0.25393205342998454 -11.682339803387467
0.49656517020394925 -0.7259482139335756 0.47583914809364286
-0.6449655933323365 -0.6754651749260532 -0.3574434493365926
0.5808979305962907 -0.12940634604075568 -0.8036239456156681
3.2139294398384357 -0.15516572372327495 -12.273975808765973
0.6740095856985278 0.02750524726722478 -0.7382109837826788
-0.5059567758787598 0.7453126087703428 -0.4341838437701428
0.5382562450249777 0.6661474558663955 0.5162648523257028
2.6883859111327517 -0.10176285623826446 -11.430094468327821
0.08486048844274015 -0.17450455398518533 -0.9809928710487813
-0.8325429261532019 -0.5533306492327622 0.026410458473642998
-0.5474222626276813 0.8144773355638696 -0.19223854404071677
2.2634501630648183 0.03117572869876912 -10.53485746157033
-0.33778352108252824 0.23475854820610192 -0.9114771615989521
-0.5802999607327886 -0.8143854871101701 0.005300965432737903
-0.7410492838842113 0.5307206747727361 0.411316925175592
1.709789954852663 0.005662588750941406 -9.687250581660841
-0.4472703473551942 -0.6998094726929857 -0.5569704740885695
-0.44257755273099175 0.7143181727971678 -0.542101419337441
0.7772215964689053 0.00403647693304883 -0.6292141735779169
1.1195085493241506 0.08162907618924656 -8.834345103059954
-0.7475609357855183 -0.4665313356522731 0.472757936922316
-0.6089727123637411 0.7655806503738248 -0.20745605930650768
-0.2651500828900137 -0.4429831089236443 -0.8564240689397318
0.6474096051105699 0.1502415322413697 -7.909498827699771
-0.21528422483170173 0.9525851410900072 -0.21501969900109802
-0.48468118660954257 -0.29537647400319933 -0.8233086844612858
-0.8477842176957737 -0.07302926745558176 0.5252908532715987
0.0008633812311637998 0.3053215860583248 -7.125211183825639
-0.17380175034119927 0.824106970457986 -0.5391103655927183
-0.7993821464574817 -0.43778214311487856 -0.41150255475032954
-0.5751354988008508 0.359435897650838 0.7348647162848411
-0.6162279879942189 0.24281302746328529 -6.296023772201676
0.49720879347697267 0.3597696915449565 0.7895246370314886
0.08229195736048078 0.8863199574100068 -0.45570207044207406
-0.8637197094957877 0.2915502152411089 0.4110800715636547
-1.0896306927120933 0.21386233952095762 -5.526078837267753
-0.10741048315007334 0.5157339284220398 0.8499886195565208
0.7803664393260454 0.5734615728321726 -0.24933878588083735
-0.6160291596091167 0.6365213799727582 -0.46405796368262825
-1.6935546524143834 0.35057854206718536 -4.621180746375814
0.6150511014382418 -0.7804756580228872 -0.11211880086927484
-0.7302078801175708 -0.5101512452437414 -0.45446894415679584
0.29750421035318153 0.36139227208048064 -0.8836783831189575
-2.1512612724834836 0.37877828218792525 -3.7993039479213175
0.8214046352198346 -0.371856228578751 -0.4324553772162882
-0.5412995651053558 -0.26938318850472043 -0.7965095351881426
0.1796904042273095 0.8883449506751676 -0.4225584197350196
-2.7904821186930304 0.40922305548528914 -2.9726728152157724
-0.8551402423714999 -0.39772974268916533 0.33248502019895226
0.03637670188168757 -0.685829521673639 -0.7268525693482998
0.5171189101271203 -0.6094667808295872 0.6009493050660532
-3.2944476652806762 0.3668354901043313 -2.1057424700365233
0.25972641592939094 -0.05490345223679675 -0.9641205048793929
-0.4400214253671766 0.8819868318452774 -0.16876451930140907
0.8596075090402676 0.46806565745468864 0.2049168395649606
-3.746198836315215 0.40092403656453857 -1.2349251105864734
-0.7282738410567313 -0.11863453128907693 0.6749402385962436
0.0735283919442766 -0.9927434366696825 -0.09515582372665665
0.6813313342774328 -0.019672129885145568 0.7317112509570664
-4.297687014391654 0.45401277257178074 -0.467893711169798
0.3306723727102478 -0.2834212502303913 0.9001821375743627
0.8473714390781009 -0.330751969874189 -0.4154085921585596
0.4154728073177153 0.9001536877250067 0.13079259514462538
-4.908877746005711 0.5303519318469028 0.43308835046851213
0.5151759847062893 0.06411822416344837 -0.854683111236548
-0.8302429544477706 0.2849414527360013 -0.47906709825992094
0.2128172603920024 0.9563982220892139 0.20002907138282813
-5.481155262906469 0.6908953757348941 1.336272972209789
0.9654638615548208 0.14867969020489757 -0.21394538325421034
-0.16114608221409157 -0.3044743097541233 -0.9387905929355325
-0.20471995793732098 0.9408449419458257 -0.2700007593329568
-5.974607421401295 0.6534875745092775 2.208230889903641
0.1915304263051895 -0.9685204584804207 -0.15901047764412762
0.6915113110379246 0.2481313304444938 -0.6784111002020475
0.6965113295229309 0.019979300164425517 0.7172684638738388
-6.447778309677091 0.7312324609122121 2.9521405680285415
-0.9897944887466957 0.13396297528083928 0.04858422110954369
-0.14207783768803928 -0.9014649314740716 -0.4088694937579946
-0.010976380004619396 -0.4115997184374947 0.9112986998347049
-7.068928439476262 0.7288162258659514 3.751003318661498
0.7058613522879159 0.046857009063769356 -0.7067988576914507
-0.16899410245942426 -0.9578574030293825 -0.2322704170064306
-0.6878962056485678 0.2833950457765543 -0.6681965586380225
-7.894673049536483 0.9226435009296042 3.3017630993447598
0.8308588187908427 0.5502183448696332 -0.08326905679975975
0.47315408668379494 -0.7772528534029401 -0.4147319396038961
-0.2929142726107346 0.3051849066809071 -0.9061263029042832
-7.298004629067101 0.7775065826355332 2.385237549459608
0.18546561024836603 0.7750118909845528 0.6041191332535268
-0.3454078783499122 0.6269694390826155 -0.6982857110256407
-0.9199439044663345 -0.0791597041436646 0.38397665276092807
-6.919567646305565 0.8140455286558905 1.5573529555965693
0.37959394010498115 -0.5142202990126163 -0.7690811609931704
0.1308056520019533 0.852781500337051 -0.5056216778513831
0.9158600810848385 0.09133050956239656 0.39097351869574826
-6.297084474658636 0.7967363553414192 0.7555708515359908
-0.9150408585992765 -0.09971554232744198 0.3908408143735522
-0.1114797479418485 -0.8686999092646365 -0.4826306524919207
0.38764885303715674 -0.48519879694444606 0.7837798487863519
-5.753994873214049 0.5925401126670379 -0.05337268522497177
-0.3407970965527942 0.7133969377450433 -0.612308604239703
0.8748174981720953 0.0021086881433822636 -0.4844472221113695
-0.3443122960572916 -0.7007566660699354 -0.6248115765844937
-5.17640815082323 0.4877627326016116 -0.916772690715841
-0.785704104017443 0.2885320179423281 -0.5471905254568601
0.34609906327284956 -0.5281221793673351 -0.7754367177440261
-0.5127218871368132 -0.7986471149916837 0.3150868831307983
-4.580533675118509 0.5058950717147966 -1.8134177191117455
0.3786780678893009 0.15694308441795263 0.9121250531189378
0.6721190141418201 -0.7241584582701759 -0.15443625464243868
0.6362850725214626 0.6715385395103919 -0.37970754340650753
-4.147051195648248 0.4885291499253097 -2.6582536754362973
-0.8432230030505007 -0.4943917571816282 0.21107216301035056
-0.4159921639499622 0.35143042743205083 -0.8387181746762313
0.34047771111726294 -0.7950309253714787 -0.5019968954764752
-3.501575936722026 0.49465527167638695 -3.4129389206712206
0.6199862114796006 0.3594960506402231 0.6974093642383586
0.676280430895252 0.20583197606384437 -0.7073036891056996
-0.3978215315936677 0.9101624527310302 -0.11550775737258272
-2.958182575652384 0.48773605779857904 -4.350971775241174
-0.8284145220759379 0.2526603825633196 0.4998928069082292
-0.39925968508945964 -0.8923121487030936 -0.21064600185479346
0.3928385056437501 -0.37408952777618804 0.840081326612402
-2.420946413721853 0.36645573788066643 -5.189218419329734
0.44579986152093065 0.7009264631144315 0.5567442848539956
0.5329014770481945 0.29192029760894656 -0.7942282458364915
-0.719221349488889 0.6507567231665401 -0.2433863646450785
-1.953872731837272 0.31805926883299057 -5.967106616013074
0.8895358651654386 0.2588355723720307 0.37646996210531275
0.3888350435651241 0.0037046476159992266 -0.9213004414658174
-0.2398592461453839 0.9659146504043017 -0.09734871196142626
-1.3238264285356847 0.3268569050836703 -6.746111594650529
-0.24560518899139802 0.6089401008596493 0.7542341301817784
-0.7455272067113128 0.37864145420677636 -0.5484704986500513
-0.6195706677862947 -0.6970096986707196 0.36098537353634774
-0.7817786732786903 0.39476455905940766 -7.623152947492342
0.8153257381786553 -0.3736934601108685 0.44226334277043305
0.2599432142810493 -0.44628569144350316 -0.8563053461876708
0.517371986435116 0.813131358641684 -0.26672875084847913
-0.18626272282262699 0.3080253895390377 -8.488764065993509
0.5269397321999972 0.5646999023770435 -0.6351764772510713
0.5680773419774622 -0.7898970571307542 -0.23097821611483949
-0.6321576177532408 -0.23911721692161206 -0.7370213134574732
0.26716315450215716 0.24303283294412356 -9.337078118326748
0.5675299036970779 -0.4728045593466265 -0.674066249443924
-0.44688297208570393 0.5107176772249382 -0.7344817087225214
0.6915240283027615 0.7180692464683819 0.07855903742885638
0.8188233788581735 0.1419346603600724 -10.122282407387925
0.6190123467531293 -0.7451401054612304 0.24817460505591435
0.6398953552683432 0.2952897373054883 -0.7094628857708445
0.4553661071164611 0.5979720682801812 0.6595993727530528
1.4035295136653305 -0.012526343272773077 -11.049830906679396
-0.2199019497128718 -0.056051338637645186 -0.9739102625810074
0.8650202341567678 0.45032854962713065 -0.22123361621363097
0.45097998777640663 -0.8911017145021481 -0.05054271343915948
1.8738813455260899 -0.010578456458850517 -11.898711941393065
-0.5792739983643213 -0.8095998952607005 -0.09481743619781867
0.8145727134381878 -0.5792586175832908 -0.030512573855090867
-0.030220788568523612 -0.09491085559107777 0.9950276438125635
2.368654031649701 -0.06863128271518254 -12.859564921917991
0.8268990059488326 -0.4256115432737444 0.3675486441622163
0.5622926621439647 0.6164392705828505 -0.5512070572132631
0.008028826029944144 0.6624629326565468 0.7490522246563883
1.6186062815364017 -0.05438883024041379 -13.418173044361597
-0.5984265943850713 0.6452042750979334 0.4749708814038967
-0.7958788671280319 -0.546807272335313 -0.2599596126413666
0.09199019895493729 -0.5335860777145496 0.8407286959574927
1.0372340825519337 0.06685564796817647 -12.385100647368994
0.8852948691096754 0.17910468624486447 0.42915614290989873
0.2738443656893094 -0.9466624055665604 -0.16982369868418196
0.3758494395297132 0.26786664763781265 -0.8871219959320571
0.5676851642374863 0.1550956969335186 -11.582892192041847
-0.5125641428921213 0.4972034844122415 0.7000473811708567
-0.6532492258292554 0.30332008715645187 -0.6937301269161511
-0.5572632558080484 -0.8128878299446118 0.16932658473819365
-0.005456203767092958 0.2006323155964615 -10.746966273323931
-0.9028140171732537 0.41372928877423876 0.11728211458959782
-0.4264413399890405 -0.8261746554753421 -0.3682160032080733
-0.055446285284271736 -0.3824449130112126 0.9223140052460858
-0.5315169117323738 0.2680463524076664 -9.938585719982028
0.5494885258611617 0.6172047349433111 -0.5631346194209801
0.6122390353866527 -0.7560894505269986 -0.23128330683144155
-0.568529905997877 -0.21768540901043848 -0.7933401202922604
-1.0805977986175328 0.31113401338044266 -9.069347184640744
0.48921252379254393 0.3278873347090944 0.8081836813983923
0.10066551913471036 0.8992207944579134 -0.4257567920588842
-0.8663359201849065 0.28964159572085396 0.40690317828316935
-1.6253929876056223 0.3437327413825645 -8.16028369901605
-0.9894500894933742 -0.037509810659785404 -0.13993401258625596
0.00534976708010085 0.9557814011761285 -0.2940275514446387
0.1447753879425343 -0.29167492382612237 -0.9454979371952926
-2.1706590179065697 0.43279282597190866 -7.368334955301716
-0.5592740383122248 -0.6892071551724656 0.4606583684717992
-0.08106790117638706 -0.5075574824346788 -0.8577961786041834
0.8250096576456933 -0.5170881449630345 0.22799112417797296
-2.7737981839752397 0.41539027898481795 -6.471924660762402
0.18811286028873064 0.9564321655592926 0.22327389142692852
-0.8740068990303563 0.26671906846883786 -0.4061682890158146
-0.44802423157573323 -0.11873764119897809 0.8861018963959285
-3.3015673418603115 0.44856401207810276 -5.674295450848053
0.631248001148225 -0.185909792401152 -0.7529697293331389
0.15397020543561032 0.9815613386675708 -0.11326916215355344
0.7601438800093986 -0.044434463092475944 0.648234072657071
-3.7995865118549803 0.6784999327242023 -4.856327003161836
-0.4782494081895413 -0.769270048747569 -0.4236759729076606
-0.25788890204528664 0.5841695961302228 -0.7695708849014415
0.8395063865607991 -0.2587856222088767 -0.4777650144328827
-4.252871275354761 0.5804180567336648 -4.019553093738168
-0.49159720997914624 -0.723344007141752 -0.4848769434306367
0.8297517291672759 -0.5580646545253114 -0.008726971572069666
-0.26427990122589057 -0.40661829642417086 0.87453915651203
-4.778022173140047 0.5516331312437907 -3.266996651022093
-0.3429390521527279 0.7063868935826318 0.6192003918776061
0.5605906294568562 0.6828266009330977 -0.4684935495293953
-0.7537445194623296 0.1864532823566628 -0.6301626629191203
-5.369836457668234 0.6388518450036883 -2.4529789461871756
-0.9151841683066487 0.37419367171894946 -0.14972451311682816
0.08991217368705426 -0.1725751606286855 -0.9808836549038166
-0.39287933618986665 -0.911151582056308 0.12429348840401261
-5.950013705782132 0.6804731375058242 -1.633694259426236
-0.29630949360561676 0.7524808581730728 0.5881951364752658
0.2659564943220379 0.6565002428057436 -0.7058856170399249
-0.9173163749148212 -0.05272577843464167 -0.3946542493726811
-6.550525377167087 0.7218008734218472 -0.7035968586558201
-0.22854904039590793 0.5816603763506168 -0.7806643605062823
-0.5087316719857158 -0.7550477494002986 -0.41363674813084117
-0.8300353517778485 0.30261289418468973 0.4684746019685524
-7.038576841917165 0.8453294434622516 0.1916704567527113
-0.5487403460701877 0.7925515290850017 -0.2659812627158652
0.5824085944937708 0.1341773513194233 -0.8017464268732953
-0.5997360859231384 -0.5948605479854095 -0.5352173698711765
-7.602166948811155 0.9159292187219208 1.0602907422343808
0.8065878350742839 -0.5902896589732667 0.03120923734672425
0.4183464923937821 0.5327457918385161 -0.7356409018884912
0.4176146617136951 0.6064151523040877 0.6766529127174395
-8.114350851182904 0.888115685715566 1.8240859834872254
0.2883393443940759 -0.17024133930774707 -0.9422726557525035
-0.29775502934476544 -0.9512210347807755 0.08074343357057508
-0.9100566907344232 0.25728549416749275 -0.3249651538880995
-8.704713929613591 1.0410172326219576 2.645790173774855
0.6041607170185511 -0.30048366414549804 0.7380373022849106
0.7080654127877185 0.6273145413726006 -0.32422116148448465
-0.3655590947590617 0.7184605923267939 0.5917608996664081
-9.557994863566094 1.0750930020107337 2.0677793260401054
-0.27618231790265274 0.7686682379208297 -0.5769516118184637
-0.5052560955802681 -0.6267755235407645 -0.5931857877173615
-0.8175817648239807 0.1276799355952845 0.561478819901707
-8.931669873435721 0.9976827575729642 1.2571760254355142
0.6073810087883493 0.7902418758438238 -0.08128168263128718
-0.6827445502870317 0.4669564566219549 -0.5619708518478372
-0.40613815060329433 0.3968250537312504 0.8231531867004998
-8.415417441949481 0.9144866614906464 0.4668809652950003
0.5502724406848687 -0.8240020838976903 -0.1349886494318152
-0.7636016486584067 -0.4312055973994099 -0.4805966369995979
0.3378050147471646 0.36753639155306517 -0.8664901300240944
-7.826721801169309 0.9257784752737559 -0.3483537503304309
-0.1601656412065281 -0.4674886420932682 -0.8693680703714596
-0.766419265053041 0.6139272992878463 -0.18892949606858173
0.6220514474954723 0.6360406195232794 -0.45662302472615585
-7.366627441602704 0.8544176885954224 -1.1876420858218975
-0.4485369544391647 0.2198212293307963 -0.8663099740548231
0.8627980907368681 -0.14643785637611345 -0.4838763824612766
-0.23322687404112843 -0.964487198915315 -0.12397805964914796
-6.829288309416487 0.7867371730108956 -2.185281695151318
-0.4079591816184927 0.8803533426259138 0.24196590288491726
0.855215281153469 0.4612617687473099 -0.2363134518633301
-0.3196495815181735 0.11052576678315221 -0.94106836454817
-6.247696917627739 0.7048633809672551 -2.979875411426379
0.15936806318912805 0.852364026952652 -0.49807447560352597
-0.2464371336140185 -0.4542017361982107 -0.8561358389306902
-0.9559658188712851 0.25918513808391785 0.13766949038389523
-5.62211467791187 0.6908733245609379 -3.702848577006286
0.41352904540233565 -0.04741943041632672 -0.9092549313768624
-0.32236129925509377 -0.941581538191723 -0.09750418610498376
-0.8515147969084648 0.33342901529189156 -0.40465773648384695
-5.142101095563768 0.6478785229459313 -4.521871536967528
0.4406240304330086 -0.7878987930218664 -0.4301931178272553
-0.886687582578528 -0.30718631528067786 -0.3455748081150803
0.1401281925152026 0.5337156421619045 -0.8339740801652006
-4.598926724514144 0.6431854317569705 -5.292685822414235
0.11932338004120015 0.9006491617911144 0.41784408794380573
-0.051058191294906415 0.4258602074489968 -0.903347302770419
-0.9915423497575729 0.08645622220784838 0.09680066605453243
-4.082836790219349 0.46016394683214445 -6.257956358597825
0.8280187825091894 -0.524608145680009 0.19791688271364685
-0.25757788258062875 -0.6694260628747762 -0.6967942051109935
0.49803425128993367 0.5259804169779032 -0.6894256166687507
-3.5506308242576434 0.5059348140253446 -6.995912005078497
0.7535777087336886 0.32499901710864193 0.5713985351721953
-0.10215239837327168 0.9165704477875426 -0.38660441996497413
-0.6493738565107586 0.2329670352017334 0.7239069000309212
-3.0375300413829507 0.46063340357088944 -7.897239844005415
0.43676390016532696 -0.792979991119443 -0.42475989016910637
-0.8981873953470509 -0.410644889376893 -0.15694085339238215
-0.04997492399278562 0.45006011290687437 -0.8915998665714445
-2.5639955632184277 0.49529483771000227 -8.751079520793308
0.6512115027053625 -0.11799011302124066 -0.7496675184889541
-0.3170986943266767 0.8551660924626648 -0.41004768894231575
0.6894722150201203 0.5047458569840216 0.5194798397737918
-1.9266080794623597 0.4555297497252459 -9.615551786512023
0.9541994371855083 0.27461895347257453 0.11868853387615046
0.034714453181651776 0.292409831088864 -0.9556626980903452
-0.29714909764937286 0.9160137757749349 0.2694844581484428
-1.4452111686447038 0.42561284702605034 -10.52128637080443
-0.8351323367534536 -0.4911263447200315 0.2476874652901109
0.17854826624664238 -0.6679642567802917 -0.7224567735020715
0.5202644857933504 -0.559122786141242 0.645528107906375
-0.9682216787643778 0.28894384064718315 -11.235762126644618
-0.8040429607916777 0.41783685669600334 0.42299830199101435
0.3290994082424918 0.9052693498187007 -0.26866402115667865
-0.4951855568547457 -0.07680920123530956 -0.8653862341820016
-0.3705291866989968 0.19774622264515884 -12.031971374151004
-0.03757505705231562 -0.8878800803392601 -0.45853748906807457
0.7632134733198318 0.27070087004313104 -0.5867078515621245
0.6450535561216638 -0.37200839689831167 0.6674704391365072
0.22997383774983698 0.08878327321322263 -12.93366882935815
0.027961604586156943 0.5053607646142666 -0.8624545754867718
0.12537195105355162 -0.8577524874309932 -0.498540633086068
-0.9917164314052653 -0.09418761825471866 -0.08734213813083548
0.6855142260820623 0.025520530082434385 -13.942386123063596
-0.8426380057527818 0.4039490541506434 0.35607158417735374
-0.3812147254424205 0.01951585094045933 -0.924279897195326
-0.3803112007517172 -0.9145736491200971 0.13754621847145287
-0.00700091197129925 0.2901508452287102 -14.323639959310484
0.730423838718504 0.28644541628315295 -0.6200235050862773
-0.5935287029321995 -0.1829649872460739 -0.7837398439539279
-0.3379412434275796 0.9404641883553597 0.036371853162087506
-0.6109667866222505 0.22789417442230656 -13.44990326993333
-0.8777982022157996 0.2754359198010569 -0.3919240923338035
0.3617872702313686 -0.1550615072922053 -0.919274362482822
-0.31397405728611877 -0.9487310793057173 0.036463564131820114
-1.2073775023547564 0.3134104272197647 -12.529390401490462
0.7884301414585367 -0.3766672872195525 0.48631100479569406
0.601943304120683 0.6352285762039784 -0.48388937599719883
-0.12665360567272518 0.674245567864859 0.727565942363676
-1.6883402562033516 0.4097990691104009 -11.807779333646502
-0.8972720900272999 0.13401855729675732 -0.4206456775629733
0.43490244390110316 0.4321732201013758 -0.7899918070572227
0.07591843095523536 -0.8917772503209401 -0.4460611451510805
-2.3488536220253176 0.4209527019090915 -10.956855659722898
-0.5413554953629464 0.6516403523362199 -0.5313185640207428
-0.381352365663778 -0.753485621378067 -0.5355645202975577
-0.7493369924890685 -0.08731117475011672 0.6564082518711758
-2.747001382674898 0.5171297814059804 -10.092410946484149
0.4228539501372277 0.11158314222628472 -0.8993016297618314
-0.35588488998957024 -0.8922099495619611 -0.2780409208128977
-0.8333915645845065 0.43761876965040475 -0.33756478084194746
-3.296878353650083 0.49231027477123 -9.160067580220534
0.6082168180873648 -0.5982312330954503 -0.521719831409358
-0.792715371394789 -0.42390246864236547 -0.43807318985636445
0.04091057839124182 0.6800191373741674 -0.7320525712766284
-3.8985869412579444 0.5581641579622778 -8.404234939327106
0.35183406979320886 -0.9303724608643561 -0.10305104777400334
0.4292480542035346 0.25819159264368796 -0.8654960608186478
0.8318404633799718 0.2602774125610851 0.4902013098364528
-4.3586781659752605 0.5508445522373105 -7.564857892254068
0.08275236386535748 -0.7174035501280219 0.6917255444312462
-0.8612266741506536 -0.4007304999218506 -0.31257608968402406
0.50143834631428 -0.5698666485470314 -0.6510093441110786
-4.974809887476513 0.5813878075840526 -6.766225452789989
0.7938015484663653 0.5793886290796978 -0.18490020112327288
0.5761386501913158 -0.8137636561357745 -0.07650749236233603
-0.194792429601269 -0.04579622460394665 -0.9797751530567891
-5.366090735038374 0.6688705056053349 -5.933239368818178
-0.7790455603602968 0.6117426768355313 -0.13732619114285277
0.3503231708548347 0.24307747159916304 -0.9045366454173929
-0.5199636214282941 -0.7527839561283288 -0.4036758743544316
-6.02833023783563 0.6727435143656403 -5.068538488388256
-0.8412468041539584 0.5120458476079552 -0.17352995282190875
-0.42066616860810185 -0.8215415598894367 -0.38485112475568034
-0.33962283430047946 -0.25075661906817776 0.9065193525719366
-6.571844102743602 0.7059503627914848 -4.238956598427412
0.4125098589939481 0.5802627409416539 0.7022322728950844
-0.7483806952944854 0.655388410137077 -0.10193648431812621
-0.5193850757756255 -0.4834879874006786 0.7046126584523428
-7.092145370677839 0.7494096232311871 -3.4951516523048745
-0.9451768166553497 -0.3126918748162849 -0.09415103200401095
-0.016580743940430995 0.3338936039985103 -0.9424647311064834
0.326137409538132 -0.8892353098527026 -0.32077331600193554
-7.635030873628761 0.8447317720536947 -2.663949776984252
0.8812744581088756 0.4437183794313189 0.16269193197760534
0.051318120199411954 0.2523647017934782 -0.9662701474967389
-0.4698098000365994 0.8598985135131187 0.1996324204724542
-8.21224204184599 1.0069619547305502 -1.8192635866060436
0.540777399912335 -0.7744606080596574 0.3282844606428305
-0.35632582465983015 -0.564438904233706 -0.7446078742237227
0.7619654538525635 0.2856906254908278 -0.5811963433550297
-8.672591705642136 1.0059496958335221 -0.9772413562602213
0.30548195766496977 0.40394106108767025 -0.8622719228322187
-0.448757690072797 -0.7376102471618265 -0.5045254756685666
-0.8398200601576811 0.5410752977336581 -0.04405517152282402
-9.272103077196258 1.0945226952694418 -0.08493315644429997
0.665588438681195 0.7452426928511378 -0.04007124056775456
0.3539826617604465 -0.36250464077482647 -0.8621403145180939
-0.6570306057459016 0.5596465819403732 -0.5050820589664881
-9.625648182126909 1.062120967363276 0.6536417124825055
0.522558149732072 -0.8455037153474518 0.10979876264959294
-0.3190357676559254 -0.31333227575220357 -0.8944488353327062
0.7906634261493247 0.43237181155969695 -0.43348088046828825
-10.31343921405108 1.168929653961292 1.5210221173233565
0.8415150715027745 -0.5014950621081838 0.20088610897879117
0.4177193527915728 0.3682122821850023 -0.8306205590038439
0.3425839701337228 0.7828939943505935 0.5193408712439702
-11.093239874529612 1.295069259437692 0.9381527315119002
0.13840417673846808 0.3461328280217243 -0.9279198483193546
-0.8510025459004021 0.5208262213427006 0.06734679818501696
