1.0 9.700869470943132e-19 -5.561440591511018e-19
3.1293734864773544e-18 1.0 -1.1360596263098607e-19
-2.6669255100920415e-19 -2.261445226429443e-18 1.0
0.0 0.0 0.0
0.9881847512641295 -0.15323394233667434 0.0031433535779037316
0.1532141381257832 0.9881766904628572 0.0056683461872184095
-0.003974733044358605 -0.005119686778897175 0.9999787780834878
0.4485326690319139 -0.10582192272407914 0.09295768195248037
0.9693613194039902 -0.24531312251023685 0.01262064247783696
0.2451351933081135 0.9693852290772329 0.014143264486748687
-0.015703847758951256 -0.010616101134233495 0.9998201758694083
0.8617157199568126 -0.019244644390345532 0.08682705887848273
0.9417590643518801 -0.3361546095583033 0.009459155804606257
0.3359787337044964 0.9417269470240003 0.0163592794560941
-0.014407227803321966 -0.012228344527028793 0.999821476079037
1.0524239632250052 -0.018621383519432985 -0.03858943971610835
0.8920369030695969 -0.45185489407996166 0.009896819380925367
0.4517216692780217 0.8920612432964772 0.013159136657479517
-0.014774477008087096 -0.007267783841330301 0.9998639202488112
1.2162082821771434 0.09191701428539954 -0.0768856960508199
0.8168248331892036 -0.5767385587697562 0.013064564875353466
0.5764048387784186 0.8168584036917867 0.02236026342757132
-0.02356781942139287 -0.010733940353049885 0.999664407697367
1.4834449320571885 0.18198783020424905 -0.12789102704407213
0.7581500776657188 -0.652002881700074 0.010049528821089278
0.6514104270135441 0.7579793527171033 0.033636637694359504
-0.02954851164814162 -0.018955208398520315 0.9993839428250817
1.70541443415089 0.38856014958544216 -0.1281136140299213
0.6784266397469784 -0.7340825460474082 0.029325238248305848
0.7327695650277641 0.6790020344628589 0.0447711526863795
-0.052777593235704565 -0.008885298642549075 0.9985667126289117
2.0220902890550656 0.5131701484380632 -0.22011609818222905
0.5772884891207959 -0.8155167536272734 0.04085682948664763
0.8141185619352669 0.578705923886215 0.04806241224435994
-0.06283981838724816 0.005516339919266243 0.9980080202063794
2.3479305517316327 0.7234550136992449 -0.11595605944859427
0.5070418413430933 -0.8600983501902373 0.056029166568471164
0.859102837349946 0.5095671436560618 0.04778453233619263
-0.06964999427934891 0.023906034344388878 0.9972852567011681
2.5818521422456344 0.9358898760358161 -0.1677578789951752
0.37057255595037264 -0.9278474075107194 0.042131902351937374
0.9268500554157486 0.3723528840373904 0.04797888196061808
-0.06020491527514805 0.021270341103194382 0.9979588746150125
2.809970186699182 1.2231374638456707 -0.28689055662166424
0.27280133207362184 -0.961241494349829 0.039940679680360934
0.959792336318791 0.2747756939452858 0.05742036286211784
-0.06616954408688444 0.022670349654270987 0.9975502646819129
2.901526038822611 1.5012713996827007 -0.328594465056435
0.11979002263968774 -0.9914442466031842 0.05184681275407379
0.9900204077591104 0.1231961229683063 0.06842934351176728
-0.07423118601631844 0.04313231242042801 0.9963073436662435
3.0118648318341688 1.973092437940471 -0.38859528641975544
0.028895573495832737 -0.9974382086398129 0.0654397107511853
0.9969775972477706 0.03348181074487408 0.07010721031923108
-0.07211860611852443 0.06321610078134805 0.9953907191983815
3.0202684191483655 2.1352108564237966 -0.37788839442974625
-0.10746614140588179 -0.9933006216557468 0.04249102926956429
0.9906522610436505 -0.10337234682052049 0.08900298955604548
-0.0840141573248425 0.051658694286430024 0.9951245298307293
3.10213537466002 2.591177436109626 -0.3491559243805007
-0.2339506743145041 -0.9705475504497704 0.05748446273810925
0.9696740243384783 -0.22862358053679954 0.08638769900046143
-0.07070097587395452 0.07595162587205125 0.9946017919989689
2.974782009730713 2.8762096990358135 -0.4963496710851169
-0.3502463940777861 -0.935344050431546 0.04959641950870737
0.9340024094165983 -0.34477965095818824 0.09362308404785007
-0.07046979674036338 0.07911435178593867 0.994371671510783
3.1115314977939232 3.2482081220320778 -0.565551627656461
-0.5278703840889627 -0.8477609088745309 0.0515171515127812
0.8467546455988676 -0.5205879207297668 0.10951535851270118
-0.06602355686998128 0.10143268719664618 0.9926492447043708
3.055277072539821 3.5763621782315242 -0.6661719545127572
-0.6490871924483964 -0.7594570363986825 0.043712844784366316
0.7580582542010756 -0.6409555857627753 0.12051553598014147
-0.06350815385950391 0.11136151585842748 0.9917489201678908
2.7406121645665187 3.908085554940063 -0.5737614098976547
-0.6979660864665485 -0.714816498300715 0.04336014777106352
0.7136451883194518 -0.6892275213193427 0.1252024720841115
-0.05961144235751318 0.11833010856543354 0.9911834936262123
2.486791583665083 4.189276490364638 -0.594126340110792
-0.7866014474958978 -0.6166381445159113 0.03187324431016656
0.6154346609615143 -0.778795510737797 0.12131649854749248
-0.04998564384963469 0.11504386809768936 0.9921019956619694
2.2559418999988283 4.584307919349049 -0.6806637426202695
-0.8391417149452387 -0.5432298678526327 0.027241240127204365
0.5415709579735928 -0.8298369982574049 0.13443053768125057
-0.050420973475050916 0.1275591565696698 0.9905484255246209
1.7195000518606094 4.790242513629989 -0.5685955063788151
-0.8901196358930911 -0.45519195047540756 0.02206273266236285
0.4540142277156959 -0.8815441056971449 0.12942036666501008
-0.03946165173799579 0.1252157514171622 0.9913440353357941
1.4112042157062183 5.128370501893188 -0.6117218203443084
-0.9437012652908583 -0.33031310447082834 0.01790252021869237
0.3299342197730708 -0.9359474991691094 0.12306855295653928
-0.02389523074566765 0.12204571223221049 0.9922362644974511
1.1066173964272992 5.3959704529293315 -0.5391858712811376
-0.9794350857838463 -0.201003650827919 0.017446781264268952
0.20143551371483748 -0.9693113870799528 0.1409180630125236
-0.011413653967250376 0.14153474926474127 0.989867803078897
0.7523829055638369 5.521219268802924 -0.5690152670900338
-0.9991944392166634 -0.039333894910287125 0.008011874696147645
0.040086969619718804 -0.9881619075741196 0.1480849120837768
0.002092182078924929 0.14828750672710944 0.9889415975053947
0.31031548744105986 5.603750417185815 -0.5615505686228662
-0.997818177109229 0.06577243355624567 0.00581286226543663
-0.06399188777611939 -0.9849780870136546 0.16038206705164285
0.01627417492191977 0.15965927321582837 0.9870374183969601
-0.09437683866725047 5.662710926179592 -0.5588648024756656
-0.9774953426396833 0.21081344705519256 -0.0077699335086665235
-0.20932666144500914 -0.9647124867507819 0.15972426789466662
0.02617642231280422 0.1577564862051377 0.9871312232538457
-0.7085666994930763 5.729968394624574 -0.5319859684235031
-0.9468344524195869 0.3207642516650005 -0.024777551319635892
-0.3209106401313366 -0.9361875573058385 0.14341966523812222
0.02280736883936862 0.14374566636201774 0.9893515889517859
-1.1809143353645695 5.5695936865218805 -0.5753840767166216
-0.9102320704217681 0.4125707437582659 -0.035535526319792274
-0.41368848028370675 -0.9021612807489797 0.12233451894806323
0.01841262461499243 0.1260534221826588 0.9918523400829153
-1.5800757607894316 5.375198454246841 -0.45585268054325345
-0.8325552774992762 0.5522623541856546 -0.043115330201879944
-0.5527712362952512 -0.8232159979353395 0.1294524735481881
0.03599872210665997 0.1316098142358948 0.990647497510186
-2.0675099735642792 5.181447034887839 -0.5505763488060368
-0.7581323231786933 0.6498781687611931 -0.05378592744524752
-0.6508965325985259 -0.7491447347088894 0.12294579929360482
0.039606020729028094 0.12821792476535332 0.9909550715550822
-2.50602071765957 4.974523253778489 -0.47120857207168126
-0.6787982521955023 0.7320436805477255 -0.057844029646434134
-0.7322167535132846 -0.6687814416710286 0.12879654116852524
0.05559934612055647 0.1297805551289695 0.9899825421711056
-2.824977813397615 4.843756321722255 -0.39827796793326314
-0.5684609043256185 0.819498217404542 -0.07263609240155958
-0.8206542669603838 -0.5585883660777018 0.12043739686217239
0.058124432774956915 0.1280728386135357 0.9900598335282926
-3.3996658831616537 4.421263394664423 -0.3169100127333559
-0.4611921722467341 0.8848786020814303 -0.0655154886992749
-0.8837999866699014 -0.45156613215666536 0.12241116774541407
0.07873434352709167 0.1143579185027314 0.9903143438011807
-3.5874966039732303 3.987927604392299 -0.23227866287410204
-0.3295587033279183 0.9422440406755764 -0.0597225990462739
-0.9405405173431992 -0.3221313025842311 0.10777310549422363
0.08230997574011341 0.09168905657390886 0.9923799658240214
-3.74774372778359 3.645799642711539 -0.33870097491721496
-0.2112922043615346 0.9757215017238852 -0.05764601238363971
-0.97409470467541 -0.2053437007415577 0.09472560061768076
0.08058849207150419 0.07616754889317491 0.9938328196457307
-3.9850972797189583 3.198377829548851 -0.3963282350741893
-0.06669233591683454 0.9951707254590205 -0.07202883295816041
-0.9941672633774687 -0.06014615758356602 0.08951525038467313
0.08475057924091421 0.07757872171476578 0.9933777756880726
-4.052301717780452 2.839293115133639 -0.29247513359109145
0.029552104119556385 0.9968946908526243 -0.07298986342360773
-0.9972123724408289 0.034408740136230555 0.06620305343328708
0.06850895635486927 0.07083002164332926 0.9951327725602819
-4.236454909040609 2.30130353170883 -0.30044390421439476
0.17907291508416234 0.9786882094232158 -0.10051236599139689
-0.9812446255157804 0.18507725445641465 0.05390530993818494
0.07135890502063628 0.08897418858180972 0.9934741864468722
-4.231627552749156 1.6608372239781704 -0.14089605114873174
0.24815502444645735 0.9651712438828877 -0.08284233854422132
-0.966411002466391 0.252558064624343 0.047584238658961234
0.06684942036671193 0.0682514557229462 0.995426304440277
-4.10522444263165 0.9806069062734606 -0.1045698846142594
0.3730415298154489 0.9240639726986198 -0.08334094795885481
-0.925973729865286 0.37645186199476666 0.02926452054845303
0.05841604485784831 0.06625471301211185 0.996090866094972
-3.9890871387052926 0.3500883582761857 0.00308078177500766
0.5038640671967863 0.860439186559698 -0.07593284776015206
-0.8619928114432205 0.5065298902302799 0.01989383808433149
0.05557962407371164 0.0554298446610801 0.9969138453841988
-3.637547681422499 -0.332328887407997 0.02986918147663485
0.5996084472348446 0.7969109913415178 -0.0735055276132758
-0.7982675691215723 0.6020935594220317 0.015864690492390688
0.05689988242056748 0.049164607765061485 0.9971683595859925
-3.2365740147413025 -0.7693769887915534 0.11462856723104474
0.6502192611607381 0.7568416367325784 -0.06637573404850439
-0.7586368465896377 0.6515072246449085 -0.0028896228143066617
0.04105729171607528 0.05223408076422101 0.9977901435674328
-2.853940539655256 -1.3568712352230574 0.04519680547110126
0.7543388379778142 0.6549735060918119 -0.044526822003279176
-0.6561462542872468 0.7543927065277524 -0.019078950795474482
0.021094457217998103 0.04360815783161656 0.9988254833541691
-2.640778812030029 -1.7999729623441194 -0.1510631656061995
0.8295317507126809 0.557394267386057 -0.03449363806241022
-0.5581110083340513 0.8296132473494643 -0.015911917306803552
0.019747140875876368 0.03245080943165411 0.999277974674183
-2.2565963250689856 -2.2170709136941045 -0.07562319838488056
0.904387702145894 0.42560749360870226 -0.030663302044077172
-0.4262755902033004 0.9043742492198105 -0.019897428362855078
0.01926257811826423 0.03106606949906676 0.9993312779912115
-1.8012842381476761 -2.6038971220855958 -0.05818252055573661
0.9528765213351915 0.30158457190014076 -0.032774894724374795
-0.3022134681064086 0.9531021243924569 -0.01622972406230758
0.02634323871452271 0.02536993558565763 0.9993308421134538
-1.164880985032283 -2.8383469489111772 0.030566481974551075
0.9811116683602964 0.19204723871983473 -0.023178557615191758
-0.19285990398509853 0.9803975715828045 -0.040319498243207234
0.014980897375097507 0.0440282292862605 0.9989182737275277
-0.6788129555819981 -2.952708921083032 0.024902646301179512
0.9990942389484051 0.04146770283498191 -0.00959485371686469
-0.04185488211545989 0.998132728131042 -0.04447126208029449
0.007732845524396739 0.044832665510675336 0.9989645727239364
0.017046391651035615 -2.983527244030567 -0.08862688897284919
0.9966547573223623 -0.0816947378963732 0.002289877685977063
0.08169989757296114 0.9952143889976375 -0.05359443650516398
0.0020995166566127525 0.05360225188293515 0.9985603360853338
0.6913223733052057 -3.086288655336262 0.005635042445724548
0.9733718914425514 -0.22785092789504802 0.025126747736430404
0.22892083447534378 0.9719048266836174 -0.05473160634928238
-0.011950135821594154 0.05902630147884481 0.998184715032766
1.4955429299492127 -3.0119171117122034 -0.02642793595455152
0.9451066999713289 -0.3254744816997776 0.02897987109771191
0.32649335359688103 0.9442045338879669 -0.04334323715343508
-0.013255806074088015 0.050425838782071165 0.9986400168462318
2.004129421586131 -2.862560568292865 -0.13546207890980738
0.9012883193419097 -0.4310478874464846 0.043315133831562186
0.4325824252959613 0.9008733755656165 -0.036049644275337835
-0.02348232711995759 0.05122861588577805 0.9984103781345026
2.586969262263021 -2.609537075248295 -0.08224572971057778
0.8288169672856079 -0.5570591022364328 0.05241152683278976
0.5587207554114955 0.8289977127192772 -0.024343084580019603
-0.029888382030867806 0.04945943500466322 0.9983285876569374
3.22008162421757 -2.3456983194935743 -0.16819780048531327
0.7504719192534594 -0.6584647096961401 0.05671451569823279
0.6599615876377671 0.7512163490908821 -0.011162390240296048
-0.035254662242385625 0.04580650903264219 0.9983273818892658
3.80323116885156 -1.9452600642298292 -0.2636269578134016
0.6744669420961521 -0.7336955540046474 0.08237218722795506
0.7363919325391072 0.6765444222043977 -0.003577154940885452
-0.05310388543107864 0.06307102072221514 0.9965946776743803
4.403889834680044 -1.4990293652049334 -0.22008030202436135
0.6102523085953468 -0.7870538233849947 0.09021660744174094
0.7898063727360402 0.61330415506604 0.008003284578141664
-0.06162940858948445 0.06636984689588245 0.9958894217381262
4.843667078220996 -1.0166546443737283 -0.22376541882630613
0.5002691335812797 -0.8595084483324196 0.1047676082790109
0.8630945472916927 0.5046818311554124 0.019075723820242366
-0.06926985230905013 0.0808812733045799 0.9943136997089387
5.237521045559091 -0.41676212028587745 -0.30569929598416395
0.3670795703847263 -0.9245941344171694 0.10187139874067619
0.9281175238397045 0.37136347205810616 0.026186119285840206
-0.06204261240323254 0.08493602374835862 0.9944527334447364
5.716178493663801 0.21890760124366154 -0.4238112579095669
0.20898546817362057 -0.9724784721838263 0.10300514098317794
0.9762936279281194 0.21354757967887053 0.035333217647394895
-0.056357197270154556 0.09317910665229873 0.9940530791322066
5.848674643745598 0.7696825143972487 -0.5352437266729175
0.11206447882461312 -0.987089119466538 0.11444179680364243
0.9908908394261489 0.11965912572611082 0.06178119626671639
-0.07467747823112882 0.10647602693059435 0.991507272609291
6.0193681159537125 1.5872164676950415 -0.5917247288325093
-0.004472672531499477 -0.9932676134879784 0.11575833688808018
0.997446905798083 0.003818335015337566 0.07130310479520834
-0.07126498670723783 0.11578144745150117 0.9907144549864708
6.138681466969734 2.1665737411242914 -0.7042189901662244
-0.13163466087160178 -0.9838560302163777 0.12124294233071829
0.9885017209175339 -0.1210982491044835 0.09054539497218153
-0.07440127005370606 0.1317675914932491 0.9884846537251125
6.133020420043786 2.7867384623770763 -0.7104456555431027
-0.24624390336961066 -0.9617214700038327 0.12023540217007346
0.9673420551079143 -0.23617671409292873 0.09203144801070108
-0.060111737102557586 0.13897074577907767 0.9884706190180794
6.0168032300252445 3.597391591947299 -0.7579446396219195
-0.3872598129387434 -0.9155240550727233 0.10883888559383667
0.9202191888953432 -0.37654849486317615 0.10680641661334751
-0.056800511665842796 0.1415178378250201 0.9883047368666129
5.731312100594451 4.281853809620209 -0.8538758494799864
-0.4821398543997892 -0.8695050968271418 0.10724647623354565
0.8742949973075881 -0.4696887513915167 0.12248024107816038
-0.05612411487247519 0.15281744184387827 0.9866588956575847
5.581472160715981 5.059717524870992 -0.9455004402855663
-0.6207218776212683 -0.7769403800303342 0.10520207061115526
0.7821386951555404 -0.6043065877231336 0.1518967937545529
-0.05444062976896373 0.17656845565103646 0.9827812615342528
5.105961773182074 5.75640633254323 -0.8916885851009786
-0.7179443764879202 -0.6917957071005486 0.0772949793875742
0.6937598009636117 -0.7020047396349721 0.16089137051105656
-0.05704243325933405 0.16913550824766901 0.9839409340297888
4.551357485423209 6.294763404905311 -1.0450002542362182
-0.793013615850666 -0.6064476562404187 0.05788289337232931
0.6063528578164374 -0.7765503013172909 0.1711891656341405
-0.05886848821554565 0.1708527284601938 0.9835360250331727
4.049726537207231 6.796829244662503 -1.1143434766159417
-0.848736400250703 -0.5272201201911468 0.04106240738259199
0.5257064568183479 -0.8327890532184433 0.17347643415242905
-0.057263641463422284 0.16882184811757314 0.9839816498296196
3.4386586416871894 7.307472215858151 -1.0909511876290388
-0.9133083810597491 -0.40512600435396356 0.04171593476042897
0.4059439371515189 -0.8972948701743491 0.1734091462257785
-0.032821031130387965 0.17530981193059092 0.9839660117529456
2.806578656946279 7.81615223991474 -1.1237779000062196
-0.9649478503908753 -0.26088771923700305 0.028535904058717285
0.2614620544754888 -0.9462440067469929 0.19041730395847037
-0.02267555999370757 0.19120386821150534 0.9812879954564421
1.9626466773082414 8.250626801598274 -1.036311911275178
-0.9832290709270844 -0.1791728678391994 0.034011966846696814
0.18235499262535126 -0.9633053306735005 0.19694799655488562
-0.0025238281047257494 0.19984736669209158 0.979824192260851
1.2387050694802633 8.440054108367123 -1.0354179904185754
-0.9994229071169224 -0.030056167292581128 0.01582723494547335
0.03264669769840225 -0.9786117191501418 0.20310795053432612
0.009384063833650353 0.20350743525903542 0.9790286737072408
0.46637794672797483 8.642333172114943 -1.1537247082596112
-0.9949636519705194 0.10023888129594807 -0.00040212754414106197
-0.0981221737693523 -0.9731178300362935 0.20836020110679468
0.020494449939745456 0.2073501247939002 0.9780516696548541
-0.3174885440475897 8.69794358047927 -1.1363484940866238
-0.9748213710904441 0.2214346435034039 -0.026257629420639642
-0.2221808545685458 -0.9545455911822419 0.19868850767673518
0.01893236161343986 0.19952008022826015 0.9797105121866606
-1.2859949865331217 8.605039092071413 -0.9246245296156217
-0.9539438523347589 0.29723565170280936 -0.04051600987379864
-0.2992166749214735 -0.9331237563312159 0.19937193838695233
0.021454093062732958 0.20231307287403483 0.9790861216822409
-2.065371256121577 8.465711780927794 -0.945700468208513
-0.9133044996730139 0.4032712300180485 -0.05698857748098439
-0.40638966238847685 -0.8931124829038415 0.19286595439211787
0.026880263859254138 0.1993056183144135 0.9795686780479116
-2.829223419150749 8.24613321478736 -0.991680853792977
-0.8372708470585782 0.540638150213613 -0.08178666089684672
-0.5457167173481313 -0.8168635195502656 0.18688878807564827
0.03423023309212407 0.20110858959098074 0.9789707976733056
-3.655473178743114 7.817882671348461 -0.9814498218240787
-0.799451050144176 0.5919738734358847 -0.10220053891870794
-0.6001150583306006 -0.7792898546020732 0.1804689015092498
0.027188983391533753 0.20560831785848127 0.9782562114662905
-4.474829031518573 7.263313027793196 -0.9382745338967057
-0.6787750881893182 0.7275191288911786 -0.09989910867066626
-0.7327592882729548 -0.6620743510505672 0.1572277416177848
0.048245249484880334 0.17992370581546438 0.9824969146280869
-5.06900959755964 6.86937964943689 -0.8712797614886921
-0.5884292153970813 0.7988799805838906 -0.12466875329112798
-0.8073498828770836 -0.5721368534401738 0.14437698341266525
0.044011853138796866 0.18560717273539196 0.9816372956173068
-5.641895375366357 6.190255400909007 -0.7543941065723012
-0.503632109822635 0.8555060495330645 -0.12026613965012911
-0.8615301327656952 -0.48700817177220573 0.14348421180400217
0.06418117310338446 0.1758761347579928 0.9823176428775872
-6.186864819331018 5.370749101214014 -0.7600667536357997
-0.36627189069807975 0.9223599521681064 -0.12287132500348091
-0.927041832579861 -0.35032693900584205 0.13365587723136732
0.08023337006673609 0.16286129139584674 0.983381633477282
-6.653131706582031 4.63609012462955 -0.6597433458237302
-0.21459430379382427 0.9689300533530933 -0.12298279949909746
-0.9730309078427413 -0.20117672017644608 0.11286690320496952
0.08461843379770484 0.1438860112909957 0.9859695660522317
-6.967914539908182 3.8603120392726105 -0.7012823590056891
-0.051405129138635465 0.9890441803695096 -0.1383797469319421
-0.9955957267923997 -0.03987466444840383 0.0848454620542836
0.07839799605654363 0.14213237067341994 0.9867375993702452
-7.17657689822582 3.137832523945111 -0.5295927259142549
0.058756264886149184 0.9882870833475365 -0.14084146300189399
-0.9957901165359302 0.06796596898721632 0.06149438603663537
0.07034647301169515 0.13663576367142255 0.9881207010136647
-7.129964745662172 2.092678742044481 -0.5836373794713591
0.18331517038280154 0.9719365483677572 -0.14742848663774857
-0.9804412601974317 0.1916862156878087 0.04461147978009229
0.07161936179434922 0.13636642573198182 0.9880659819431409
-7.093828236462691 1.1615795516913026 -0.4224076679766952
0.2468870388452299 0.9596016256200287 -0.13495069562716933
-0.9674351724250005 0.25209540364410193 0.02270703910592313
0.05581030475134699 0.12495012752796937 0.9905918377030405
-6.931859487759196 0.21331349697819701 -0.2963662206435988
0.37815990416035195 0.9159820901225748 -0.13405961889999288
-0.924091145287355 0.3821464240342155 0.004362695543008238
0.055226380913475905 0.12223385515945132 0.9909637679525054
-6.742884619471427 -0.7787346059483472 -0.31019813650823136
0.49392435217366765 0.8589735399512702 -0.1349196057250621
-0.8678175282839327 0.4966560860232001 -0.01499064949243358
0.054131801871003644 0.1244899554146482 0.9907425348189831
-6.321181907319027 -1.8315317722701638 -0.40895427175219495
0.572226406758863 0.8120886951640225 -0.11432159070584172
-0.8185362548280395 0.5741531574028788 -0.018586043715121577
0.05054467272779498 0.10421170905629532 0.9932695564669293
-5.670508519405387 -2.6329279414436098 -0.25416045509627305
0.6937106893023959 0.7129644317445369 -0.10220594906750538
-0.7187860198509726 0.6943456737894917 -0.03508722203499201
0.04595017021657123 0.0978046342351524 0.9941441645768619
-5.193489928971557 -3.362409414353049 -0.27831249134222646
0.7474211533843911 0.6571927787558384 -0.09725897379326155
-0.6635529993104088 0.7456491932336188 -0.060851684307519006
0.03252977430403389 0.11001806859065136 0.9933970433093243
-4.588012878095973 -4.131113299386617 -0.26058651068009625
0.8304951139453823 0.5523888655378572 -0.07172545232021327
-0.5564941690600294 0.8284192705826601 -0.0635180271266331
0.02433215583519566 0.09266626825365747 0.995399355233755
-3.817642552954139 -4.7683182762684835 -0.2852910593468831
0.9190832290567617 0.38941903005335543 -0.06032162960331273
-0.39322543859104364 0.916296710670241 -0.07598606798235194
0.025682137891328075 0.09355761584827223 0.9952827807171332
-2.9615605382179244 -5.417944558220047 -0.23112113961278719
0.9578747585505193 0.283798276149799 -0.04399417699004325
-0.2864723446112166 0.9550160814142844 -0.07666239319143076
0.020258456595514264 0.08603620278039606 0.9960861658298632
-2.0731591047907654 -5.677231357407788 -0.30816413455045905
0.9851373165156093 0.17077237288258965 -0.01848632898487769
-0.17174125751545793 0.9812102959646202 -0.08792269022379211
0.003124205323721941 0.08979088971053356 0.9959552573959595
-1.149496375203643 -5.968599520882724 -0.2000506672418011
0.9994234551038441 0.03278993516526906 -0.00881752342271858
-0.03345909874467184 0.9952574200148816 -0.09133637273201409
0.005780817572832288 0.09157846337088946 0.9957808636629359
-0.02598111848567844 -6.023299621601821 -0.18673864837223747
0.9963634799962329 -0.08510311498162632 0.004047670158225015
0.08509951347384083 0.9917718371684358 -0.09563082559247774
0.004124116577174429 0.09562747505601933 0.9954083227151654
1.023430172748177 -6.049788137441533 -0.27971266045490517
0.9782357655696575 -0.2023389377958182 0.045974645192166354
0.2061130909921144 0.9731025248218246 -0.10290131199733854
-0.023917015830376635 0.11013756044877611 0.993627910948504
2.005846066638811 -5.978130056046749 -0.2022092282674307
0.9497078474031122 -0.3093380293797713 0.04862343510507397
0.31280248415518325 0.9443553423094467 -0.10172046425930377
-0.014451720649072547 0.11181443937107903 0.9936243182737521
3.00091415077279 -5.762558468211664 -0.45561723013509703
0.8876618767095212 -0.4543883798998926 0.0747452201801778
0.4596848999505399 0.8839729681626113 -0.0853257413966643
-0.027301714162921636 0.1100997968898884 0.9935449542290989
3.964659463246816 -5.378837552240822 -0.24682980590014572
0.8382964733237621 -0.5379831181355705 0.08851166368215294
0.5441572544246577 0.8356779518571036 -0.07439794582151113
-0.03394230515425234 0.11053226312060253 0.9932929292464637
4.906821606630546 -4.8581551573782775 -0.38334084675216984
0.7629251772032662 -0.637955122028111 0.10468408180511796
0.6449446075823605 0.7622373760332983 -0.05513734083011857
-0.04461848775417912 0.10958101350952099 0.9929758778576462
5.743762257792239 -4.245395745331279 -0.5184471541081491
0.6674543363323207 -0.7336906184493598 0.12729381597243866
0.7427155548144513 0.6682360310692281 -0.04281219061781535
-0.05365115018472632 0.12311779442532653 0.9909407914784207
6.5514055767902635 -3.5329094663752976 -0.5850322714503603
0.5958935715138941 -0.7902794152742781 0.14271857532882837
0.8006132838597141 0.5984910045215724 -0.02876422329191224
-0.06268368196097314 0.13140267485346274 0.9893453556408542
7.192932162506011 -2.7912957033602943 -0.721547358405404
0.4732014591851409 -0.8669333340802233 0.15654635031691752
0.8790296701907342 0.4763925706616713 -0.018888429948467962
-0.05820248093148465 0.1465471676957237 0.9874899541645988
7.87549954620525 -1.9481686200220505 -0.7882624699515803
0.35385352024019096 -0.9219289060096374 0.1575890471300893
0.9337005849722143 0.35804876625081605 -0.001890575850105139
-0.05468157358766267 0.14780963763403226 0.9875030399655762
8.47372014795212 -0.900498801136974 -0.8068438528832514
0.2475580956232205 -0.9533280964915506 0.17286137585829073
0.9668290026160344 0.25465448033035337 0.019802032007958617
-0.0628976476204557 0.16222482778479522 0.9847467387850337
8.783528276137123 0.11263882228984123 -0.8964214661851759
0.09644117817337451 -0.9807956992808702 0.16952622846644627
0.9932315546555391 0.10590604459174742 0.04768773297631408
-0.06472561422266383 0.16377930816481603 0.9843716091829077
9.075092338648394 1.0699062003235482 -1.1117529116709681
-0.041938005684412534 -0.9844702902054344 0.1704698637866357
0.9964029421934268 -0.02863617235314547 0.07975452068962434
-0.07363422757368224 0.173200832562226 0.9821294054584226
9.199082188257997 2.174077657281261 -1.150062318898494
-0.15696368082854942 -0.9707642719506654 0.18160251940152372
0.9856607948173476 -0.14245336536936046 0.09043977870485982
-0.061925748374852305 0.1931942209946101 0.979203871424748
9.145609350504307 3.2738206452598906 -1.1662578110924855
-0.3032709975674361 -0.9384312579753886 0.16544863661823003
0.9513530433709145 -0.28827581051286916 0.10873839436557096
-0.05434869865052181 0.19037656546839984 0.9802052913569003
8.921585419755004 4.41761604505521 -1.273776207214696
-0.41630147271841517 -0.8950932330965776 0.1596873914118378
0.9074267420403699 -0.39797595915140377 0.13487691210520603
-0.057175561115203145 0.20105369912255222 0.9779098270242206
8.542832863702868 5.435511017537879 -1.415335375875941
-0.5184127373113098 -0.8427574389734966 0.14494549477331473
0.8529539447504744 -0.4975252468609492 0.1579147693641071
-0.06096962798405548 0.20549689661247983 0.9767570472083676
8.250100043704817 6.518734536163828 -1.4849454245290705
-0.6088863766304798 -0.7788687919604849 0.15040365634340067
0.7915014199751681 -0.5839092397798077 0.1804860503942926
-0.05275246894318865 0.22893986410607498 0.972010349867816
7.554037734992405 7.467520291593757 -1.5327988148610348
-0.6993667911260374 -0.7027313572298797 0.13059654543470764
0.7130800350381995 -0.6734455802858071 0.19490294463617475
-0.04901474652966121 0.22943445153317618 0.9720887276026197
6.783070932555416 8.327683799073018 -1.6568313071330265
-0.7901931329686817 -0.604036274732272 0.10361483465225627
0.6109542518602311 -0.7630803651519592 0.21081613317203443
-0.0482740170651228 0.2298895817257601 0.9720182036330042
6.010693202202191 9.176870474004497 -1.6942222185425149
-0.8534313892206216 -0.5136987964400856 0.08813395716462297
0.5195202573615277 -0.8248399116491213 0.22302067574026932
-0.041869445795358874 0.2361202592306938 0.9708209547586749
5.043811447046241 9.916532343293728 -1.7796540050690157
-0.901802542313855 -0.42494010530990145 0.07860124079416049
0.43110069022462166 -0.8719488224286476 0.23206971587536582
-0.030079549427300883 0.24316636660989213 0.9695177237275197
3.9466904644220215 10.636805252185765 -1.7603736180660352
-0.9531062189926708 -0.297713037279483 0.054367621477155986
0.30165188594498177 -0.9200708415523716 0.2499499739986767
-0.02439140063278986 0.2546290878658309 0.9667309744222906
2.8759158733568846 10.990032137438796 -1.680990516192671
-0.9876246496442218 -0.15109297125000598 0.04206109067786077
0.15683082347213875 -0.9539900574630796 0.2555491952407255
0.0015140642558558166 0.2589835063354676 0.965880209926094
1.6819408465276147 11.34333109102323 -1.6595378774372944
-0.9978534681992717 -0.06291823074362511 0.01816177811847146
0.06546776509378913 -0.9651634712567841 0.2533241898243798
0.0015904167271450615 0.2539687206723825 0.9672108324748737
0.5252806372597749 11.609070031927075 -1.6599080322310782
-0.996372907611757 0.08508287246846633 0.0014511905563706572
-0.08177561832217387 -0.9620798861419986 0.260218863803584
0.023536333738830593 0.2591562952471634 0.9655484152204247
-0.6132584074982814 11.695311262972899 -1.722404194428163
-0.9867758387383251 0.15934676489538882 -0.029688005723864357
-0.16139172594767262 -0.9489342535602504 0.27106339677329216
0.015021109582765882 0.27227066056389787 0.9621030596611178
-1.885948557004022 11.539333509343939 -1.6346965254463437
-0.9458090959849428 0.31987521174177086 -0.05590132005089136
-0.3232811712185774 -0.9113430013459883 0.2548380979213644
0.03057091526710782 0.2590992203315515 0.9653660369666306
-2.978133453392623 11.353443292148956 -1.6569765923667308
-0.9158416770053366 0.39171926493078013 -0.08826094007135006
-0.40097788453191513 -0.8805715215849376 0.2526048289599223
0.021230065150066667 0.26673618109680486 0.9635353306859422
-4.0812622855427545 10.933024105635019 -1.5669150785330799
-0.8492190790324795 0.5169384786984142 -0.10771381811810377
-0.5268567486394962 -0.8158450744342199 0.23836423150980734
0.03534159139504512 0.2591729237865678 0.9651838359844259
-5.156185357907266 10.40001185192906 -1.535717173158277
-0.7861216573435097 0.6044289722867032 -0.12914425481344852
-0.6171120106710718 -0.7559363876276189 0.2184761369244332
0.03442879296595851 0.2514449632312343 0.9672592463855454
-6.25587954201992 9.582375995271905 -1.5781164210541703
-0.6731253344681009 0.7254529935952143 -0.14360006173121007
-0.7381189268755812 -0.647068625018942 0.19100450492277513
0.04564597086296416 0.23456321920966355 0.971028339788562
-7.156613210271656 8.925716023666567 -1.5021282871140604
-0.6105147666792171 0.7751092521456638 -0.16272193559323475
-0.790092807548781 -0.5817776528456262 0.19310250510268606
0.05500796527734667 0.24645729030296437 0.9675911410253125
-8.030268292693167 7.927261799893451 -1.4769401503656883
-0.47817423355694527 0.860856719814101 -0.1739965107091072
-0.8756954640205541 -0.45218096922141127 0.16938060768299376
0.06713464199521102 0.23336190211833652 0.9700696372150284
-8.893630472651031 6.924439956136591 -1.351120039503171
-0.3498395157922922 0.9182046970615342 -0.18577634430125584
-0.9336554863481495 -0.32547891259429296 0.14950060764664588
0.07680552248997001 0.22575191203772055 0.9711520396399096
-9.417237204500616 5.766918123164826 -1.34993374139792
-0.18854046670964397 0.9654839419184132 -0.17970509335916865
-0.977611815335502 -0.16711008375027558 0.12786157637449094
0.09341760691683226 0.19978918679071275 0.9753750798030548
-9.95064456515158 4.518200433442004 -1.1826206767222656
-0.05739141783515624 0.9793951369508036 -0.19362594140943196
-0.9941619909876966 -0.038315731035356064 0.10086522519692057
0.09136786545349983 0.19828470926182565 0.9758762152656677
-10.050395314885002 3.373938647448088 -1.001109419762332
0.024218340300134096 0.9793127479416144 -0.20089702137396365
-0.9971101724151221 0.03813669879814818 0.06570209536321524
0.07200438274266734 0.19872596330567915 0.977405851002854
-10.164864513371343 1.9202554252610493 -1.0407906176641901
0.1805282664374691 0.9624775967978519 -0.20259977252604822
-0.9811150014700367 0.19075900187725847 0.03199356816325743
0.06944062793216386 0.19299815396691253 0.9787386691992723
-10.143591938727258 0.673448365843182 -1.0292113502350375
0.26991149017998534 0.9418632915260955 -0.20010286523119492
-0.9615379784800631 0.2746362342984351 -0.00429878627821888
0.05090669537084089 0.19356667566621533 0.9797656229662074
-9.845141286809023 -0.672251251895706 -0.9353119039419876
0.3791832466862447 0.9039053415142986 -0.19792599383486334
-0.9233392748617696 0.3836067277877642 -0.017025426485684603
0.060536480726446254 0.1892087105935134 0.9800689652264171
-9.501233909314225 -1.9635911904822794 -0.8898195304232506
0.49871864271147204 0.8463105724183894 -0.18718614644802548
-0.8643025198084447 0.5018304622486546 -0.03386535343409252
0.06527485163629684 0.17867402031671328 0.9817402596936962
-8.954933542126591 -3.2050005171057636 -0.8295146939526729
0.5995089185911494 0.7810419848361941 -0.17482310738237844
-0.7981725571561525 0.599593593601628 -0.058364595520942746
0.05923761322599596 0.17452924651085988 0.9828683548380849
-8.187270086317907 -4.393734149405506 -0.7030049962374457
0.6508576956854205 0.7436950402471941 -0.15265062163397816
-0.758262742445025 0.6467621036179539 -0.0820723619784804
0.03769185054562554 0.16916675110333 0.9848659394101085
-7.331234301799556 -5.55610334518797 -0.68102548857204
0.7561502536002902 0.6414426831564072 -0.12957020386585538
-0.6537081640412064 0.7494862946180341 -0.10457184066393098
0.030034458587039983 0.16377288108622923 0.9860408399331687
-6.409377016292285 -6.445432376119564 -0.6331623132862524
0.842915514166998 0.528568665061788 -0.10054234901750332
-0.5375415489269351 0.835378274241674 -0.11485366006185599
0.023282783247949437 0.15085789882765574 0.9882806082581087
-5.442600167115947 -7.364107056105162 -0.5768785544054541
0.9136913546033878 0.39828805516321 -0.08084249528728353
-0.4058506825168034 0.9046291631309338 -0.13011852107312052
0.02130757364829034 0.15169904260571615 0.9881971444857567
-4.1783893401962615 -8.13620812479341 -0.5875516039518276
0.9501879929712513 0.3043594853402825 -0.06714292389686925
-0.31124521038259045 0.9379247707139488 -0.1530458041329278
0.016394201846636213 0.16632037976997677 0.9859357766143608
-3.0517926411598135 -8.62347087976687 -0.6049875668569044
0.9854622555302487 0.16585036988013982 -0.036846656668238
-0.16964092263889424 0.9723979727999523 -0.16019596533684283
0.009261127644344452 0.16411783095857946 0.9863969982211286
-1.7291607755099592 -8.956445317485414 -0.6212875489355012
0.9990902956835355 0.038957819803011856 -0.017332487478514003
-0.04120500857127012 0.986664588070802 -0.15746544954401795
0.010966825758496525 0.1580366522259691 0.9873726415780213
-0.2429623222732684 -9.041615425426384 -0.6334097344539309
0.9929275415954799 -0.1184160297116212 0.008525853492326315
0.11835377219475388 0.9816317164209575 -0.14963384268275753
0.0093497431782385 0.14958406891207934 0.9887046934031464
1.1113485571338284 -9.125591069003104 -0.6764567697216097
0.9731388315925668 -0.22373651150410648 0.05425048162510173
0.22963271661162174 0.960140874340657 -0.1593657726650641
-0.016432051492440473 0.16754271920378372 0.9857279312686428
2.5414972476770874 -8.811089273882539 -0.6964767339650595
0.942898955313976 -0.32510313621431236 0.07245960163254062
0.33264382687679606 0.9302341524588164 -0.15495810600668486
-0.017027095453906953 0.17021232483046367 0.9852603291715933
3.9390638909493103 -8.551412125560493 -0.792166100574041
0.891343293423797 -0.4410594982569183 0.10475306483454305
0.4523586479944141 0.8804674315676252 -0.14194476618800222
-0.029625702693757094 0.17390752636736098 0.9843165740664489
5.263298320699904 -8.035432790313104 -0.777782693009803
0.8290497766117062 -0.5458613525483675 0.12129068713852709
0.5583154175702898 0.8200857065704105 -0.125468740389323
-0.030979926465574285 0.17173831609925125 0.9846548823886762
6.536366615261664 -7.279419365113407 -0.8642519998470609
0.7665170991530786 -0.6262622258610572 0.14229686601732153
0.6409416604705869 0.7599671789827563 -0.10790517710332144
-0.04056419277689831 0.17391503551025625 0.9839249883565109
7.660249553566722 -6.537344931047637 -0.9583689067782456
0.6995560073958681 -0.694984446572488 0.16618398627499745
0.7131388475139305 0.6937563284630384 -0.10067464630661634
-0.045323331916738395 0.18893966401347612 0.980941902615479
8.788170404108827 -5.636796502034766 -1.136286839717076
0.576457988529423 -0.7936502279416574 0.19446221338219102
0.8151445322271956 0.5751020008503231 -0.06925128014795563
-0.056874219830509054 0.19843502027328033 0.9784626088163859
9.680082566187334 -4.544706207681669 -1.1947472748692336
0.4588714817722055 -0.8641174150599908 0.20673109713000756
0.8864144280372466 0.4611713183906297 -0.03987718858974758
-0.060880092385954036 0.20154841277792382 0.977584372988182
10.483200561584026 -3.2926373236067756 -1.3679825341685008
0.3080164977009092 -0.92432256829493 0.22528415177941088
0.9500642574189236 0.31129523441364115 -0.021738197297366157
-0.05003680656699212 0.2207307011983302 0.9740501067223067
11.250100076998226 -2.0699362471707845 -1.2997082993935019
0.2053885412483331 -0.9495821677550388 0.23687208118638287
0.9770871499066199 0.21276313694619806 0.00571533587451386
-0.05582486243335053 0.2302711906942318 0.9715241620103656
11.657760918461655 -0.6818195318457814 -1.3757213221623497
0.10971277643304841 -0.9657393109631563 0.23518097835006885
0.9917081940843802 0.12228583000630908 0.039513487756567524
-0.06691884715251638 0.22889556454223242 0.9711479662087142
11.950016494935296 0.7431553787683717 -1.5966055729670803
-0.07670708935696317 -0.9681058387148835 0.23851179270229816
0.9947657903432687 -0.058114343439793444 0.08404098768675329
-0.06749951847487468 0.24371000945100343 0.9674965597017726
12.201859483848855 2.207314381389922 -1.7932145104345623
-0.1523705934147704 -0.9561874075537454 0.24997705726577016
0.9853930802554113 -0.1275181215266548 0.1128661469593041
-0.07604459990373606 0.2635235033117676 0.961650441201105
12.021249944136267 3.7039450946430668 -1.787216200901202
-0.2871604162747852 -0.9297388391755558 0.23048810484360643
0.9558303801002769 -0.26238458714053714 0.13244730694048876
-0.06266493885739324 0.2583413671871515 0.9640194567013719
11.797835189246733 5.271165610453959 -1.9260287231359674
-0.4147099864502316 -0.8836489658467166 0.21720718210921286
0.9076757132213376 -0.38483578580691136 0.16740787380768948
-0.06434058733027222 0.2665796560039076 0.9616627868687737
11.357903609169124 6.6122269494618875 -2.1586423171446296
-0.5095617541024335 -0.8366765521876925 0.2007947447663872
0.8586010374508025 -0.47921618726543225 0.18208540086980368
-0.0561223289559079 0.2651867605234128 0.9625620226403007
10.72962530637544 8.012321917523199 -2.2562645323952983
-0.6208993904533276 -0.7610155097839615 0.18798596949509286
0.7824281423556378 -0.5870207991675338 0.2078761197431195
-0.04784499750127611 0.2761556487089974 0.9599215132349526
9.8579842587782 9.30839484214355 -2.4829219002979244
-0.7028218868763393 -0.6899950584901878 0.1730548397393837
