1.0000000000000002 -1.2369890309209399e-18 -9.362517217200243e-19
-8.716103055097188e-18 1.0 -5.461305717298e-19
-1.573634421183457e-18 1.7271020908474864e-18 0.9999999999999999
0.0 0.0 0.0
0.9919663198258699 0.07220761865207662 0.10387723992155529
-0.07287249726567205 0.9973383110184131 0.0026148051585888907
-0.10341179840223122 -0.010163533004468425 0.9945871507403505
5.4406859881378855 -0.2477900342438313 -0.25170089325848866
0.9653616827282767 0.16745598857141003 0.20009114096689712
-0.1669577318054835 0.985771742074411 -0.019489109697918474
-0.20050758542770736 -0.01459263713670857 0.9795831057368503
10.729099292398619 -0.8512892563940668 -1.3657125362149667
0.9257879301379299 0.20552978727502402 0.31729304078181925
-0.20475798264622627 0.9781442365407718 -0.036165448652040195
-0.3177914895057033 -0.03148686016966957 0.9476374779868248
15.848955343605407 -1.9661270031608222 -2.6455324112440026
0.8685742094111042 0.27296103131736316 0.41360820630668804
-0.27509520989783137 0.9598008970016237 -0.05572175163736351
-0.41219040558159764 -0.06538316251901011 0.9087480660474471
20.739469602902354 -3.161277352437041 -4.6869322620515455
0.8045587508304396 0.2955410112186835 0.51511272474825
-0.29636692451950436 0.9514611803669725 -0.08299362321033002
-0.5146372687410739 -0.0858889595772891 0.853095596126596
25.33808401799504 -4.807668156961098 -7.20924176884813
0.7203977713673673 0.3410029431906605 0.6039410318224351
-0.3410457143246993 0.9324004876559203 -0.11965171074060793
-0.6039168154930883 -0.11977457720903177 0.7879973961227188
29.568404844978065 -6.580544652750284 -10.072645573711789
0.6392927415297482 0.3724754103735891 0.6727320236729071
-0.374210176388378 0.9149695230370354 -0.1509879207484456
-0.6717678376347538 -0.15521733210973085 0.7243172450839216
33.34930436748584 -8.506047874192543 -13.627163217287034
0.5246208190181679 0.43080271312517743 0.7342910338705091
-0.4393077572293323 0.8758001884230957 -0.19995750538540358
-0.7292338764542782 -0.21767755209274917 0.6487174012535047
36.4994317513735 -10.77128658258276 -17.560410268367942
0.4011316533519724 0.45658117199078546 0.7941206053922603
-0.48296807643184625 0.8420544071972813 -0.24017984038576862
-0.7783543528588104 -0.28719115096952813 0.5582883457766004
39.24303327199176 -13.288919763126621 -21.72649899001163
0.29389611967962986 0.4825442766936199 0.8250917803665067
-0.46668133375740434 0.8257738719008157 -0.31671192302074935
-0.8341664114657512 -0.2919738156429855 0.46788656349257945
41.080964474319515 -15.93399931532523 -25.901861044263327
0.1842757085443352 0.496716516908628 0.8481250545586839
-0.47095055712424205 0.8020178217265929 -0.3673879828979917
-0.8626983237932954 -0.3317242381555738 0.38172097111848197
42.23154233502263 -18.483183406893293 -30.44101697150756
0.0630388337132104 0.5001731616313577 0.8636281065502057
-0.4787600804291967 0.7744347682350564 -0.4135699474771259
-0.8756801538463966 -0.38739962316967413 0.2882823767417271
42.77139571261364 -21.2587839793741 -35.08430729296161
-0.04979362445416347 0.4912634442033009 0.8695874280247545
-0.4613488088704991 0.760898881754053 -0.45627835441704206
-0.8858207420708512 -0.42390327126400107 0.18875599288441477
42.56528341720605 -23.983858804358356 -39.83221093980828
-0.20630828207156457 0.48443564079252727 0.8501531669346454
-0.47904770960264437 0.7075898328794858 -0.5194515519533034
-0.8532001716211711 -0.5144307877842855 0.08608631199091367
42.022276834813596 -26.58215719045178 -44.58906169187175
-0.3310738314664737 0.46589333640682623 0.8205692453767539
-0.464179563819538 0.6767071793184396 -0.5714945594936116
-0.8215401173919665 -0.5700979220059236 -0.007781453681527616
40.52097572956584 -29.274887856163353 -49.076494875192694
-0.44441246918156024 0.4392330763598671 0.7807516129175208
-0.4563604233541629 0.6389702799793022 -0.6192350223907579
-0.770865087375301 -0.6315002513463612 -0.08351734843546292
38.42579108472716 -31.845008506859124 -53.33138948029674
-0.5368888434763734 0.42959659164557923 0.7260833241609703
-0.4064055306699264 0.6225041638510491 -0.6688224112897507
-0.7393135940963919 -0.6541680132402176 -0.159624656563628
35.6388198779013 -34.17761274104494 -57.461452798979614
-0.6411846631698392 0.40680050104814236 0.6506891887864603
-0.3464553352767536 0.6031372634911631 -0.7184663958962955
-0.6847267926442737 -0.6861046174189196 -0.24578398810567606
32.59022709102157 -36.40522968428809 -61.18007622131998
-0.7254796889447916 0.3749762090371116 0.5771245424392991
-0.29892694798047614 0.5836456780788492 -0.7549833820341514
-0.6199370174828248 -0.7202430053670685 -0.3113327673122159
28.74798732877442 -38.25778985107626 -64.53670279013296
-0.8140060495054892 0.30783793413240534 0.492574496751808
-0.27218409507651203 0.5469981897051239 -0.7916491164602394
-0.5131368447642936 -0.7784792823432007 -0.3614714150324289
24.60385363863747 -39.91577130018812 -67.57412031004064
-0.8831595282869917 0.23942837238039053 0.40336678366588397
-0.23042471657307276 0.5275729838735191 -0.8176615672668692
-0.40857627663691476 -0.8150711428118618 -0.4107612105738718
19.87423410597062 -41.40053312896364 -69.95503191740775
-0.9349152527415857 0.17932675447746063 0.3062299070241482
-0.17739221823269688 0.511221093695986 -0.8409437771395294
-0.30735421257616274 -0.8405326958211863 -0.44613658492075714
14.911090824632254 -42.2991956674025 -71.79525245661242
-0.9691873198668434 0.12302578218698998 0.21340419196397042
-0.12467985755523842 0.5021633731144884 -0.8557373373920116
-0.21244188228592847 -0.855977200912663 -0.47135137931038634
9.782988023728501 -43.18120364448524 -73.27196758719046
-0.9890432095240181 0.10176525179768119 0.10694792530568041
-0.04010034458764352 0.5120109101352593 -0.8580425755059854
-0.14207726153334896 -0.852929267313698 -0.5023203901458058
4.49118864934438 -43.72165096014524 -74.18409333169734
-0.9991559613022732 -0.03990882757217043 -0.009785032715833369
-0.011973852658123904 0.5105759010047487 -0.8597493707065264
0.0393076456709703 -0.85890601791774 -0.5106220657033207
-0.9075552678802582 -43.668049252591025 -74.32772629134182
-0.9877223896866858 -0.09539224646671371 -0.12371434458156128
0.05615748400068089 0.5221743694309912 -0.8509875574306398
0.1457783881320367 -0.8474865418260151 -0.5104066416083382
-6.259175594693106 -43.630677609173226 -73.81338836082969
-0.9600046535138156 -0.16410323775852023 -0.2268535547613037
0.10854953901352545 0.5287152606238406 -0.8418294079123124
0.2580873681926559 -0.8327852991343252 -0.48975563685106516
-11.490477178034817 -43.105926862034316 -72.76529475980232
-0.918625208140339 -0.23928814125756584 -0.3144341620140449
0.1481239303075217 0.5291963485204435 -0.8354710232333927
0.3663151886126433 -0.814059293370798 -0.4506889441447256
-16.61386815996088 -42.27070568468949 -71.19952812837421
-0.8773972651517599 -0.22680665313932613 -0.42276916991525293
0.24946085214051375 0.5370364291594724 -0.8058293875720106
0.4098096935269299 -0.8124965198156661 -0.4146146151732439
-21.29691015155014 -41.37920323345132 -68.99903682551825
-0.7895311054656425 -0.3247073253941808 -0.5207742512660821
0.2776684345270483 0.5677468237518872 -0.7749603064501743
0.5473028526956342 -0.7564583143412953 -0.3580934817835957
-25.832733302222515 -39.86392006669306 -66.56619280511724
-0.7121259492474303 -0.35702273958842967 -0.6044934285566135
0.32785858590987793 0.5922563840753623 -0.7360312704748837
0.6207940464085845 -0.7223353611086797 -0.3047084336400769
-29.712603674678686 -38.37749675292851 -63.45461893939319
-0.6255919990305508 -0.3879124653413895 -0.6768755396996129
0.38999732780708196 0.5959328697700007 -0.7019739217133188
0.6756756806301377 -0.7031273474440891 -0.22152541528649589
-33.346306448956696 -36.504693647425704 -60.11563893058113
-0.5273509586954903 -0.42068521834849015 -0.7381908302668693
0.439434414457976 0.6085507715972468 -0.6607296371746351
0.7271850197618949 -0.6728225333002437 -0.13605526831651596
-36.472597718520504 -34.420450707929426 -56.2529966727821
-0.41527464498867694 -0.4634556206980403 -0.7827880003696921
0.45512009483118065 0.6392143545996 -0.6198964285924023
0.7876630804335385 -0.6136888631966569 -0.0545221753711372
-39.053971377216705 -32.13896444802984 -52.24808439399496
-0.3114101728741018 -0.4757959866871277 -0.8225825591592739
0.4920036484251665 0.659843857471811 -0.5679255475293918
0.8129924055792553 -0.5815712868417334 0.028611532302516257
-40.982012392415406 -29.670483397554836 -47.84626072616392
-0.17197958365616647 -0.49897535984877844 -0.8493808671646073
0.4889389279341448 0.7052901531660922 -0.5133270085154761
0.8551963537453948 -0.5035770187951771 0.1226733467312842
-42.32144122888929 -26.959581337980442 -43.4238638543589
-0.055720975682143715 -0.5032013544678695 -0.862371579602226
0.5193840436927067 0.7230448944258879 -0.4554629830377683
0.8527228396301293 -0.473280107167815 0.2210655000955691
-42.79437252327418 -24.39919380531528 -38.78482660980314
0.07788240233294806 -0.5048340889406432 -0.8596960594454479
0.47951230579256005 0.774990547015477 -0.4116526549696255
0.8740722713821031 -0.3801740663178493 0.30243182814004
-42.85051292561086 -21.789478644173194 -34.21034643134302
0.20075783989955498 -0.4952999543478514 -0.8452074197438635
0.46894323092771417 0.8060878537685403 -0.3609904322819923
0.8601097464321269 -0.3238826786476468 0.39409570254228804
-41.97405860736097 -19.29776329612037 -29.56129038260339
0.31868693703263684 -0.4882207790049408 -0.8124527208558789
0.47399690288317825 0.824359195472556 -0.3094495107554894
0.8208329466508817 -0.28648173267345584 0.49412742824001904
-40.66538055697444 -16.85372701907939 -25.05922155873072
0.4340333053607131 -0.47582674388523005 -0.7649873675267698
0.45309581091821505 0.8492249588817142 -0.271147596981274
0.7786645271681101 -0.22892553054489476 0.5841868496971981
-38.59931469755566 -14.459160841692025 -20.81279993730477
0.5433645868117039 -0.44774195685035645 -0.7101285205905923
0.4257531069603632 0.8760151256005992 -0.2265651347306269
0.7235265276650482 -0.17923198733632342 0.6666225673968225
-35.92307192009892 -12.266414426606795 -16.9829572368333
0.6452024910639316 -0.40592755328764685 -0.6472528611059009
0.3911954833151768 0.9032229865417712 -0.17650493012120294
0.6562620257552699 -0.1393208159235239 0.7415592823647428
-32.716976519972974 -10.268304320194515 -13.223367185063106
0.7309162775422973 -0.37677011158501345 -0.569039643227553
0.3629409798147693 0.9207079961570372 -0.1434278183439885
0.5779579780457169 -0.10169405124599187 0.8097052928685909
-29.214170281237454 -8.361548994283517 -9.897479735282984
0.8190142832713202 -0.30310562936666474 -0.48717998028905707
0.28808476910092384 0.9515294593405427 -0.10769873522446284
0.4962098060121362 -0.052142480791330874 0.8666358344522432
-25.022647905754134 -6.541911471706964 -7.045785050011224
0.8837346221942524 -0.2360323969044591 -0.40410794642156866
0.2228476152767244 0.9715548519727861 -0.08012757733803424
0.41152628377516304 -0.019242512479250597 0.9111953479882369
-20.399779596980544 -5.304779487671629 -4.549998204093335
0.9318835789785431 -0.19989159716284916 -0.3027157615992737
0.18985389524477309 0.9798177611622704 -0.0625544863989791
0.3091103716598656 0.0008216587347399247 0.951026233748716
-15.68806778904457 -4.29061479350595 -2.5708816637127088
0.9706593035691765 -0.1191247493798235 -0.20887856083099413
0.11123603185296554 0.9925772804559039 -0.04915577915312548
0.21318356844730674 0.02447863051354449 0.9767060101189928
-10.599548906313437 -3.630581925588343 -1.1788975251370835
0.9933920782684338 -0.06374354052616274 -0.09544641062243941
0.060484506125393814 0.9974961788492487 -0.03665931517934719
0.09754439040515862 0.030643997151018634 0.994759793185172
-5.324037412690754 -3.2077177002741672 -0.32440867417337227
0.9999429898064769 -0.010667162950367341 -0.0010175271056143563
0.010606205548360004 0.9987966768577161 -0.04789401939438697
0.0015271547471232758 0.04788049375205728 0.9988524093565615
-0.07844935864079668 -3.0801614885661244 -0.0908939250091302
0.9901655367788494 0.08544352071952444 0.11078059018521845
-0.07855197453202033 0.9947786900433696 -0.0651548775407951
-0.11576928763429059 0.05581207282315413 0.9917073524663347
5.308579813076172 -3.2273890170165416 -0.3677038961249255
0.9661027945620926 0.16160614544213703 0.2013199902896095
-0.14952435287772203 0.985989744262718 -0.07394231414268203
-0.21044870391818588 0.04133361380837271 0.9767309810869931
10.392623355243789 -3.8346462260913268 -1.3282012506064362
0.9280370272179541 0.21097294228512245 0.30698147747283516
-0.19092136859844078 0.9770643903241515 -0.09431231959498548
-0.31983757103974225 0.02891581096338212 0.9470307762414801
15.29800358732656 -4.922791589891509 -2.7113425567275327
0.8732215693383375 0.26895299173798 0.4063849286019297
-0.24955232434966262 0.9630640793672081 -0.10114543897907681
-0.4185780940719005 -0.013092236959347104 0.9080869598001473
20.035987183125673 -6.039163187817711 -4.5926310353589574
0.8104263018125527 0.3213786479931459 0.48982237529695993
-0.29469342262194403 0.9462529155265661 -0.13326965722740405
-0.5063257269663233 -0.03634177638943958 0.8615762721024388
24.366939402869388 -7.580419855121915 -7.15984514088185
0.728970337354832 0.36941386062582204 0.576313399023478
-0.3344445338714549 0.9267679015608301 -0.17101930123059192
-0.597285543540317 -0.0680768147922174 0.7991344470166636
28.46220049102878 -9.434916229332423 -9.918510134829887
0.6368849148095407 0.41403201583275395 0.6503498712150609
-0.37227803404236554 0.9038537919130445 -0.2108497886734152
-0.675120056147094 -0.10782387872201223 0.7297862702104817
32.00810515212468 -11.25128908330788 -13.237548847113642
0.5355320431380826 0.46346082766982827 0.7059817693542777
-0.4053538961001108 0.8744334172141506 -0.26655914863546354
-0.7408733771184148 -0.1434216622778558 0.6561525118309363
35.074921458243274 -13.503850074428938 -16.951735618258702
0.4110207013138973 0.5103210360486791 0.7554033336786065
-0.4548801917993689 0.8329135236277339 -0.3151804753621745
-0.7900290516600991 -0.2140720766152144 0.5744795258602864
37.69180323546362 -15.795374237872405 -20.912371206508865
0.2906233604731064 0.534957891754958 0.7933214556469282
-0.47404264765448234 0.8007036743629181 -0.3662764654427127
-0.8311572859048757 -0.269619792902349 0.486295527275158
39.442439667346584 -18.370980868909644 -25.09320628215158
0.17946885098381773 0.5421304242319658 0.8209066336569232
-0.4763097146703231 0.7780110008422895 -0.4096695041680436
-0.8607668185258575 -0.31748249351315194 0.39785024794544727
40.60844737870592 -20.973407397124213 -29.43873065477966
0.051169909447942606 0.5484813429761952 0.834595822302916
-0.4859243262982473 0.7437711560931548 -0.45900079940111577
-0.8725019918339798 -0.38206409058690183 0.3045793526673297
41.207825727178665 -23.518084248229354 -33.95410690523384
-0.07995847996075599 0.5563228979090283 0.827110346896894
-0.49141659032416773 0.6999241329056275 -0.5182822561582228
-0.8672462994734254 -0.44789706030668747 0.2174215994988421
41.1765942312372 -26.227064294094383 -38.54205786751679
-0.2036824572973963 0.543191871987608 0.8145291693246227
-0.4819313605970193 0.6685627948484918 -0.5663626766267609
-0.8522068592328372 -0.5079043625563314 0.12560705059661567
40.48910642924585 -28.712039074567254 -43.07305265949194
-0.329097127756773 0.5225619218781735 0.7865276457981213
-0.45214569770760493 0.6440344380191334 -0.6170761896140452
-0.829010869627031 -0.5587027717544677 0.02432432594036549
39.0160855535446 -31.27998890575754 -47.353305459450496
-0.4441535455022161 0.486402989966628 0.752423202029465
-0.4513481104808064 0.6039865242588129 -0.6568755282738964
-0.7739592936365428 -0.631358225322888 -0.04872533981413287
36.981336148362224 -33.718818678133054 -51.52020805065998
-0.5393571421130516 0.45915648729823694 0.7058822707830752
-0.41170923451684044 0.5874525887631836 -0.6967036216296395
-0.7345673663951628 -0.6663900917714378 -0.12780804778260438
34.36636517863408 -36.097910257829795 -55.48375811638585
-0.6354038708844552 0.4397540550348359 0.6347272210441868
-0.3748202512322333 0.5430110684591916 -0.7514316355675407
-0.6751089216067049 -0.7153704592389495 -0.18020299732083989
31.315900586601725 -38.06597326701591 -59.050583578039834
-0.7218409031117796 0.4059048295385992 0.5605249787997055
-0.3193642840617439 0.5231669891846009 -0.7901277201433852
-0.61396523685293 -0.7493583656597851 -0.24801132370301476
27.638780999657996 -39.942021086836114 -62.2422393208779
-0.8140511271741134 0.3427592720678743 0.4688688518797073
-0.2661228456214529 0.4974253204497546 -0.8256793870443537
-0.5162368480529287 -0.7969212566168998 -0.3137134770418244
23.605126285206833 -41.56786521715887 -65.14138330506985
-0.8844592841589132 0.2569515673051291 0.3894972564556193
-0.23147524628701624 0.4831695224257428 -0.8443735925128328
-0.4051565097990803 -0.8369723750567856 -0.3678657989352149
19.014116675618215 -42.95008338963747 -67.4492230632721
-0.9301104543329606 0.21584707543211215 0.29716316181858415
-0.1697007962750926 0.46498370551766666 -0.8689029526297405
-0.32572577779595846 -0.8586041977062606 -0.39585668598116863
14.390212534120515 -43.954003855889404 -69.28447964563743
-0.9698472690160739 0.13852362688223607 0.20051750928327938
-0.11671125348510332 0.458296082210977 -0.8811038503543248
-0.21394984349059012 -0.8779382243431003 -0.42831039479685556
9.297498875645868 -44.54567465143403 -70.6050156373955
-0.9923762951268684 0.07198655815432463 0.10004360051236526
-0.05554311326906432 0.4634107218842775 -0.8844013252885247
-0.11002672240778731 -0.8832147743924567 -0.4558791076043534
4.214091790556722 -45.098432448264084 -71.40104880476339
-0.9999787724725325 -0.005312397894739473 0.003834829704592967
-0.005854489921772139 0.46172604815630086 -0.8870033370216518
0.002941509314295735 -0.887006742993949 -0.4617470712416743
-0.8182879445278219 -45.271722331862755 -71.60959984408396
-0.9913112427613222 -0.06978427921971332 -0.11149911094861771
0.06719393481343419 0.46005759788862627 -0.8853432259323792
0.11307949985534052 -0.8851421064303574 -0.451371492194448
-5.983026635833749 -45.12776359293979 -71.21087733332767
-0.9665123838450783 -0.13890767646762792 -0.2157755746032563
0.13071623159108886 0.45708559208381916 -0.8797650050190625
0.22083305483409418 -0.878509080581547 -0.42362169040458725
-11.005819221716642 -44.7268384516383 -70.27186613721781
-0.9223761165332887 -0.22347656365390314 -0.31508976693090873
0.18240750446617904 0.46703981728197785 -0.8652178035293482
0.3405154554093107 -0.855530933138969 -0.3900220101436643
-15.92129366731074 -43.93519214719521 -68.68612301711003
-0.8715441484209544 -0.2629013807041241 -0.4138776050326108
0.2499730546767146 0.48792126741245945 -0.8363288701051269
0.4218110627702587 -0.8323559311946571 -0.35952634222988633
-20.52937487580038 -42.923850942616724 -66.61244529560129
-0.796803826552296 -0.33858885492737967 -0.5004619452497328
0.2891272431625652 0.5136314236580836 -0.8078295521205764
0.5305742944029659 -0.7883786903915107 -0.31136764504646075
-24.845538074375153 -41.64063459116875 -64.2468373093293
-0.7138195099416839 -0.3787631772009989 -0.5890677788264652
0.3529450106539058 0.53193885817786 -0.7697216506130266
0.6048896194811297 -0.7573501625195806 -0.24602609038604034
-28.602062538074602 -40.038719102704626 -61.230563236425176
-0.6281974682865183 -0.42039684159623236 -0.6547023941668271
0.40074908680631743 0.5464309106675171 -0.7354003774223609
0.6669088817015568 -0.7243478840642213 -0.17479285888668442
-32.11447571739879 -38.24124618059553 -57.951170992329516
-0.5175035382238518 -0.47676309811355344 -0.7105552035228181
0.41927815902941984 0.58259452487128 -0.6962682818697138
0.7459204660951886 -0.6582405103522433 -0.1015986675600044
-35.16610234217358 -36.30977671366065 -54.213623097398745
-0.39919066783102997 -0.5223241821856467 -0.7535412427495013
0.4520353801648676 0.6029171255163784 -0.6573841233053562
0.7976905754343229 -0.6030496571188874 -0.00457006023972943
-37.52501391961426 -34.094078224362356 -50.38635272512443
-0.30169139859656774 -0.5276692050431834 -0.7940710221757763
0.4968632365936474 0.6238167844718436 -0.6033066398537652
0.8137011565121665 -0.5765567538438284 0.07397909359658832
-39.33736529785895 -31.698910644022153 -46.15136226436836
-0.1628869388504845 -0.5552703422010443 -0.8155637662521684
0.4790215701182502 0.6781373552340705 -0.5573764588250901
0.8625576639703335 -0.4814620755004331 0.15552692433527684
-40.69384506394981 -29.094810144629157 -41.94901545800769
-0.05049583259939761 -0.5579046068019168 -0.8283683701005005
0.5039139588427541 0.7018758092297488 -0.5034297729272049
0.862276816437465 -0.4428467607429806 0.2456936488182602
-41.28514519424589 -26.638409128215656 -37.357775036297085
0.07738020747175024 -0.5582873851008946 -0.8260321178473821
0.4925975316719705 0.7417343218778069 -0.45516869280055405
0.8668102388716119 -0.37168010982642335 0.3324056990568362
-41.15500319930187 -24.1866762194483 -32.86248534181989
0.2048969598510527 -0.5503689130503068 -0.8093893473657652
0.47899089286400864 0.7775305436845811 -0.4074482888877934
0.853571799177429 -0.30420542034920134 0.42293561434245924
-40.54726601306737 -21.762898136396704 -28.550597384689386
0.31831761170842066 -0.5389114779226344 -0.7799035668342237
0.4916616657007186 0.7972515577239205 -0.35022754691391433
0.81052009325725 -0.2719645011751816 0.518741289932508
-39.10735173505045 -19.417641926402545 -24.23173541649834
0.4519104335126275 -0.4941420453852983 -0.7426981666229333
0.4216400355946031 0.852011871086874 -0.3103162889680118
0.7861273786747772 -0.17291637704496482 0.5933831585357107
-37.11679020431584 -17.065285975404713 -20.13822740057647
0.54104838652481 -0.4947270326831801 -0.6800821319283774
0.4366546216049328 0.8563782539768925 -0.27558796506459954
0.7187488630890232 -0.1478539293123154 0.6793674578949503
-34.49226333362379 -14.961373139785625 -16.438274945462016
0.6445035253344509 -0.4552721981763861 -0.6142827464843287
0.3986029370318802 0.8856542004387975 -0.2381859462124684
0.652481187361091 -0.09134301354136032 0.7522799604071558
-31.39023041652585 -13.013453372802372 -12.909176531105924
0.7235199724264232 -0.40844566408575833 -0.5564986375074239
0.3639219495424726 0.9107267346292882 -0.19528847477390826
0.5865835345537636 -0.06122652779305578 0.8075715468738685
-27.969227195743176 -11.050359814452921 -9.728218531857689
0.8063915132213876 -0.344289396816327 -0.48083078900134035
0.3052746881423228 0.9386981290706149 -0.1601675467271533
0.5064983390207113 -0.017627591067618093 0.8620607088765228
-24.012203843652927 -9.560266013394639 -6.927696402899898
0.881052445431702 -0.26600883880559806 -0.3911342278555402
0.23110692948839445 0.9635553443233948 -0.134727493856753
0.41271795242851333 0.02830809897003998 0.9104189366153278
-19.73051058534579 -8.18629493843081 -4.567970840558737
0.9403660365011135 -0.17188944167475068 -0.29354083050278257
0.14260296489214574 0.9826513589599273 -0.11858223464715295
0.30883051697675823 0.06965066196488298 0.9485637692474967
-15.003975044822768 -7.199319704954331 -2.6385994091173717
0.9726524261705009 -0.1313798078305588 -0.1915415694691799
0.10931857967065906 0.9865464486868817 -0.12155516680737534
0.2049345572053075 0.09729114330211625 0.9739283545243743
-10.19879373945496 -6.649886155847415 -1.2845025593121753
0.992506615051006 -0.08733341934521621 -0.08547125623177856
0.07810495861060657 0.9913014250758596 -0.10593331371437534
0.09397962782311482 0.09846381773184028 0.9906926867551491
-5.183270040980992 -6.2363316632342665 -0.511320956177668
0.9998767998644276 0.00918286608708412 0.012735010734030505
-0.007876852961085173 0.9950498869287902 -0.099066570059826
-0.013581661308546376 0.09895421236636229 0.9949997485792489
-0.01058145973729801 -6.113902378901422 -0.2557419949039786
0.9873035227863977 0.10924012399587364 0.1153231673461945
-0.09552679540028784 0.9883603743199595 -0.11840401788951138
-0.1269160492438125 0.1058833803267565 0.9862456283309993
5.030416383791062 -6.294642302407704 -0.5816094239610553
0.9602336555784999 0.1954387188885353 0.19938898509143263
-0.17032316059031247 0.9759129450068305 -0.1363249787050537
-0.2212299315746194 0.09694274374510344 0.9703914028830791
9.897214016878168 -6.843880999395809 -1.495389795573564
0.9236700778005765 0.24919687970435664 0.29109404188634486
-0.21210727844268346 0.9651619525559472 -0.1532084724233174
-0.3191321408707154 0.07977065169618572 0.9443472771740801
14.576542128991466 -7.890614395303329 -2.9448043287621304
0.8716792255461945 0.30981787259860943 0.37972144975903316
-0.267984499754813 0.9500484153298907 -0.15997376765112808
-0.4103167219828772 0.03768617052139173 0.911164520554712
19.14544243721408 -8.963874713247474 -4.7923172361935364
0.8128798809073497 0.35024640796257717 0.465354172833708
-0.29295374739714963 0.9364312474018442 -0.19306926356293405
-0.5033939022891333 0.02061491129985253 0.8638111961660101
23.357274481418855 -10.47742515114902 -7.0517053061152595
0.7344004517921424 0.3992968369169703 0.5488329810361804
-0.33002321261314027 0.9166882665770997 -0.2253171447076171
-0.5930775549575666 -0.015654918134858708 0.8049937450051502
27.132671330154974 -12.220074607651142 -9.862168705269912
0.6421387722361698 0.4540131062942524 0.6176821254792068
-0.36273295380216475 0.8897956795573436 -0.276928642087282
-0.6753389838191589 -0.046227164202387885 0.7360573676189303
30.6616256303771 -14.051210347529938 -13.053639790462938
0.5303796620105061 0.5049073725473338 0.6810046412162695
-0.41350037007089435 0.8553368795711961 -0.3121174673200783
-0.74007760320652 -0.11605439802692345 0.6624325465159606
33.538091310199576 -16.111996046794278 -16.52332125706696
0.41429516992648335 0.5498652025579228 0.7252642232009127
-0.44952094479213534 0.8165140954307026 -0.36226569296603717
-0.7913853082767244 -0.1759359745449072 0.5854530934863842
35.96894312119145 -18.40049385533832 -20.28887997449879
0.29837694251481245 0.5705451599604532 0.7651466160387543
-0.4577640592772485 0.7889902397810554 -0.409814060965243
-0.8375105543656652 -0.22797703186239857 0.49659152757271113
37.8286921013664 -20.810827001216673 -24.259878192541624
0.18021870205601997 0.594932966057265 0.7833117175613304
-0.4797927654592522 0.7483568257108655 -0.4579973594483558
-0.8586734886148848 -0.29328642795227544 0.4203120006557522
38.91034746163766 -23.220099505568243 -28.548705648537567
0.05763972340947304 0.6013177209544257 0.796928745155541
-0.4808053841419935 0.7163012811576067 -0.505705230610704
-0.8749305587947204 -0.35401887892467593 0.3304036102626396
39.51406253377927 -25.72903460860197 -32.85667356713624
-0.07823905756557789 0.5999126091379648 0.7962315803555274
-0.48478453435802193 0.6749965090277258 -0.5562051717632718
-0.8711275055484489 -0.4295182039125027 0.23801692045397313
39.39336499229861 -28.232454330937532 -37.328985740015895
-0.21983557939468246 0.5855854539670342 0.7802327803643314
-0.4881984513875515 0.6264026796128184 -0.6076853786000656
-0.8445920028893933 -0.5144989239958958 0.14817693070596544
38.73082471899152 -30.76164743528088 -41.679970625946915
-0.33656394511263193 0.5679777585418757 0.7510839941127233
-0.46288038739653437 0.59481264359989 -0.6572221686432719
-0.8200407672648278 -0.5688590500800143 0.06271291179735236
37.23978267874043 -33.33345075509264 -45.73188346983749
-0.4472575962819451 0.5340591166716108 0.7174556539757004
-0.4448440182585997 0.5630797711245638 -0.6964591715886388
-0.7759344135969429 -0.6306525132107287 -0.014268464592142493
35.27884127735706 -35.56786947147827 -49.66636201228561
-0.5389686216887314 0.5156216378062424 0.6660693885049968
-0.41289820913488395 0.5275056992625037 -0.7424643486024048
-0.7341854910435047 -0.675182879460316 -0.0714098458287155
32.87290853507417 -37.80048356316761 -53.32860004144175
-0.6538733427544942 0.44770633561502915 0.6099253066729432
-0.3941931368408502 0.4864957457807109 -0.7797016602332512
-0.6458030822873041 -0.7502540196808402 -0.14162355588039968
29.846805718308314 -39.78032077497675 -56.77688068250242
-0.7315367146167144 0.43270275969603744 0.526898343388676
-0.3125272608074454 0.4740196610189256 -0.8231842205460508
-0.6059542147342948 -0.766859997732939 -0.21153167067836626
26.349992313659424 -41.554334834342754 -59.775860833608355
-0.8192857889599132 0.35732832643371143 0.4484273172878468
-0.2757847423409227 0.4400945420863009 -0.8545521316794461
-0.5027070161593726 -0.8237917907686703 -0.26201744602751853
22.489873234725597 -43.0260614425966 -62.648293758965
-0.8709321872332214 0.31292320378654626 0.3788893583806171
-0.2232912879955224 0.43482785129835777 -0.8723909569597325
-0.4377434806918571 -0.8443953819676204 -0.3088319721858486
18.133339795412702 -44.33763562247178 -64.78660803601389
-0.933802037775998 0.2154585568527224 0.2856436786791989
-0.17969631172196693 0.4079382869877395 -0.895151651729382
-0.3093923054522014 -0.8872226142384162 -0.34221630667211855
13.675465732393702 -45.31266175631804 -66.51919235581391
-0.9666505535314364 0.155212787771162 0.20370632470113262
-0.1229881963886163 0.4163447140547397 -0.9008499212123047
-0.22463521404202247 -0.8958608700575098 -0.38337013995069896
8.961836895651784 -45.97394517557217 -67.76720829599577
-0.99183989733176 0.07922209420175085 0.09988932031108406
-0.059101396336547464 0.40851340025517086 -0.9108369883544182
-0.11296450984462962 -0.9093081594934262 -0.4004978612054974
4.005872159615676 -46.47497330945052 -68.57508022907675
-0.9999020937410688 -0.005765740647583586 -0.01277288186379251
0.009407833127319482 0.3993557905363152 -0.9167481121647101
0.010386628443072086 -0.9167780474469017 -0.3992628198217019
-0.8873690010274529 -46.685482598879574 -68.78044199837782
-0.9916235504642129 -0.06353502609676914 -0.11245928866023312
0.07740071741984011 0.40473891261354106 -0.9111504765180186
0.10340657988802518 -0.9122224756088156 -0.3964309607590392
-5.774244777392688 -46.48117540897839 -68.38345886354058
-0.9661968925758525 -0.16475497167472536 -0.19829312191046902
0.11935234748436337 0.39590964277688573 -0.9104998381897548
0.22851490113990294 -0.9033887215350299 -0.362862207954474
-10.611789846007575 -46.0222428342108 -67.50666097055324
-0.9276906468356115 -0.21851718480452495 -0.30272394552268606
0.19321908404927113 0.4128030295079292 -0.8900901714145313
0.3194655068206384 -0.8842191781253534 -0.3407313597605323
-15.288801427100655 -45.21665126359374 -66.0515594239004
-0.8585877912162081 -0.3219277275885931 -0.3989867742213603
0.24287531699280265 0.42996017966435623 -0.8695663211539647
0.4514863204734292 -0.8435031004617519 -0.290969550171235
-19.628339345171494 -44.23987390490428 -64.07039851634096
-0.7930693493741467 -0.3689199023817693 -0.4847067369444473
0.29775493670091746 0.4593967389186116 -0.836837990849198
0.5313976298612054 -0.807993398006705 -0.2544849970733966
-23.686392527828517 -43.017522857060115 -61.692792646941896
-0.721047389153 -0.4103247018610567 -0.558322498597815
0.34697174976013273 0.4836543520797223 -0.8035480523659486
0.599751082009867 -0.7731182725390999 -0.20636667312280008
-27.38869696221205 -41.56546977933427 -58.94566933740994
-0.6361327857810312 -0.46972279785359733 -0.6121248619204998
0.38219737121128056 0.49734143460908203 -0.7788299803588986
0.6702689033990361 -0.7293918389713367 -0.13684805592950072
-30.772963849168722 -39.790823879758534 -55.769710209590826
-0.5141907946932207 -0.5422031224754124 -0.6645483800828569
0.40177348069818075 0.5322791002446688 -0.7451559454025091
0.7577506768357681 -0.6501504503202821 -0.055850118436730115
-33.605914341968315 -37.90337629939231 -52.21864351047095
-0.4061807985230283 -0.5689011638466415 -0.7151005404881805
0.4435565416788661 0.5614415920032194 -0.698599100958282
0.7989208203575602 -0.6009460477499915 0.024292871386904426
-35.885412002584125 -35.88882148886532 -48.44431807968691
-0.32264974259134516 -0.5697943604584481 -0.755799050840231
0.5075803847939883 0.5698209372905487 -0.6462716925183154
0.7989110952305938 -0.5921478612525053 0.10536371914294526
-37.55309762569516 -33.63121211400102 -44.3971382049193
-0.14245239212959604 -0.6161541688104668 -0.7746369272244177
0.47174721271731723 0.6457476035930815 -0.6003874752643165
0.870150599367315 -0.4509592371571595 0.19868080505156302
-38.94189760985502 -30.993847062209944 -40.34344084296849
-0.049451308761967176 -0.6165106202029197 -0.7857921081950308
0.5005291026574661 0.6655334391230132 -0.5536574177500267
0.8643060525788359 -0.4206912678683111 0.27566990908701816
-39.426593158714084 -28.798515171590278 -36.055406742355075
0.07606267010282063 -0.6050802523264363 -0.7925233769451207
0.4735559777337509 0.7213857129848482 -0.5053186331115865
0.8774735110594626 -0.33686781335259436 0.3414101506840972
-39.26176648723505 -26.35030837691466 -31.845927774848032
0.19193652356573587 -0.6021853562685735 -0.7749412029633922
0.4852342834406128 0.744584121382766 -0.4584135871697256
0.8530588715617524 -0.28804158181954315 0.4351135554961366
-38.62313611714664 -24.071606313237098 -27.62815111902776
0.3230291481206847 -0.5806474449463843 -0.7473295184510899
0.4767137158261309 0.7819979591995746 -0.4015270002276118
0.8175548595384657 -0.22655721919536223 0.5294103253365585
-37.40569906848613 -21.715881372733197 -23.530153348311806
0.4411634309369767 -0.558510067424031 -0.7024545020413405
0.45792144424881465 0.8132699897638451 -0.35902844403366163
0.7718053297130939 -0.16327795798097047 0.6145383746282724
-35.49647225949701 -19.632691652727548 -19.695725092689248
0.5732056135464988 -0.5019678991943571 -0.6476599786462293
0.3828239758842448 0.8628848000922231 -0.3299630544410739
0.7244866570149698 -0.058803209865314135 0.6867758399577203
-33.03949102280994 -17.51817328862743 -16.016132050027892
0.642566435261571 -0.48691217652447216 -0.5916296979908056
0.3935444130620558 0.8722278349136822 -0.2904172707641645
0.6574435782492324 -0.04622000931835881 0.7520846103039809
-30.030921461789447 -15.720908741648978 -12.700586585854237
0.7266049088223749 -0.43198246963739845 -0.5342621752507833
0.35451986716939854 0.9018271082222923 -0.2470278074247191
0.5885244510181216 -0.00991493641125688 0.808419290832552
-26.649006541566962 -13.914364815348696 -9.598739489748692
0.8100104952139735 -0.374024326574177 -0.45165164752933895
0.29705042279572513 0.9257687361102139 -0.23391171046085626
0.5056129026983296 0.055307781977131536 0.8609860719105846
-22.996213691478513 -12.47129118013131 -6.878672607033353
0.8793394306406183 -0.297602858614837 -0.3717476207506446
0.24009007413615735 0.9512485304144528 -0.1936069919518926
0.41124147745163686 0.0809932393267748 0.9079210405898207
-18.81798375241334 -11.105720938552954 -4.679538265820888
0.9339498309670116 -0.21551788500003968 -0.2851142577666882
0.16931738715636746 0.9693376699151246 -0.1780897956662204
0.3147529924829983 0.11805183172557113 0.941803884216583
-14.405500079485517 -10.140148531342481 -2.976462218812069
0.9761112004470921 -0.11280731749401632 -0.18569485470737482
0.08071727230606529 0.9817646542114349 -0.17211405777630373
0.20172451319581225 0.15301299761906517 0.9674159174842651
-9.676091101768758 -9.594996982071049 -1.5717800239577653
0.9931792137804751 -0.08809046274811343 -0.07639092532190724
0.07526945975656053 0.984733701791177 -0.1569548087365819
0.08905096435403073 0.1501341752730022 0.9846469967942608
-4.92802151330756 -9.305046552471332 -0.9288221557974501
0.9998509427154014 -0.013941565475587872 0.01018301218580122
0.015365107671682558 0.9875376578975492 -0.15663490974061006
-0.007872408532593776 0.15676779193647272 0.9876043850732142
-0.1309934688854376 -9.180375670190934 -0.745968850364487
0.9895351467553579 0.1045505517041017 0.09944640919982436
-0.08606942393803091 0.980842412210769 -0.17475663119947105
-0.1158127125802179 0.16436856043770767 0.9795771415828513
4.674940266774607 -9.199256241018343 -1.0160969162009759
0.9646414982519209 0.18910432936977295 0.1835975585848169
-0.15335932913149838 0.9692327193656154 -0.19253389124717393
-0.21435764301498758 0.15756985416533884 0.9639625296097332
9.284830018926192 -9.738134610197623 -1.9075671203809539
0.9260616049896693 0.262731691974664 0.270891178424582
-0.20878384360018742 0.9546690737118895 -0.21216991704790483
-0.31435543406902045 0.13992510391024446 0.9389371604472885
13.805773922116718 -10.697511908591773 -3.4133259925848956
0.8764138000902831 0.3134279361276735 0.365598852604962
-0.2452925417417046 0.9438826975865877 -0.2211739617749416
-0.4144038666622575 0.10416097018640007 0.9041125061332711
18.246677146283584 -11.815662207108026 -4.978952145371224
0.816551694080812 0.3764399119186789 0.4376484867027406
-0.29868684591739686 0.9242694292840223 -0.2377235043417607
-0.49399393781013123 0.06339350580439926 0.8671517317656376
22.294551478004998 -13.283239021399893 -7.192138272539381
0.7410643915664044 0.43611350063977794 0.5105193469789074
-0.3371071636167792 0.8992287981535934 -0.27882959275152247
-0.5806746470771925 0.0345304964251226 0.8134026474880486
25.943397468501782 -14.885731077526518 -9.940650462779283
0.6499079622658018 0.49463362862613086 0.5770249602493488
-0.375674660908665 0.8690690117887383 -0.3218528458192674
-0.6606727174558921 -0.007598876991836427 0.7506353486757993
29.208602138836845 -16.60636151937825 -12.867512944009668
0.5307228272706754 0.5508741689087575 0.6441058300419066
-0.4155467183785698 0.8314802308363715 -0.3687297157027682
-0.7386845806757928 -0.07196312282106716 0.6701990874070058
32.013407453292075 -18.690363931413536 -16.069077774992536
0.42447873865434127 0.5839467391214483 0.6919712634401827
-0.42691145436606626 0.8030347937164919 -0.4157896116901148
-0.7984757803248832 -0.11891651432952481 0.5901651970971686
34.24785169752437 -20.81993064086711 -19.763287610500694
0.3011255702808849 0.6192922673307477 0.7251221725755536
-0.4691435892004858 0.758235952143589 -0.45275047520211864
-0.8301981345785345 -0.2038517820306686 0.5188611389342896
35.979379154668294 -23.05676450089314 -23.586868518556596
0.18405348375153738 0.6450631597303318 0.7416325389999564
-0.48728279005943004 0.7151572121802043 -0.5011043686868971
-0.8536276904332335 -0.26915510918802243 0.4459554117783493
36.99483969123794 -25.440385450028668 -27.65491929279794
0.05810515662727046 0.6561941616371075 0.7523524836014114
-0.48684714220736364 0.6765609411245102 -0.5524897916919076
-0.8715525349191795 -0.334177814084616 0.35877768858169473
37.651950533404516 -27.892240320662026 -31.80407148566129
-0.08460389567276835 0.6483311589735834 0.7566442832387085
-0.5047063019364161 0.6268626530274609 -0.5935609806396184
-0.8591358250797296 -0.4321005658732801 0.2741813802580317
37.5757294998914 -30.22008205039652 -36.00284198684483
-0.2017082922078291 0.6369652949498081 0.7440364357061815
-0.4754625845405166 0.6004608460753877 -0.6429486749178409
-0.8563000498755782 -0.4834490774169805 0.18173594438914223
36.82691833635892 -32.649006532452425 -40.13632840913181
-0.33036929494766915 0.6133915420232604 0.7173613535814124
-0.47656618105102205 0.5476326912087294 -0.687737863429161
-0.8147032021394943 -0.5690768627509811 0.11140096082567025
35.50262640806121 -35.08784746123784 -44.04177511393814
-0.4436488710876086 0.5874083877739544 0.6768514364900238
-0.45278518306798077 0.5048526284806991 -0.7349220329248515
-0.7734088665667821 -0.6325150762097967 0.04199251888353805
33.6541108277371 -37.22305807875895 -47.76742084118869
-0.5563571815758956 0.5372513058634267 0.6338992698084149
-0.42628738336941463 0.4702895281638429 -0.7727275219089894
-0.7132642006808989 -0.700134737702528 -0.032625427450427
31.30552134515272 -39.40239561885256 -51.41903330041775
-0.6485143570397808 0.49664424718347083 0.5768659973035417
-0.38434406107099256 0.44049792713440156 -0.8113206409449626
-0.6570459954529463 -0.7478676834137025 -0.0947863474548405
28.405224253689422 -41.321810098827044 -54.58785588449256
-0.7364412454725809 0.44591646379241584 0.5087379720383908
-0.33076094000867884 0.4186603540961386 -0.8457661443773545
-0.5901295747567703 -0.7911274839784045 -0.16082662682406723
25.08925573767652 -42.9353385058534 -57.39429085655766
