1.0 8.473347193402381e-19 -1.6869949599036174e-18
-1.9141437942835038e-18 1.0 1.5400753267678104e-18
7.290801062758638e-19 7.231572666700142e-19 1.0
0.0 0.0 0.0
0.9910786298029278 -0.07754887320656878 0.10839958787963642
0.07814100492734172 0.9969417626216339 -0.001219034343210758
-0.10797406286537711 0.009678652034929531 0.9941066219158992
5.484204366232591 0.1266545664151361 -0.2105345660350641
0.973662159479361 -0.1033772527230145 0.20321374520366775
0.10531753284053531 0.9944385306161961 0.0012756451771962786
-0.20221571930459445 0.020159814417576218 0.9791333162537524
10.904711394296603 0.6515654585598225 -1.007969490242065
0.9355866732220999 -0.15678047452680036 0.316382080524495
0.15679113317931834 0.9873008542227792 0.025595849531656965
-0.31637698786131246 0.025658640958667323 0.9482868171480932
16.166667147169225 1.27400918504057 -2.5287443446977362
0.8793724134389497 -0.23457777351436698 0.4143401513240191
0.2323631874082334 0.9709833710228979 0.05656669796314412
-0.41558631900079257 0.04653385965257026 0.9083628734723898
21.219307275267916 2.3415958898294056 -4.590258919038319
0.8231736961632249 -0.26690513742873634 0.5011458312608845
0.25237460412373064 0.9626401482942347 0.09814605065806416
-0.5086183161006217 0.04568505264121229 0.8597792319764588
25.75406779835208 3.706826212840673 -7.066753133631729
0.7363765240832264 -0.3356500490143768 0.5874428076269799
0.3253920593945514 0.936949936705948 0.1274620642722906
-0.593186798126703 0.09728917346022481 0.7991645898211603
29.94839002232165 5.237844540126623 -10.15175656631679
0.6379435641980764 -0.40101286584681856 0.6574325618331943
0.40353744217180376 0.9011961111784168 0.15812660795199768
-0.6558856604266309 0.16442296201086207 0.7367353733377119
33.65373551597079 7.241800252105662 -13.638180157237322
0.5386469396726644 -0.4163895635182169 0.7324478665905918
0.4156553345800683 0.8875150120455274 0.19886828407246956
-0.7328652534138365 0.1973258494041654 0.6511318238360454
37.04217668972309 9.575317209245702 -17.537543569883095
0.44285131596090466 -0.4388001197551121 0.7818813388897375
0.43194046236223493 0.8686006600325096 0.24282059630263783
-0.7856917678200356 0.23019262944398972 0.5741956842136386
39.701119851590406 11.996306146677995 -21.71837541074632
0.32602422299151057 -0.4707873688454062 0.8197974763273007
0.4611886050668395 0.8361938578754393 0.29679406371705364
-0.8252357676033082 0.2813189256050299 0.48974066837163466
41.979710836751366 14.254546473587215 -26.14771126954188
0.20289878296034408 -0.4821782619546009 0.8522536615665727
0.478204142481888 0.8083034794949264 0.34346491339536783
-0.8544903791130539 0.337861467652319 0.3945827250021346
43.51737833185065 16.854814585594944 -30.66474013744895
0.05381333761991965 -0.49347896359657 0.8680913385808808
0.49727956858016814 0.7671246258020695 0.40525626056314373
-0.8659199710377391 0.4098760459208675 0.2866783015381393
44.290134751334136 19.412900518646456 -35.571272354887306
-0.04645529707441553 -0.4865269551681031 0.8724302779824656
0.4584034236599722 0.7655993903090071 0.45135938497031836
-0.8875295511074636 0.42089226559399523 0.18745902795410121
44.22694582915459 22.019050829004385 -40.51826095309314
-0.16661041622805275 -0.4785838616975602 0.8620901132008401
0.4717437490220792 0.7290643307926263 0.4959063635262281
-0.8658519349182615 0.4893092713847769 0.10429913252899858
43.660731288842236 24.452449602718264 -45.37016442596294
-0.30690762942721067 -0.4631443817423721 0.8314476240147644
0.45992077179533036 0.6926609083916795 0.5556026258955884
-0.8332355659706805 0.5529186435187833 0.00042702181411337814
42.48419255179828 26.929187590846436 -50.06701550332385
-0.4275086204905825 -0.4478507707449764 0.7852810157873243
0.4529296831710123 0.6456592891075518 0.6147994384271904
-0.7823629983831253 0.6185095780580968 -0.07317994358365139
40.56457241410321 29.327679490621296 -54.53261152958379
-0.5286426947722207 -0.4153261153145051 0.7402986224736423
0.41569311691596456 0.6337219791330415 0.6523775976769779
-0.7400929865223397 0.6526109279857452 -0.16236469555947117
37.941550563981764 31.699640690871995 -58.726658274591635
-0.6212250833992569 -0.4114887121172035 0.6669020287812573
0.359995074336518 0.6060638133002246 0.7092895725647144
-0.6960483261373337 0.6807083658572074 -0.22836758714991426
34.616111246950744 33.90933051748067 -62.655692388102615
-0.7146899558422339 -0.36078096288623523 0.5992121525920396
0.3138676908322023 0.600174719355405 0.7357164284019944
-0.6250645749394519 0.7138822141468524 -0.3157017005042264
30.99913474649519 35.80693313833597 -66.37054730171202
-0.8062682696424743 -0.2835767032817686 0.5191493273022257
0.29529671572220173 0.5674980258390968 0.7685997640380128
-0.5125737746598398 0.7730009378682811 -0.3738168124829055
26.84358305427782 37.40759138570549 -69.64592597702647
-0.8778901242793189 -0.24216410032340266 0.41311904050223625
0.22568600041380832 0.5516519104220874 0.8029611047402221
-0.4223455967524123 0.7981456516880396 -0.42963691704462725
22.19999705245828 38.88721965574588 -72.25951606651411
-0.9341948775171842 -0.15668042302124868 0.32051619130859066
0.18956306505022444 0.5430933347889637 0.8179954439107227
-0.30223474737441836 0.8249246053100976 -0.4776548368595089
17.144361759580644 39.974418110672616 -74.21777493360432
-0.9672922700222008 -0.12453776055137271 0.2209912057061351
0.11971981785029255 0.5439252012215089 0.8305497988108821
-0.2236374376886302 0.8298408270317266 -0.5112243392394065
11.75882465859308 40.835644969785704 -75.89707986807382
-0.9912311778532319 -0.045854498679905285 0.1239338094828787
0.07835221519030497 0.551278490488619 0.8306339166047148
-0.1064104238498933 0.8330599874727741 -0.5428512523070914
6.455172147708487 41.25657162505661 -76.83630676043481
-0.9986404668718165 0.04514624527549912 0.026087238845068788
0.04646219845971609 0.5434162818264431 0.8381768853498913
0.023664259836837273 0.8382488684384928 -0.5447747352407027
0.8632450042299016 41.29715075738136 -77.19274118622873
-0.9933484434209803 0.06564206722834728 -0.09460782514749046
-0.04320763131974247 0.5490934999999231 0.8346435739185948
0.10673650511785122 0.8331792240171011 -0.5426048728507681
-4.683018810367034 41.224460746561896 -76.94433471301978
-0.9709329200303056 0.1342628445828755 -0.19814769972299998
-0.091266832576878 0.5576319293396511 0.8250558743199073
0.221267692721779 0.8191581069450073 -0.5291698292092276
-10.336135395461604 40.653307624980386 -76.19295218954784
-0.942662097447089 0.13931728818112135 -0.3032796433479829
-0.17513475862085603 0.567055901909914 0.8048456114051785
0.28410605851977666 0.8118121130091159 -0.5101428725831912
-15.681328921752522 39.96194165489626 -74.81452749174194
-0.8892994339140431 0.19199952682477897 -0.41506899979845463
-0.23907656407297803 0.5785251903376483 0.7798408207804862
0.3898571642768037 0.7927453884219792 -0.46857957195607075
-20.781113747076247 38.711952169743604 -72.94086839578367
-0.815629869411772 0.25884319190611177 -0.5174435377896817
-0.2820050518778746 0.6030586894221086 0.7461866973063277
0.5051941583114009 0.7545337645269286 -0.41887746056480807
-25.640808846657457 37.18757698526098 -70.40868820811863
-0.727424480305612 0.3019230150642229 -0.616194727842828
-0.32897071432039815 0.6346255408963674 0.6993063328374876
0.6021898768647649 0.7114022003690472 -0.3623189692523812
-30.119602941021842 35.32627150069588 -67.37500297137896
-0.6470988917053813 0.3258895292391647 -0.6892461525363276
-0.38011019754437436 0.6457651891572027 0.662196970108686
0.6608936081124144 0.6904957342862346 -0.2939997271741072
-33.930791033999625 33.31343206754121 -63.874900168965866
-0.5418543888356324 0.37674551334203543 -0.751303687573582
-0.39081141494332433 0.6784483934433084 0.6220731822136256
0.7440839850699532 0.6306908592703953 -0.22038395037400338
-37.244708992598305 31.067463869464124 -60.08586474598291
-0.44224747911170065 0.3651582954559951 -0.8191923879495349
-0.4611552795766832 0.6908057363862773 0.5568876974048461
0.7692554465483947 0.624056933538339 -0.13711298685944462
-40.094399759996016 28.656519034692497 -55.68414671168657
-0.3092085263695881 0.3990268315254639 -0.863231998151302
-0.4517382733335388 0.7371392403961972 0.5025528899383305
0.8368527183845333 0.5453481162379662 -0.04767389304970999
-42.227477503091684 26.049854962922876 -51.34825312285543
-0.1944448205423166 0.4195812484460159 -0.8866473507293178
-0.46739430438551655 0.755060304227042 0.45981244154040457
0.8624006872690807 0.5038217613156437 0.04929208702095979
-43.63868783503339 23.360271443292774 -46.681764356201775
-0.06716132777436262 0.42917336613380935 -0.9007224836984354
-0.46987006862708375 0.7827831026106343 0.4080133697773071
0.8801777813588831 0.4506245667503906 0.14908226664387117
-44.53614243351609 20.546099885539434 -41.858299220684295
0.07140423423266297 0.43852908284459596 -0.8958760792791077
-0.4722005890104862 0.8060079341846115 0.3569033115646671
0.8785950648888883 0.3975484590718352 0.2646254453879495
-44.505157033614246 17.81079236905077 -36.869366541104306
0.18390919958277613 0.4274830930014711 -0.8851196473701419
-0.4828089759923618 0.8236524262025459 0.2974791887876707
0.8561974634968442 0.37263432757219556 0.35786992281230945
-43.84078989338141 15.184249896582012 -32.01726302661062
0.3011698056360838 0.4223595413498883 -0.8549323462846937
-0.4506573282434731 0.8531596055113227 0.26272986262852166
0.8403605575540184 0.3061555816823826 0.4472848100481149
-42.56601007679693 12.432039439684962 -27.25673605760979
0.43645405251392333 0.4001918321168227 -0.8058257020085454
-0.43029081586467943 0.8794115666384743 0.20368024291009684
0.7901639723587582 0.25784282031551375 0.5560206504388223
-40.49507868664403 9.938202835293138 -22.72961346389866
0.5212685049384261 0.3878402276113856 -0.760170746983735
-0.42640945740601144 0.8899666745622308 0.16166246548390265
0.7392257419912601 0.23987408677117622 0.6292896691580979
-37.84816922680075 7.69179218777637 -18.44317162232066
0.6238159874763668 0.3711222897234986 -0.687838782914973
-0.4164315787608805 0.9025720573911737 0.10931101350380906
0.6613923355626797 0.21824843783134726 0.7175851878987065
-34.634993950028026 5.31709679520873 -14.405431876708734
0.7215360552730339 0.31268012857446914 -0.6177512178926847
-0.35571612828869426 0.932872664793017 0.05670345862998784
0.5940133280914659 0.1788307401130081 0.7843264480606414
-30.691060794503453 3.0859109290902453 -10.789031728509169
0.8086898901338426 0.23526823424279628 -0.5391387804430263
-0.26341377666502025 0.9643412673962123 0.02570440080947157
0.5259607463034051 0.12122949992806206 0.8418253332957273
-26.471534427814074 1.1965754753221725 -7.666436989831103
0.870079781848736 0.22704465058671322 -0.4375064490130817
-0.2566958579830609 0.9664515105325607 -0.008956821510426904
0.4207944614605253 0.12009901670568676 0.8991704075139731
-21.852546362647466 -0.09993845819755853 -4.952977969874146
0.9307770476440473 0.14219289912918787 -0.33680234965539313
-0.1592049448840059 0.9869715520063368 -0.02329085476844427
0.3291024015661764 0.07529922480330051 0.9412870631034331
-16.776279857434375 -1.4315688606272663 -2.870694474919634
0.9699787502717812 0.103653096949374 -0.2199943522506026
-0.11574219110897226 0.9923589876006215 -0.042757568661654144
0.21388219024755312 0.06693657704548552 0.9745633785667562
-11.27887529825911 -2.2267958466093996 -1.4854266963969824
0.9915586167439143 0.05790540185683238 -0.11601461693164584
-0.0644525710765221 0.9964857556716006 -0.053498144093511266
0.11250907553841376 0.06052402198476515 0.9918061151772997
-5.758875729358826 -2.7857390148300176 -0.42173876161395984
0.9998988940381437 0.010123056247429648 0.01003688468604524
-0.009517825657792264 0.998235358694338 -0.05861512074993152
-0.010612465310083098 0.05851353496345062 0.99823052598261
-0.004702407277126307 -2.999511374223304 -0.07904975307717559
0.9923425025715805 -0.057316844543341794 0.10941619952370808
0.06431745126896929 0.9960294591713783 -0.06156008200555247
-0.10545368232726218 0.06812600836558053 0.992088190680262
5.726815829876437 -2.8778533710849037 -0.20375570596985695
0.9719300867688273 -0.09390645629237013 0.2157162083107862
0.10775947948814156 0.9927443504410928 -0.05335614060462158
-0.20914013112038077 0.07510375172638713 0.9749975042618025
11.226250195095627 -2.489471415626758 -1.205119128739984
0.9337392781459872 -0.13996894399704243 0.32945499926568156
0.1578786811947802 0.9870587715649961 -0.02810804423348066
-0.321257400615205 0.07825961552119752 0.9437533337235081
16.664190199704546 -1.6411883544892216 -2.653367315718629
0.8815446731319654 -0.20510161975955407 0.4252211402937609
0.2243241537463637 0.9745022776661418 0.004985521887045021
-0.4154010456275305 0.09099299627162873 0.9050763198433653
21.838271819571947 -0.5671307691504999 -4.809021385309698
0.8142124991718923 -0.25608404641375415 0.5210370808669027
0.2782441025825289 0.9598004248180405 0.03692709090196523
-0.5095479357905703 0.11490833508390778 0.8527349850059771
26.625382651957157 0.807377573903589 -7.362137574758293
0.7294388264974445 -0.3239628162956322 0.6024677011170609
0.3608492450043605 0.9304645030081505 0.06343611797544597
-0.5811258633403176 0.17112675015688658 0.7956183467962069
30.844173094312684 2.418783665027922 -10.557818858625412
0.642550143899227 -0.35792535115314733 0.6775097714415468
0.4067667800622141 0.9086560521303646 0.09426078602021919
-0.6493611864061986 0.21502150255216534 0.7294492244578954
34.71930360234623 4.481969168387056 -14.154441159660077
0.5489518585581048 -0.38699746596836293 0.7408685387124394
0.43773756590252055 0.888197606461901 0.1396109622411217
-0.7120659489084621 0.2476657249769908 0.6569807410498176
38.24879401905497 6.732133694215895 -18.220150694442946
0.4279673876586574 -0.41169226424779787 0.8045835788081818
0.4675762362337375 0.8626903002826306 0.19271497802996973
-0.773444590775389 0.29372879905111643 0.5617002505889815
41.14040491255459 9.17969613913221 -22.47622024796144
0.3372237237345037 -0.4053033065318946 0.8497114559508017
0.43467245890934375 0.8676466751218382 0.2413502095114798
-0.8350694054206496 0.287956615991516 0.46876458863789383
43.25462105166239 11.74519488701313 -27.01423736459696
0.20025061107618716 -0.42191445566290725 0.8842444953699145
0.47665575344781225 0.8304690608154388 0.2883092506446127
-0.8559782469882985 0.36374626190410103 0.36740968919510264
44.78971345675041 14.313291541748143 -31.81135514884842
0.061353227111986305 -0.43528349878462336 0.8982007876403482
0.4959650709359572 0.7942312433478365 0.35102012573025043
-0.8661722680906715 0.42393964517870175 0.26461363676826083
45.69922256162316 17.0146697184654 -36.7796008758637
-0.05592349013280389 -0.43486910932454786 0.8987563690181941
0.48630937662729895 0.7743060879480901 0.4049121557709905
-0.8719951414396018 0.45971692583009044 0.16817850086838562
45.64890387286737 19.725363998105692 -41.71262180183385
-0.17201341329121272 -0.4296029828153726 0.8864840914661649
0.4625015279598886 0.7593291004941047 0.45772609926774693
-0.8697724625611339 0.4887346687396365 0.06807658672565133
45.11598244000808 22.26263708159121 -46.76215970848224
-0.30666366002763024 -0.4067965154351067 0.8605080904466099
0.456565608792891 0.730401168670467 0.5079991070386636
-0.8351687595852295 0.54866292420828 -0.038258304641115334
43.90868766004587 24.854156319651505 -51.79176703295707
-0.4408127425008925 -0.3872915858870923 0.8097465608867328
0.45693636134645205 0.6796601705607092 0.5738218903596647
-0.7725889699473089 0.6229500860031963 -0.1226345640557589
41.896941389502516 27.337154791352678 -56.383792185055306
-0.5412677229389241 -0.34993613485338537 0.7645751082477152
0.4230859634350989 0.6724561809006101 0.6072911850904095
-0.7266546273964802 0.6521877352356766 -0.215925885716712
39.1656924248443 29.8035471395699 -60.72856562114111
-0.6270159172543419 -0.3479039678782428 0.6970040282928021
0.3651312980831877 0.6591116797462251 0.6574579350482517
-0.6881358666035285 0.6667341836906765 -0.28624215555416105
35.75417048342078 32.09728078815795 -64.83503476851158
-0.71795343373486 -0.3114050916875717 0.6225513915466886
0.32745935717925373 0.6381187957686083 0.6968321311999114
-0.6142589019406604 0.7041531778069225 -0.3561663232897798
31.944939103244607 34.005538575586094 -68.56168683874462
-0.8059348954549214 -0.25592349037814716 0.5338281997816104
0.2912754550324687 0.6136137059215125 0.733919746500175
-0.5153911120882616 0.7469823412776336 -0.41998806457876
27.581967565741035 35.612921205328156 -71.796049569228
-0.8786437707882175 -0.19811642816782504 0.43443762852227336
0.2479550315600984 0.5882368432473069 0.769738219095268
-0.4080487265290872 0.7840456680877025 -0.4677261366380025
22.78903794794548 37.13847104035461 -74.59462415740423
-0.9318572010258332 -0.1486489298056872 0.3309772972291926
0.18526034596901672 0.5894031314175903 0.7863095025885692
-0.3119630497911942 0.7940452088019707 -0.5217014621696229
17.60723747647216 38.3524869451287 -76.66271258999068
-0.968777537285356 -0.1049839942757545 0.22460810734582434
0.11853836978596172 0.5995484170030129 0.7915120589462673
-0.21775932879708304 0.7934234734649896 -0.5683845170643683
12.211574718575607 39.09356879229199 -78.31142943782649
-0.9894543240112413 -0.07001499463107462 0.12680236136270764
0.058380725321708155 0.6083973388870982 0.79148289760085
-0.13256237168212798 0.7905381345429585 -0.5978937990753774
6.596998129501625 39.43049476544103 -79.32909751534521
-0.9998852527582526 -0.00544412090940447 0.014135264399376323
0.008163595134210411 0.5923813625445025 0.8056171284139141
-0.012759400533782944 0.8056401662238919 -0.5922679364652523
0.811602779328553 39.612729866516325 -79.71814111309932
-0.9937299143387993 0.0420541563476503 -0.10360253891126293
-0.057524808075042864 0.6022516778567546 0.7962314047401383
0.09587930737541019 0.7971982216862119 -0.5960554160920948
-5.025259542245843 39.392505624273774 -79.54842364116416
-0.968744765890661 0.1269300013612674 -0.21312765075296616
-0.09252600410077985 0.6122757928285605 0.7852121049989449
0.23015978702608197 0.7803893087464449 -0.5813939563763422
-10.689714595608422 38.760130325419524 -78.76793231501458
-0.9371202562377251 0.12635628349526812 -0.3253298672207293
-0.18547839338959884 0.6093167686437063 0.7709286675802087
0.2956408312447665 0.7827945292950477 -0.5475672350304241
-16.183435595704474 37.98587260589993 -77.14892656631467
-0.8829927870340853 0.1890404592523515 -0.4296371597568999
-0.22643358769497363 0.6302218612462502 0.742663898710108
0.4111605131242018 0.7530501827693873 -0.5136757368736459
-21.497387268259924 36.746590683795915 -75.19080416864915
-0.8188565205948364 0.20293066001668697 -0.5369302157120673
-0.2970117019601911 0.6506576859249247 0.698877405664363
0.49118142920109636 0.7317543992061322 -0.47252173863934477
-26.38399206716186 35.253368727008976 -72.55514466560061
-0.7308323386797119 0.24594851448585764 -0.6367063095389764
-0.3427532184098289 0.6744421485325008 0.6539487243992501
0.5902588562250112 0.696159713134063 -0.40860461631310224
-30.835065145617854 33.341209635043384 -69.58336257642073
-0.6597040973813239 0.26502557694689566 -0.70324399036653
-0.38746326561759414 0.6818559138213871 0.6204392954403657
0.6439436249882787 0.6817873708049564 -0.34713526924875243
-34.83588909499208 31.279347648222547 -65.97611922264636
-0.5462045422384683 0.3049384119155665 -0.7801754627190923
-0.42553729435125043 0.7012349305391273 0.5720041633558772
0.7215119623182528 0.6444250578509312 -0.25325427661870387
-38.26686753475794 28.94286213878503 -62.025004859907604
-0.4523258814941593 0.3120756601009878 -0.8354701513573771
-0.4733895645619633 0.7099108841459897 0.5214687836615538
0.7558466119106578 0.6313766618382867 -0.1733769491537253
-41.18961265853272 26.490361846447822 -57.54563432243426
-0.30827150696535227 0.3622363821779795 -0.8796327368068058
-0.44400092896177906 0.7629869338062854 0.46980324077905933
0.8413274096919093 0.535384779410575 -0.0743737754142396
-43.37690240184185 23.720778388333958 -52.94457450182441
-0.20002886800700712 0.362962116778051 -0.910080649346748
-0.47420383081841255 0.7769538166913934 0.4140938844133851
0.8573906108140286 0.5143952007461433 0.016704593710453748
-44.76315285054821 21.116311050371 -48.142742790882714
-0.08333584580927172 0.3712105496059645 -0.9248020527847106
-0.48752972787446336 0.7941985560494108 0.36271966314148396
0.8691202349043007 0.48109525533859426 0.11479081550512933
-45.59469891375995 18.24841560072946 -43.269192276065894
0.043508523463874786 0.3830049000191529 -0.9227218134315726
-0.49495123992412726 0.8105489272791078 0.31310613471415705
0.8678306720366444 0.443079036219741 0.22483408935082938
-45.778783173956185 15.376323117233548 -38.19331058065541
0.17636268361172822 0.37921588581563526 -0.9083457456273337
-0.47903539091309766 0.8392237072271668 0.2573510170453203
0.8598967251997182 0.3897427949391923 0.32966527238566284
-45.141907226387836 12.507489926801345 -33.148295299228366
0.3060795650081666 0.3741487557390881 -0.875401868668534
-0.44747796885142466 0.8681663864675554 0.21459804332600427
0.840285215636056 0.32603785221730913 0.4331506001083022
-43.797881339914184 9.71117075927794 -28.268336885254882
0.4165628819560329 0.346292216732109 -0.8405700447815364
-0.44174328825742915 0.8852195591886255 0.145771194974371
0.7945687986226432 0.3105933295428772 0.5217215651501137
-41.67960700335098 7.260833881874634 -23.666480868868955
0.5285150482353359 0.319260363415018 -0.7866037504932212
-0.40330525538369266 0.9097736277394178 0.09827301362179229
0.7470058167990646 0.26530221725504194 0.6095878584388138
-38.98717874245148 4.737369208464806 -19.31800895771201
0.6303457823182244 0.304036618920379 -0.7143012708614898
-0.3890195160477599 0.9199642843575653 0.04827924810679701
0.6718097205695107 0.2474440346663449 0.6981715840803678
-35.675333711266916 2.472872612372395 -15.101829479225707
0.7264067408272843 0.2505624660858627 -0.6399629680983145
-0.3258975550083505 0.9454053322297802 0.00023250096958904272
0.6050816074359487 0.2083936054717505 0.7684066617348767
-31.587446371758467 0.17527588497774726 -11.403791927375293
0.8093261155317709 0.21334907560610472 -0.5472421223777915
-0.2770012058601637 0.9602212513486309 -0.0353092599606498
0.5179394794053331 0.18016345200171216 0.8362300135508057
-27.12417486342763 -1.581067501264258 -8.100858149637462
0.8725793166786397 0.1926027927315936 -0.4488983129649703
-0.2471450273753193 0.9667548014851877 -0.0656124515331008
0.421337594924429 0.16819496977459253 0.8911704173171261
-22.346754366246593 -3.0933348200332373 -5.399980664888399
0.9326939140377238 0.10252926856121733 -0.34578890531622597
-0.1443749152819368 0.9847135686026914 -0.097445770477693
0.3305121483796847 0.14081041364530825 0.9332389896385888
-17.129754291707766 -4.455272495839453 -3.269375006290968
0.9682842194257706 0.0976682780142101 -0.2299708783451188
-0.12293064517402953 0.9875467745461066 -0.09818342080718749
0.21751775586385186 0.12334027769335038 0.968232153689632
-11.509978500187996 -5.295803605943945 -1.6106543535144837
0.9907056093446862 0.058697888367034545 -0.12270935505923745
-0.07334660193657673 0.9902433571300131 -0.11848844058882814
0.11455718633279158 0.1263882096446502 0.9853439664219495
-5.831240447499893 -5.894749377312506 -0.7518588731289143
0.9999745106349458 0.0060023420458309145 -0.004034746588052688
-0.006416535935979378 0.993690778990597 -0.1119751786966705
0.003337266738429725 0.11199826506931011 0.9937028304396895
-0.015130159617447472 -6.049514791410151 -0.2604113967008687
0.9938969470465057 -0.013017249672922093 0.1095417241741071
0.025252170479916833 0.9934939723870999 -0.11105855842234494
-0.10738333602480976 0.11314669954373138 0.9877589477196214
5.875130625787137 -5.964627525856372 -0.5325478434267334
0.969659993872331 -0.06497681504848415 0.23566514706081385
0.09509434455830248 0.9883590408440572 -0.11876356285654385
-0.22520476176929805 0.137569860822691 0.9645504186521051
11.6209910718753 -5.545640184379223 -1.4306460560080576
0.9349526349768427 -0.12366237796074209 0.33252410685258227
0.16096998222808828 0.9831189502459633 -0.08698298619785805
-0.3161541837799556 0.13485100143294582 0.9390751436067044
17.04500544305509 -4.613015034246632 -3.009948002604286
0.8751466788524861 -0.1782719531723075 0.4498191243133928
0.23022697439863254 0.9710921525681875 -0.06305586164724228
-0.42557437524988484 0.158743307953583 0.8908916995511912
22.392251775753284 -3.5437557196382214 -5.129748630008477
0.8158722389452612 -0.2382275145134615 0.5268775017272006
0.29674820143076436 0.9545484956769967 -0.027917782574682238
-0.4962791557554834 0.17912724083734272 0.8494825225249026
27.230586687901845 -2.030231782345142 -7.863673802127957
0.7317357481985796 -0.2690498410165991 0.6262389745389831
0.35036049171015604 0.9365893519318041 -0.0069972411858783
-0.5846457931387485 0.22452930543792082 0.7795995633490306
31.888933862646383 -0.35220655781472837 -11.10548466552662
0.6500903682182722 -0.29276353754105733 0.7011939611263355
0.37853762100735205 0.9249159760954786 0.03522189587019642
-0.6588567783303915 0.24253116571844294 0.7120999372697183
35.77844143717438 1.702503809553575 -14.78858053228457
0.559311923598264 -0.3237322307129832 0.7631301285011055
0.4147848923559359 0.9063536532573202 0.08048605891659788
-0.7177213662446857 0.27151801823460736 0.6412135439899485
39.414582557679985 4.016413844675824 -19.06620595253301
0.4405701388166531 -0.33656086215429515 0.8322411109570313
0.4258745495988939 0.8944615251570813 0.13627398172012237
-0.7902710878833612 0.29439151956937754 0.5374062359957315
42.37526375974772 6.585029649378587 -23.389215194234808
0.3032859191296532 -0.37374057210070055 0.8765481586756334
0.4809835906064129 0.854133926917233 0.19776250330819425
-0.8226006142125916 0.3616260893215434 0.43881028386493287
44.485784234171525 8.925739901730859 -28.072228887147393
0.20633376442887516 -0.36941107289367164 0.9060693883577853
0.4558309169212805 0.8556668800248296 0.2450582454021674
-0.865820225801295 0.36245062320167454 0.34494137203907843
45.98402858039301 11.755366335012015 -33.044058926209175
0.07133334659558122 -0.3817210275462403 0.9215215395153099
0.4931945616196063 0.8165337645065807 0.30005432139927724
-0.8669898571138341 0.4330849728227208 0.24650821865824618
46.820632860633616 14.480186529704927 -38.18314116243203
-0.04553847662615945 -0.3798185894660258 0.9239399704813674
0.4666425873340537 0.8096992740061486 0.3558553136301001
-0.8832727034456292 0.4473543684372074 0.14036696840815735
46.87384221461343 17.304877811570723 -43.302270969886386
-0.1730848167716163 -0.3753511012607506 0.9105790992145921
0.4585475576176855 0.7875095849104777 0.41178133135848644
-0.8716515323832043 0.48881662255533553 0.035810415874862264
46.216395847338084 19.82472041510588 -48.37983547007738
-0.28886702337832004 -0.370828643172773 0.8826344134560187
0.440374933115628 0.7671453088252099 0.46643191785179533
-0.8500741736363812 0.5234257704743078 -0.058299833411027624
44.89508016172476 22.535796356789714 -53.46446743910596
-0.41403022858099436 -0.3542699146108398 0.838493800942713
0.43849790724092425 0.7296037391882355 0.5247843768459148
-0.7976830777839289 0.5849537314455443 -0.14673101140765415
42.85114157105159 25.164132660306517 -58.21242750856219
-0.5355902252369619 -0.3168804997967422 0.7827707356928024
0.41771391843065 0.7061804921538107 0.5716853295126819
-0.7339337722925601 0.633163010740454 -0.2458579167566467
40.19949001103388 27.68754952633722 -62.7625731092809
-0.6372591213354578 -0.29932394898414005 0.7101460786264467
0.3665137318527408 0.6928888693527538 0.6209457303520505
-0.6779156671552106 0.6559815320744031 -0.33184291966403123
36.72987672051262 29.933020471810945 -66.98279934654512
-0.7282947915573382 -0.2650094468472501 0.6319474561081423
0.3245891488062331 0.6787711703493092 0.6587211698616613
-0.6035144176017887 0.6848662264791391 -0.40832544076356286
32.70374228249643 32.00452799540773 -70.75702688348893
-0.8112532261445825 -0.2200911742678946 0.5416909440435317
0.29125473822529385 0.6512117536814489 0.7007820951077474
-0.5069913548848652 0.7262809501176694 -0.46419469569519023
28.33363474140895 33.82433752263687 -74.04545507526876
-0.8819919058949786 -0.17460120857438208 0.43772824542072647
0.23449288463878498 0.643092261701163 0.7290033889983318
-0.4087844526243398 0.7456188245805906 -0.5262591102598668
23.368254193148765 35.36991370478927 -76.80241066255714
-0.9220705348253275 -0.16646957196095863 0.34939139603887787
0.16534277761894986 0.6467984606606099 0.7445231835888878
-0.3499260250999816 0.7442723304053124 -0.5688690459624237
17.911523901224946 36.46728965625253 -78.9967391220602
-0.9628188833792215 -0.1284255866824592 0.23767234998121986
0.09800275931126089 0.6538024348672764 0.7502924352238439
-0.2517473418601568 0.7456871948026553 -0.6169065548447082
12.440929130471861 37.254985308100586 -80.67889431696197
-0.9918040847892693 -0.04411923600234191 0.11991292860960917
0.06283756000101835 0.6487330018757065 0.758417819172054
-0.11125232821834498 0.7597360913725844 -0.6406433165281935
6.668451705348557 37.59086103406898 -81.76455683025362
-0.9999595817718312 0.0036745841626941887 0.008258616009422385
0.008678219959499005 0.6458799818859201 0.7633905261651875
-0.0025289803748460593 0.7634305481587145 -0.6458851717782313
0.6965409094639214 37.69246993766737 -82.13662116841198
-0.9920521506240276 0.05554990780553001 -0.1129063871615092
-0.04907965315994446 0.655394481165546 0.7536910226896164
0.11586542710627742 0.7532416888977324 -0.6474584101214929
-5.095369640156212 37.524302103802334 -81.91482470894016
-0.9717653826510094 0.09042617572171277 -0.2179360111500378
-0.10455200614977746 0.6629993706132472 0.7412836862927575
0.21152303679211767 0.7431392793840733 -0.634824684164684
-10.892516333638744 37.018385756295324 -81.01231496871661
-0.9330254787080619 0.13096733449358566 -0.3351291193005818
-0.16698666046110017 0.6674119967476754 0.7257260965153133
0.3187148977811452 0.7330820346889131 -0.6008414784922473
-16.550996765280086 36.033864809163966 -79.58024713982563
-0.8787732439120026 0.13454816421759466 -0.4578807077518718
-0.25571760466902677 0.6773261223072948 0.689811372202685
0.4029462549914653 0.7232749895218331 -0.560808998169442
-21.963852876404076 34.80343377743313 -77.47533102633268
-0.8191003223234172 0.1690610476562618 -0.548173414936588
-0.299482446733984 0.6890020630638924 0.6599903244536129
0.4892698367498502 0.704766336446196 -0.5137304213155959
-26.917353606152894 33.26553830523353 -74.84109495448051
-0.7357480292014343 0.201120955943429 -0.64670360077708
-0.3492901613196877 0.7054084402077698 0.6167631510592898
0.5802331511006968 0.6796690253318425 -0.4487535257346776
-31.579278028162527 31.227875106984673 -71.62590578593483
-0.6478534600624866 0.2208111763897759 -0.7290606241966532
-0.39980910645855305 0.7160913390931334 0.5721595937940412
0.6484132567661519 0.6621599558655598 -0.37563952030961434
-35.711285474936716 29.082394782985016 -68.03904407804414
-0.5405721974659284 0.2643066640445883 -0.7987017585289519
-0.41653057879651595 0.7407607406175702 0.5270458032769918
0.7309484927173652 0.6175897573274005 -0.29034245819331794
-39.308980028011675 26.594516410229048 -64.00279882594866
-0.4427377090482298 0.2818095371440766 -0.8512147227294169
-0.4506701986721634 0.7507646960726008 0.48295853236088576
0.7751646150847679 0.5974409366140769 -0.2053884053917445
-42.18900120746979 24.10294574083184 -59.451107579715575
-0.3129250198294841 0.30388594346076564 -0.8998509327589161
-0.4613692232737644 0.7795054619641201 0.4236869791725354
0.8301902973883917 0.5477454164348398 -0.10372313923838115
-44.43582779724408 21.405318257528943 -54.67251374337257
-0.20297419763470043 0.31639683619391884 -0.9266581949839939
-0.4961612142066505 0.7826380515508671 0.3759022035607565
0.8441712140279927 0.5360699785573255 -0.001871817115344949
-45.94053191310396 18.59881742408209 -49.7893070143823
-0.06670730845793804 0.3266588227656922 -0.9427854495004181
-0.4786337602926547 0.8186005409350045 0.3174968728128622
0.8754771066654617 0.4724273641798184 0.10174319697840044
-46.730685469040566 15.678297028140808 -44.76196528593272
0.04667449087587835 0.3329106560519045 -0.94180296423545
-0.49727184178837985 0.8254458197210307 0.2671356303926177
0.8663392343128564 0.45586324367755343 0.20407439366664856
-46.755760486126874 12.79753056509895 -39.65785435314807
0.17923711061731765 0.32660379223242547 -0.9280106056558338
-0.47418910603404596 0.8551639275577505 0.20938128558014793
0.8619859563752444 0.40252321178368616 0.30814857969708703
-46.1659178796252 9.96309039348843 -34.52843613249574
0.3048034017580063 0.30736521393782795 -0.9014552721060303
-0.4535015540707526 0.8791469419771925 0.1464194790122397
0.8375152496896828 0.3641819567224307 0.40735638861239337
-44.8063225676241 7.111725002747936 -29.460772002781074
0.4246188599365813 0.2958493336322574 -0.8556706819229026
-0.4352957477513802 0.8954115931032878 0.09357821754139277
0.7938618874031818 0.3327344592362661 0.5089911481309773
-42.546400906803534 4.5410918915025436 -24.67389977943033
0.5202246455535917 0.2665366776031378 -0.8113722168833353
-0.40428319164773163 0.9137170766151875 0.040944593554337695
0.7522784140331338 0.3067235876027459 0.583093824830658
-39.72471815738631 2.0039237907155547 -20.1506905532241
0.6185829315478812 0.25990685075573433 -0.7414877810861837
-0.4031311597100361 0.9150099013620164 -0.015579069629067166
0.6744198991890462 0.3085534533507061 0.6707857636377688
-36.298845988728424 -0.32595388475566545 -15.898588382458446
0.7242377551454487 0.21714499917235242 -0.6544674191865999
-0.3325240718273388 0.9414543463227563 -0.055609808670229466
0.6040751304293651 0.2579014930995739 0.7540426902234247
-32.2879162416228 -2.6294531252338924 -12.139825400047624
0.8033838893096332 0.1776657316539783 -0.568338329855948
-0.2718535790536804 0.9586117056751998 -0.08461496319618626
0.5297831627954354 0.22248339863305472 0.8184328352580873
-27.764848632573234 -4.525873596020676 -8.764219299296608
0.8717221951244886 0.1478286719542652 -0.46717020643922225
-0.22541206308847628 0.9675181276956472 -0.114454317791913
0.43507554958816747 0.2050778696026342 0.8767283778759037
-22.85865347454645 -6.1814675053024555 -5.991885089097205
0.9266693620435479 0.11886765472203527 -0.3565867072471036
-0.18296495471805466 0.9713487962538921 -0.15167987543731049
0.3283398528997065 0.20580006516730195 0.921866826265073
-17.4615989400882 -7.476901236805681 -3.702874639692415
0.9691553867499054 0.062098503533126834 -0.23849970546266874
-0.10226587484757019 0.9818179322532485 -0.159924843186441
0.22423232290061776 0.1793821455885751 0.9578841853193962
-11.91301339121783 -8.232100339776652 -2.195295311519523
0.9894845516083152 0.05739281800762001 -0.13276375183241546
-0.08100681974737903 0.9803353213592185 -0.17995085947145567
0.11982456060344002 0.18881402113987097 0.9746752801919502
-6.050767439134923 -8.864322463212863 -1.1838172035251977
0.9996616524818824 -0.017869152664925024 -0.018938532062620028
0.013865560862249375 0.9809653616811491 -0.19369002378677905
0.02203917183848226 0.19336189915828494 0.9808799267738065
-0.07421271860652884 -9.166211458400241 -0.734353718896195
0.9946501204377018 -0.025069502418561228 0.10021784654415374
0.04324040011401197 0.9820699471723247 -0.18349076594502584
-0.09382073468653017 0.18684300030417336 0.97789974779858
5.825319350968785 -8.857133084397843 -1.0562757901558213
0.9694339125854748 -0.08807841802355516 0.22900057798893114
0.13008237901319986 0.9758765981598532 -0.17533990162584023
-0.20803244690704759 0.19976883063975062 0.9575042494312012
11.802578311766244 -8.48778406027908 -1.8977850602958175
0.9371455129382101 -0.1214852715603841 0.32710946154656545
0.18093742290423745 0.9707459682332752 -0.1578458496292937
-0.29836351322695687 0.20711089659194848 0.9317104709607887
17.36744852418274 -7.6059770155709705 -3.610668269634952
0.8845652130677566 -0.14787083092765357 0.44235565541141825
0.22509864311361238 0.9659964834995053 -0.1272103858488391
-0.4085039139056945 0.2120998475583346 0.8877718884487461
22.86174610001315 -6.404929680268184 -5.727791042804042
0.815096312653155 -0.17021167338910623 0.5537566524363552
0.2641089447825134 0.959931980836715 -0.09369200617901195
-0.5156206560255242 0.22262036923595496 0.8273914357568944
27.85473948184027 -4.947173377032616 -8.469229559986672
0.7364455311442478 -0.21936582898550236 0.6399430381763007
0.33672275463526213 0.9393230898265399 -0.06551043326667468
-0.5867422219498271 0.2637285755232213 0.7656243400462256
32.56968849705225 -3.2540550076276684 -11.769768106527273
0.6488371237295449 -0.24141351765151295 0.7216171614187189
0.3794524150999404 0.9246640213867053 -0.03184065368995391
-0.6595652986982729 0.29447803665350325 0.6915607615419652
36.76341089406222 -1.0941544806441943 -15.554745244694862
0.5450145654878752 -0.27243132239416246 0.7929313355997069
0.42256846370982526 0.9060916203288891 0.020861417271319852
-0.7241518358465434 0.3236982633331796 0.6089540093487688
40.25949133266933 1.2617958360158619 -19.876922100617595
0.44208976015928997 -0.279657999159145 0.8522608946600684
0.4237363285514722 0.9025613635889435 0.07636027726984533
-0.7905726529275463 0.3273758609949532 0.5175144848345482
43.20378980012092 3.7305796309806403 -24.345446075679327
0.303167318441557 -0.3239627970953595 0.8961795705827246
0.4829948165616819 0.8629302248506973 0.14855116993176157
-0.8214652230417324 0.38781396485623376 0.4180851049976805
45.46233514618087 6.367844635673755 -29.19158459486676
0.19690853669751943 -0.3154609748255755 0.9282843093112686
0.459148512418057 0.8662459155245615 0.196983377562451
-0.8662628463026948 0.3874327910594931 0.3154140622939159
47.04123339548098 9.112061182245297 -34.255809979164525
0.0713922052738078 -0.31724942289841723 0.9456514192642593
0.47790917864582266 0.8430429015579607 0.24674613809704704
-0.8755038402461597 0.43431854241188467 0.2118026442234838
47.88897991745276 11.902531116345385 -39.462069575415846
-0.040613207788530004 -0.31273477079959855 0.9489716525891689
0.47725302353346105 0.8283378006556633 0.29340509150104066
-0.8778273142698969 0.46481576424162496 0.115612140919815
48.03273589502051 14.65475578098438 -44.74131376186117
-0.17858801941732735 -0.31608429099434576 0.9317714374287186
0.48994789188293036 0.7926694883844886 0.36280304366151966
-0.8532623995540218 0.521311551691616 0.013303650995786263
47.337668993072164 17.417614185095893 -49.987563391946225
-0.29918298950733174 -0.30557737603403984 0.9039425427081097
0.46021700539139265 0.783655806420448 0.41723587555420577
-0.8358770992345681 0.5408394738913435 -0.09382419942248518
45.952950101912414 20.25914520404081 -54.910281831614085
-0.4092598436822806 -0.2925084377246481 0.8642604368366273
0.44298261941248657 0.7643925875724575 0.4684772615750567
-0.7976665041100244 0.5745816044072757 -0.18325947119833794
43.910960821713616 22.91691975120861 -59.979459137136296
-0.5387133542549827 -0.26302190997976477 0.8003791938968389
0.411154636974349 0.7471262892830898 0.5222596248039941
-0.7353498742376753 0.6104280888459901 -0.2943446082616359
40.97225920620533 25.473147987059388 -64.64286621316396
-0.642669176515944 -0.24864199807377985 0.7246752226004434
0.3585357753710868 0.7383025804210741 0.5712815911450503
-0.6770735587123804 0.6269665167821078 -0.38533720165641366
37.57661103333005 27.843729198936046 -68.9607107021178
-0.7339368783513485 -0.2155238960001489 0.6441170870139907
0.3221002569889409 0.7244664231584558 0.6094260716399849
-0.5979868084131785 0.6547506964542478 -0.46229232910941626
33.4431406457945 29.94351671643956 -72.88679838281901
-0.8112541410873366 -0.16608194003052323 0.5606106056169015
0.3024910849990115 0.7013088010553163 0.6454965912748337
-0.5003666723489503 0.693241369374984 -0.5187006801052613
28.967208166040855 31.70215081966953 -76.18357825409076
-0.8780440292336085 -0.12892293761571494 0.4608882555592572
0.2540797731210779 0.6905288059196709 0.6772102945645828
