1.0 2.877463733490268e-18 -2.5838596845776695e-18
2.1999318859568645e-18 1.0000000000000002 -2.0662075726496898e-18
7.57425320792398e-19 2.048843777370077e-19 1.0
0.0 0.0 0.0
-0.7331128191878177 -0.167041968519618 -0.6592747078156496
0.664913142491671 -0.3797972678675383 -0.6431520348377963
-0.1429569805873504 -0.9098623859731966 0.38950311295283707
0.07984708329097577 -0.11393070068196404 0.03914851217675338
0.3393302945755352 0.9338558696541955 -0.11300072715805856
-0.6740362152167759 0.32518023641866045 0.6632745566564703
0.6561481833707551 -0.14890221815765722 0.7397956353523162
0.03238894149545173 -0.016381497183615014 0.1880774790988536
-0.4948795397084507 0.6438388828530458 -0.583580969819889
-0.45762519920948086 -0.7640089437263897 -0.45482852996400813
-0.7386970224114304 0.04197662944398309 0.6727294695056254
0.037087238938437975 0.04933263358494694 0.3335300995740763
0.5061405060459041 0.3689731730951217 -0.7795388641248314
-0.8442595362533853 0.027305357118624914 -0.5352379321126913
-0.17620298625397354 0.9290386927250569 0.32532968204049423
0.08069207597094198 0.032849640865656914 0.3443469169095682
0.4704703713992756 0.8600402919482246 -0.19745670515328517
-0.48977509587867973 0.44064423185408935 0.7522991531082868
0.7340149263658264 -0.25722393795639564 0.6285353909161718
-0.093392566452896 0.030811315343393323 0.32508387666642347
0.8651552829432657 -0.39581487519969727 0.3079583718330049
0.4511364581961997 0.8824641445525764 -0.1331693932227531
-0.21905133686783004 0.2541435376544746 0.9420333067483648
-0.18327818654426326 0.011992065827736247 0.4880300047110051
-0.4045265547799231 0.17122727819209577 -0.8983540118479392
-0.43536905725843283 -0.8999180928364463 0.024520140622394195
-0.8042460417285666 0.4010339822580135 0.4385879352755063
-0.18091554297762813 0.02177945033014346 0.6773909118366048
0.28729705759463364 -0.8949791081833683 -0.34128072973266976
0.7909380323122408 0.422633128795384 -0.44249181309001695
0.5402572071040165 -0.1428060469089774 0.829294296103373
-0.37999350437438795 -0.05842676832577004 0.6954031709886452
0.3108911808085172 -0.3382896394117792 0.8882047264699067
0.31223886859718214 0.9189976874609845 0.24072726102139336
-0.8976936885982041 0.20249156216314787 0.3913350995229074
-0.19608919500011057 -0.04382188033796496 0.641557897084917
0.1354319078034743 0.9724338615832755 0.18981861832495106
-0.8152385060581321 0.21824855174859234 -0.5364272279630994
-0.5630670099133317 -0.08209817197505094 0.8223232076251858
-0.12096944960688048 0.014957665567834245 0.777894990354474
0.9445497558694398 -0.011805106624649205 0.3281559050943058
0.10875101072368061 0.9542026416162837 -0.2786967892325475
-0.30983737621960916 0.29893015881428703 0.9025751402011577
-0.14678950951551664 -0.06559699844825535 0.9031479677040837
-0.07157685054832787 0.10666312771683999 -0.9917160563385122
-0.8291624263059157 -0.5590080531058159 -0.0002790239651298363
-0.5544066214771726 0.8222730763640573 0.12845302411815915
-0.2701082437982926 -0.1627883622173811 1.0772900857017782
0.19448198883027015 -0.8310727466467984 0.5210518725910598
0.675309757578237 -0.2718235065964923 -0.6856154326430546
0.7114302241692854 0.4852116672563236 0.5083667546889233
-0.11514693058886122 -0.1462183837015537 0.9046233489763039
0.6080921115511917 0.2600829011860644 -0.7500541163136921
0.20994496132399768 0.8584876457850315 0.4678910461411209
0.7656030368824873 -0.44199094730192723 0.46743520228259267
-0.2506577452586017 -0.014262873670018274 0.9430582699953165
-0.7002061211314097 -0.5804349791110657 -0.415700295408925
0.27037440456720646 -0.7544788515372737 0.5980463291633186
-0.6607641431585975 0.3063605298337788 0.6852251514218134
-0.3003473424698529 0.002891273939286761 0.9579806408882341
0.5924714355525967 0.7936348603393611 0.13828059589978509
-0.1058069765159042 0.2468246695960282 -0.9632666667401308
-0.7986128342795576 0.5560760750137066 0.23020898485879418
-0.30618175949034054 -0.018920473933166974 1.0419203644771873
0.6845399232187925 0.3488955075386382 -0.640061028636092
-0.6513460393135562 -0.1015364284193056 -0.7519566249479831
-0.327344104559466 0.931645073901517 0.15774554512335395
-0.3771703758879256 -0.0055175712459690305 1.0523507571424586
-0.30378888352787164 0.8901282895754891 -0.3396820321093322
-0.8489923099421047 -0.09112639179225422 0.5204878031291933
0.43234651216536796 0.44650630154152077 0.7833955885406507
-0.490835099914941 -0.04268780110796249 1.1326144265478104
0.36869266884279706 0.3055315459788953 -0.877904343715724
0.4299788742185232 0.781270148698287 0.4524782705255779
0.8241263203889936 -0.544305312673667 0.15667627187707062
-0.5338536943875537 0.026294942137220695 1.118550500545396
0.9048024944247937 -0.23792090901142623 -0.35316750384201157
-0.07647895281058323 0.7250789666813726 -0.684406177018734
0.4189082788003153 0.646261908709727 0.637856293644195
-0.5570676107948825 -0.061191912543355126 1.267901072114188
-0.43894137266437305 -0.0247550097767987 0.8981748868585717
0.8751824021115701 0.21454712094465114 0.433618834903006
-0.20343528998910415 0.976399242334803 -0.07250871000555444
-0.6671111514744649 0.10263846634373572 1.3996317222752277
0.7518829072619732 -0.01642899041860572 0.6590918765951903
-0.34827393886471925 0.8389282369149624 0.4182168221726364
-0.5598018760376383 -0.5439943199539713 0.625053335822422
-0.783299949831369 0.15344526626098798 1.355210248672022
0.5824696502964689 -0.49906808985601236 -0.6416070776702165
0.5264686969782474 -0.3697751390090837 0.7655696301417674
-0.6193216307967946 -0.7837077240136752 0.047360613844829785
-0.9028174837476111 0.12232896040817522 1.2583251481644253
-0.9332952689722175 -0.3187190632757375 -0.16546564784719128
0.3469833858458753 -0.6816132455113596 -0.6442102299772813
0.09253853576491518 -0.658651282513643 0.7467359461335381
-0.9600772307442685 0.26454195416240284 1.2561377825455489
-0.3407968907150938 -0.4034043310585595 -0.8491891298082357
0.40625811651898897 -0.8777636548216575 0.25393906348437173
-0.8478279498925643 -0.2584474586726795 0.46302505440639047
-0.903635363356368 0.2716708287844809 1.283682327531028
0.657838334886757 -0.02431359252287331 -0.7527665558196258
0.6497525439766562 0.5237692491594523 0.5508972454098963
0.38088163778603956 -0.8515132367457041 0.3603526246611569
-1.0465905864555336 0.3812110706234717 1.3959900246050911
-0.14029263557611238 0.9891296033948815 -0.044055247190609326
-0.6560630676085073 -0.05954295573581081 0.7523541417988664
0.7415524574641715 0.13445286750510874 0.6572843556303967
-1.1086342708835208 0.3775935184885981 1.4171565254881557
-0.24379063026011244 -0.6223700903117515 -0.7437888930312913
0.8516012093341156 -0.5043418075108191 0.14288304332892035
-0.46404990615354613 -0.5985775597425212 0.6529650627946161
-1.3001046502289748 0.4146728007962416 1.3550042695939215
0.12164776336791912 -0.28655217583677167 -0.9503101246981146
0.960633910514947 -0.20693390118512278 0.1853670663926942
-0.2497692996891633 -0.9354496079925819 0.25009807633778397
-1.3343230152818124 0.32771587257882884 1.3992052086336781
0.14977530945192094 -0.821720412998547 0.5498582724710147
0.5538654568973487 -0.39095111034711866 -0.735112917396969
0.819024097274132 0.4146491675092311 0.396566875270608
-1.212408529551856 0.1376724518568755 1.319884797057925
0.5655876075922841 -0.005339772904538799 0.8246708484084091
0.8139493325555378 0.1644607499533832 -0.5571704085547914
-0.1326516422284894 0.9863687065187188 0.09736359043042152
-1.3719609465178824 0.18860050337576006 1.295853356514851
-0.8997395461841732 -0.019994124370579302 0.4359691032594234
-0.31304426472519226 -0.6664796006335797 -0.6766155640361039
0.30409331853476645 -0.7452544555632266 0.5933990214494725
-1.3746725552687553 0.1385688948575102 1.173017686017747
-0.9538629597232381 0.0721674020527896 -0.2914406255209328
-0.2987425155008953 -0.3250597528920711 0.8972680704573478
-0.029982294663337322 0.9429354850355586 0.3316220437766645
-1.4363340494548738 0.38200325719028855 1.1403001880639552
0.2995635225761283 0.8586931201179812 0.41582128644050476
-0.7951680279355586 0.4655548881294018 -0.38854474727309196
-0.5272290984557059 -0.21425396445888478 0.8222677012286871
-1.509363786155849 0.24210320155487078 1.1242190167429729
-0.9877837877479321 -0.14996429829301117 0.04236966828605329
0.12281064002797623 -0.5817640700711125 0.8040327536702747
-0.09592693988045543 0.7994132383009455 0.5930730330998101
-1.5353243153141047 0.1778756266470649 1.0016418199878028
0.14870233488302537 -0.8479513841408539 -0.508788850543216
0.44897294845780655 -0.40053095241078573 0.7987474566939817
-0.8810853420202562 -0.34720780840688864 0.32114740736184255
-1.577453095134011 0.17352102830379684 0.9916688085487309
0.08900744561212304 -0.3136168151540513 -0.9453696193251345
0.5323504852656499 -0.7872175982089117 0.31127312129644547
-0.8418311808185053 -0.5309734192079293 0.09688582362736511
-1.6906432833165697 0.2242459892368962 0.9989763708854684
-0.1581714312125549 -0.9723996884449854 0.171525639836144
0.7846649457293479 -0.018331662466144125 0.619649514276357
-0.5994022780520788 0.23260054124480872 0.7659075485295489
-1.5909875713083572 0.2717661439415616 1.031431225599347
0.5304241962216812 0.8041941041409258 -0.26818461361288937
-0.0909781889724757 0.36852943289635415 0.925153672850932
0.8428367195600632 -0.4663248063322514 0.26864055816151855
-1.705225692844178 0.1386489258090161 0.8824104800666008
-0.6887171506648885 0.517174841989278 0.5081334583302491
-0.5924855666265445 -0.8054076606867822 0.01669206947044166
0.41788710330420215 -0.2895657043160814 0.8611159156476389
-1.8318380565571353 0.005945089388112806 0.9941641443814498
-0.533189843698034 -0.6509824819415388 0.5403063604696303
0.6050364451351966 -0.7398135961482382 -0.29428870685423725
0.5913027307434069 0.1699932158492934 0.7883283204964656
-1.8128753605511114 0.07300849543177113 0.8572292088205782
-0.2827411335068596 -0.9311225649945994 -0.23036581594439443
0.942850126733431 -0.22564047095743311 -0.24519374533870344
0.17632534196593708 -0.286527378148545 0.9417060808829328
-1.8285810904762103 0.24639063274615397 0.8319455193723149
-0.3837880065514466 0.09338086495624795 0.9186874810232272
-0.9211690730006287 -0.10815067967106855 -0.37383255540126625
0.06444801176513186 -0.9897390736076418 0.12752673651999868
-1.7624349591243296 0.30886525574791607 0.7982701718005303
0.7792400785630266 -0.5009764978745957 -0.3765745436095628
-0.3368189266878416 0.1719551129477726 -0.9257342698138155
0.5285246682548244 0.8482064530037119 -0.03474340803546278
-1.7931823069879673 0.2684472139836905 0.7086841753558907
0.39305645156299884 0.5328216610908101 0.7494054177332891
-0.5026209997806933 0.8069656269842941 -0.3101265698097581
-0.769986064681452 -0.25476971670289583 0.5849902699265095
-1.7363925214964173 0.32714901945012415 0.650571990737494
0.9516667302759925 -0.1961009008968536 -0.23638061455706985
-0.17425358185948575 0.2890351009974854 -0.9413256931397804
0.2529176429325041 0.9370176021223797 0.2408933564622379
-1.7627629768516395 0.21893685946488564 0.48642354658594583
-0.7747682556118071 -0.42621128149157356 0.4669889558136174
0.13930369148748523 -0.8355448009805884 -0.531469704182195
0.616708013404611 -0.34671151743028145 0.7067252821073248
-1.7852549368053223 0.37598153782569377 0.5629375470493194
0.6879907089413113 -0.7213496660871221 -0.0795202866864132
0.7256690505791432 0.6825096916277487 0.08709654486230778
-0.008553747591114725 -0.11762702893494262 0.9930208112945161
-1.8292295608761435 0.3964510103334652 0.4393693512855492
0.015743856448602125 -0.7619348563805077 -0.6474618776750245
0.5284974237940275 0.5560356492094303 -0.6414936031904436
0.8487885614138035 -0.3320823805582521 0.41143495741556463
-1.7161928204931256 0.21528521524093291 0.366712154587447
0.6436616381636197 0.7245126014161821 -0.24653789809724141
-0.5668041866131376 0.6677503647140642 0.48253665486805586
0.5142296676887835 -0.1708523301394428 0.8404623169798863
-1.6975716272884824 0.24294195325289558 0.2655056004976962
0.5953260014467898 0.6709430013213302 0.4420661538207965
-0.7377496986252079 0.6744047946986113 -0.03005473172282916
-0.3182963634751571 -0.3082414548261418 0.8964789196690078
-1.6645188033069491 0.3850929644564995 0.18202050538487463
-0.5194276878394027 0.6388057159172076 0.5675579867496786
-0.5689637126223974 -0.7540980149299705 0.32804915924475236
0.6375544767244724 -0.1525220620728876 0.7551560956435648
-1.5659918021563979 0.3309354807362705 0.2352818042661443
0.5694996585852139 -0.5792031689235535 0.583261649635891
0.5417607249096994 0.7981295970433553 0.26359807626577036
-0.6181950256531318 0.16586834700086941 0.7683243903823482
-1.5878011876663478 0.4269090145737495 0.10005303390046562
0.379149860622243 0.870559853598659 0.31364163192285666
-0.6443885261418667 0.005150288859811774 0.7646811996646034
0.6640857840064636 -0.49203548423849175 0.5629310887445308
-1.5439582791114415 0.3934383671166326 0.06641796277421946
0.7355749521076853 0.48845522187804696 0.4694042691349225
0.03453669063282468 0.6649660586643878 -0.7460739596637953
-0.6765617520084666 0.5650051285307339 0.47226285532400736
-1.506676269203219 0.3754290287466153 0.057249099474198414
0.2951711046495746 0.3824619002659823 -0.875555419116767
-0.9031823379968758 0.41061938034624906 -0.12511692538268607
0.311667609447447 0.8277166625059061 0.4666354114021998
-1.5389274881263821 0.41167552245776157 0.1361845442949459
0.4706505868331787 -0.0474838137423822 0.8810413748476926
0.4388261582939745 0.8788874725008113 -0.18705234599665396
-0.7654539921513935 0.47465926235933525 0.4344855218659785
-1.5471890054872004 0.24349518465064646 0.10066305627945718
-0.6541936851416525 -0.4707215250659283 -0.5919905990073957
0.6615247276283909 0.023299486450292284 -0.7495610773887466
0.366627368273493 -0.8819740481539358 0.2961519487203075
-1.4959580018174012 0.17709758545059012 0.05512126147534376
0.22442883782001039 0.36176133449904113 0.9048543947327433
-0.630333933480705 0.7620243860764293 -0.1483171027177831
-0.743175927238385 -0.5370734950888143 0.39905043087989617
-1.5506735727243168 0.33036706936606197 -0.14701154576841718
0.8668467205345464 -0.4768765238490703 0.14548458904640296
0.4535677495845817 0.8754308713539039 0.16702445944424438
-0.20701194413544294 -0.07879733640410247 0.9751595405372236
-1.4936785501227592 0.2968357428578637 -0.2757816792754677
0.48731287706691084 0.5886808420405288 0.6449653157197971
-0.6530456583563925 0.7360143465701527 -0.17836562203441983
-0.5797042857804006 -0.33427231540230734 0.7431049125529545
-1.464158059237521 0.22187892739690698 -0.4530829865863493
0.23160954605329875 0.9670028815550228 -0.10613002730334022
-0.9602415690871378 0.24473168757837427 0.1343206277913178
0.15586189926231206 0.07080055736436935 0.9852380937097454
-1.4754332628455586 0.21600001925279863 -0.30575235117337674
0.8362023049888789 0.014815470405994074 0.5482211421404957
0.538318933439704 0.1688198617032419 -0.8256588246754575
-0.10478281539864254 0.9855352339266975 0.1331923047606791
-1.5232961082765755 0.3009056013827854 -0.2354329259676997
-0.359893048070178 -0.5071791931203805 0.7831001646819424
-0.40481490154158906 -0.6713327021979595 -0.6208350441976727
0.8405959596871924 -0.5404454970126085 0.03629412642943882
-1.5745312643685498 0.30675329494772663 -0.25577358708624853
-0.6606273815782867 -0.7507062474497382 0.003500586539200179
0.2271502247648524 -0.19544609391324483 0.9540459659975722
-0.7155237738002203 0.6310633459433136 0.29963942775460706
-1.4029549286062253 0.25432879878739967 -0.42155310977530364
0.20621158638278397 0.9746926216839803 0.0863183775826704
-0.38174529177931316 0.1613599468551603 -0.9100734238925007
-0.9009695491884505 0.15471604257638943 0.40535859896289356
-1.323122949698556 0.27297153286460857 -0.47233812557259613
-0.2067480267546297 -0.956609750182587 0.20531234707389978
0.5941398698533673 -0.2894773496130881 -0.7504664893215384
0.7773362568422848 -0.033173227553554646 0.6282089759374332
-1.1248334799299329 0.27644403875032614 -0.49012689996661435
0.7314606990096726 -0.01688824631439387 -0.6816751265849547
0.5274999487627571 0.6475038781496792 0.5499840108635639
0.4320992285926324 -0.761874724260287 0.48253183053308835
-1.0346753258287777 0.22230441015910096 -0.6339320703710911
0.6956591772528922 -0.594214248016344 -0.4036931197085802
0.124161510029556 0.6529538515644054 -0.7471512516078554
0.7075603400028787 0.46963921918731605 0.5280113683639013
-0.9420110866794343 0.18355583988920668 -0.6601425832881463
0.7289218719419676 -0.5483696974285248 -0.4098329424790764
-0.03680099910808042 0.5663971545062457 -0.8233103889661876
0.68360658621468 0.615211658272524 0.392678904730961
-0.9521267901489463 0.27119365641314075 -0.5997083963140828
0.41830028504157685 0.39249385010544646 -0.8191296710220107
0.05966000491851427 0.8879983254280365 0.45595971827658205
0.906347113837807 -0.23959706980404696 0.34803341740246657
-1.0076808330755878 0.3785006866980973 -0.6317347032354165
-0.8156416944859286 -0.22121185542041807 -0.5345977430936355
-0.21226727845875915 -0.7451617226815365 0.6322000267378174
-0.5382115851582128 0.629125914229823 0.560828387491514
-0.9388741928808149 0.39838705578323547 -0.732316558865383
0.8256900553493512 -0.5625251034529486 0.04245864809193714
0.2113695069646286 0.23871390434052472 -0.9478073704339992
0.5230290667045697 0.7915690301298102 0.3160041440209659
-0.8380468750932968 0.49585790211178815 -0.5668630601221024
-0.14481531850576276 -0.6727427866147477 0.7255666242487477
0.869040971795914 -0.43707581252246436 -0.23180361952044087
0.4730716080907625 0.5969782726934176 0.6479361597882
-0.5503282233314952 0.4645603739030009 -0.5864842498755702
-0.1979426644725946 -0.9756894967684271 -0.09406967957526084
0.9343841791294155 -0.21681806268679296 0.28269459005843794
-0.29621752499774 -0.03194012294145149 0.9545857727489415
-0.5061512610037622 0.4837970822960715 -0.694617385963383
0.35032360826740855 -0.9039201370024574 0.24535916995529414
0.7248666284811475 0.42754940415368337 0.5401579723079719
-0.5931628369279712 -0.011377151606699706 0.8050018255875829
-0.45170518555989936 0.5016085625307595 -0.5976365276248738
-0.4062920679506645 -0.6056642423833184 0.6841774998708443
0.8640505659455742 -0.011098010570286164 0.5032833932043601
-0.2972274691822628 0.7956432026357867 0.5278327014865578
-0.27747525117855326 0.6257254805032874 -0.49698886430833866
0.7333920912891557 -0.4748921985601209 0.4864300876031947
0.33452321064394186 0.8750208307616508 0.34990401497463774
-0.5918021711541015 -0.0938947767560104 0.8005951618343525
-0.25181885485895994 0.5602260829782169 -0.5141637141050117
-0.6445258924575752 -0.6490714262420281 -0.40409460055480795
0.6005805634815955 -0.10271008596468766 -0.7929400423695928
0.47316960113509304 -0.7537617785127797 0.45601832111787516
-0.23123156385392424 0.6891890170943706 -0.4712586751802438
0.9832366606363689 0.0024012514960423067 -0.18231734359925772
0.1615336922025969 0.4523152945347489 0.8771074616378763
0.08457101621941943 -0.8918551254002748 0.444345128387
-0.1527610087499694 0.6129950240043126 -0.5258897917038717
0.4589984990869597 -0.4869116512772247 0.743127300748477
-0.3073678628655059 0.697761155448996 0.6470355059412332
-0.8335738644502834 -0.525401541341721 0.1706095681230227
-0.12437672559507093 0.547206833251684 -0.4033988443141597
0.8536385418722526 -0.10319867305936087 -0.5105395529901089
0.3642509870244274 0.8189162553415786 0.4435054953324976
0.3723199128301698 -0.5645585048464984 0.7366486500697177
-0.16131184985919167 0.5839872370461118 -0.26526810129321765
0.7713119273995533 0.24486275456707357 -0.5874698066221106
0.1806843244533595 0.8008108875527689 0.5710134911867155
0.6102714356152473 -0.5465752032926002 0.573431049177715
-0.23081465010454622 0.6154560946935663 -0.3183365176824938
-0.6817434527426952 -0.09254014725041408 0.7257149893441563
0.5647676382667448 -0.6971217106167339 0.4416551439620218
0.4650407200701927 0.710955374186502 0.5275220060152168
-0.2564220534286361 0.6166126821768596 -0.4548102299097821
-0.6042349937464726 -0.4953764935626001 -0.6241009925631662
0.43896532272773153 -0.8606279465867941 0.2581256590206503
-0.6649881988171511 -0.11798970742142066 0.7374743577848429
-0.19823800254884413 0.6849328243474269 -0.5075832431086974
0.71418288617028 0.6959923486691579 0.07441558996325968
-0.036676033589354 0.14337733388833282 -0.9889887902079567
-0.6989970759955904 0.7035888019059588 0.12792431220723094
-0.11415786598803104 0.7912979689557017 -0.36107336192693074
-0.2250557356302708 -0.9401838710615459 -0.2557414157047545
0.7567930030194286 -0.0033569456970151783 -0.6536455638246741
0.6136887041751644 -0.3406502586227921 0.7122797850234731
0.0012058170489348107 0.6638952102560026 -0.39242712823246434
-0.835545407606235 0.5278759821004869 0.15234979869214438
-0.3060672048595908 -0.677487252417355 0.6688300336245894
0.45627401858532163 0.5122079993587325 0.727637527807272
0.08672163795078583 0.750363727980289 -0.39472908543800184
0.5033896200811013 -0.8057390767235538 0.3120649499119671
0.36006802471960964 -0.13269706550419 -0.9234409831215561
0.7854618027457099 0.5772149910619035 0.22332256216058993
0.0001837646587871753 0.710150163353862 -0.3650751438898914
-0.3483173999047137 -0.9371266792259816 -0.021645335713081883
0.8111018652437296 -0.2897396339894863 -0.5080998486903345
0.4698815619827733 -0.1945360856662692 0.8610258120823707
0.006215402019387592 0.6400348317998528 -0.20508005036289054
-0.07905299796476002 0.9431493693595655 0.32283313344931436
-0.8159891095010361 -0.24725043185874224 0.5225226470922326
0.5726372044265374 -0.22212066767749028 0.7891438115487557
0.01904763269686695 0.6755225106995355 -0.1874349928589973
0.4046691166737154 -0.26115223825541506 0.8763804042938141
0.5004797164782849 0.8653343463833362 0.026764162303825414
-0.765351573304411 0.42777953915177874 0.48087532341479666
-0.06417770099731981 0.7993608810489917 -0.07335808537246864
0.7534096401826339 -0.6176187406579752 -0.22565979793334215
0.4743451914538933 0.7481539967315953 -0.46396257114208755
0.45537972429080126 0.2425129588342935 0.8566309746290673
-0.09189637113227604 0.8330078257253075 -0.17610526615123703
0.9829681305971533 0.09386021865679503 -0.15799728974225433
-0.1638377122120453 0.8370262890543866 -0.5220570056889735
0.08324783675967695 0.5390520321326466 0.8381479786062703
-0.12946816124795366 0.8735019387246344 -0.03729170460178068
0.26549533319417373 0.913603924210994 -0.3079600968433331
-0.7316636120600946 0.39894089245077935 0.5527349137388479
0.6278381220430067 0.07857459570076351 0.7743670214558459
-0.012460677436598904 0.8121104659204252 0.016731001586429546
-0.9577660115636887 -0.18848375449606825 -0.2171590228034313
0.2341087509191144 -0.9496377339391165 -0.20828220288693722
-0.16696420560237912 -0.2503249589098102 0.9536559872543775
0.002286702236330148 0.7860184986500346 -0.0219850943017761
-0.8507573024151333 0.4203898721970443 -0.31541061816028754
-0.3191278216735191 0.06361587027609299 0.9455738281254944
0.41757500756925453 0.9051098729916882 0.0800365600184686
0.05032293765460838 0.8229753993954387 0.0861795775015563
-0.722397448394541 0.3411620152004286 0.6014567203614136
-0.5987142039798076 0.12657364431643184 -0.7908992913725797
-0.34595260316204407 -0.9314439774707162 0.11282222187320569
0.09155388693579662 0.8722233437284844 -0.013687118681591195
0.3131981143836665 -0.8915073100916927 0.3272938709436496
0.5524487429924252 0.45135212797357743 0.7007719737711068
-0.7724679018207352 -0.03866795335266989 0.6338752199329116
0.00693187660205297 0.781340655625358 0.021753897340654395
-0.8089516997799586 -0.586472355841801 -0.04058446425765655
0.37597529845991656 -0.46305966371727647 -0.802631757384371
0.45192807031898174 -0.6645489168950268 0.5950918455095605
-0.06337103021967422 0.7490990119935147 0.036024446328643316
0.5198873827079662 -0.345790989849335 -0.7811188429579153
0.8540009281724528 0.18898268517338918 0.48473509083940935
-0.019998950539325096 -0.9190828151947934 0.39355497612635143
-0.045474028499909336 0.7518134167329839 0.10728179571959795
0.5334604087844507 -0.7347210074712539 -0.4190533044189752
0.2972842525330436 0.6266952457239408 -0.7203306136303972
0.7918598420956141 0.25968994455286254 0.5527376465173963
-0.030073513245544168 0.7841318962496864 0.18655321872153757
0.26189894289703813 -0.5772273679548413 -0.7734460261659579
0.5603638804169329 0.7434405535506321 -0.36508752444057907
0.7857486068970612 -0.3377946676109069 0.5181628546480753
-0.1448287575202185 0.7344078433219473 0.22955917695151754
0.47271295531335766 -0.5575653656961405 -0.6823964172726221
0.42925860215253964 0.8219879258793773 -0.37426280060690975
0.7695967054535998 -0.11600558909772464 0.6279036183007719
-0.05032571322730642 0.7471097320417955 0.2360992797758642
0.8182984209049147 0.3985286834523497 0.41420054446425153
-0.34415095292780634 0.9168688089104569 -0.20226938681738973
-0.4603777387813579 0.022968960983600288 0.8874255209464064
-0.09328567684048232 0.7989433995711762 0.33634295482311277
0.5941061568548592 0.1724170348597934 0.7856910984751823
0.2393280134089543 0.8946349911581872 -0.37729411553194414
-0.7679584170870793 0.41219060155037274 0.49024333996144975
-0.26363603442970923 0.8397117587749043 0.4437951274196233
-0.2625659007391942 -0.008743528407543054 -0.9648745568875198
0.8776718166728426 -0.41766401561512423 -0.2350518705019898
-0.40093825207298683 -0.908559663557478 0.11733800165235474
-0.2570989197869781 0.7144775742294488 0.654607181662994
-0.9061342648567725 0.41947915779765327 0.054400587384849944
-0.42182767671544624 -0.8866013706739722 -0.1897345713434414
-0.03135801559946499 -0.19487299597037047 0.9803270618104855
-0.34114000760711755 0.6305180553266135 0.71102545894708
0.1189839055865481 0.19316885115582635 -0.9739245232399566
-0.954712117746738 0.291666514655148 -0.05878735103210019
0.27270460353285586 0.9368121268680424 0.21912482208127426
-0.3456851730827982 0.7011563142869854 0.8047592567991556
0.5776452681426436 -0.5973631673557342 -0.5563116850441205
0.8137646692128008 0.3678678561345955 0.4499564621610196
-0.06413858890942548 -0.7126215621221448 0.6986104093303278
-0.30976294736200277 0.7773783684601404 0.7158457265112969
-0.016016292908560433 -0.9747162017753673 -0.22287094144919997
0.4535826021568592 -0.2057272120454811 0.8671444678905313
-0.8910696996195537 -0.087202040669023 0.4454096652800942
-0.3307350079746605 0.69623444902964 0.7028537005260448
-0.3385104713754754 0.7846542611570709 0.5193538396977901
-0.6877062311906472 -0.5830210046726609 0.432604732677659
0.6422393532904825 -0.21072149322599723 0.7369705119007101
-0.28457127045414965 0.7085760916714732 0.6071481502349908
-0.7618928948560375 -0.12472232162960821 0.6355812486271392
0.6475487625016679 -0.1681078133932586 0.7432498607726903
0.014146516054528194 0.9778465286332736 0.20884409315771418
-0.3657361157886053 0.6681196500075098 0.8436145287426124
0.7995025566149802 0.5760210466135596 0.1702789320176542
-0.5754880037699623 0.8157813743491742 -0.057572726307423314
-0.17207390999897684 -0.051964062970765605 0.9837126197664765
-0.33431208892312847 0.6819216357892519 0.8405198347934209
-0.3917950790606087 -0.20957509316540157 0.8958656618615872
-0.4468059567782078 -0.8078434472001402 -0.38438820024084686
0.804276928897751 -0.5508792483512278 0.22286887426992294
-0.4357702671008186 0.6075073029915441 0.9567794078638282
0.2263844341648214 -0.3108604043335712 -0.9231008928469515
0.8708314076290997 0.48914926753086896 0.04884139229439428
0.43635119093398755 -0.8149230272030985 0.38144240302700533
-0.2620805156648355 0.5765561951368516 0.9283531198963024
0.48227561052046675 0.8737886826711859 0.062489433686015214
-0.8601477598744194 0.4858481578497733 -0.15523709540495495
-0.1660049032179497 0.021116856957288502 0.9858989008694522
-0.3906716000806127 0.6666011985751668 1.0089331753349726
-0.9658811337289953 0.12024649776970299 -0.22938003563265646
0.027680453474317343 -0.8326784866786245 -0.5530648829153416
-0.2575036103476485 -0.5405437580230599 0.8009389601892414
-0.5632018175807315 0.6625701232137061 1.0998377278678002
-0.5204436415344191 0.84859991576572 -0.0949555996632423
-0.27318917453169217 -0.2708319658331564 -0.9230477471869251
-0.8090153921584614 -0.45445350341601226 0.372781564667244
-0.7200819017997218 0.69317871463609 1.1261946285343718
0.2571503564564555 -0.2543929436306405 -0.9322868981132312
0.8021012414290675 -0.48188485931848146 0.35273326559617996
-0.5389875926914934 -0.838493063155723 0.08013254507019177
-0.8541059472464128 0.7830051451500759 1.1743570376657861
0.42741124818924875 -0.5071896150144123 -0.7483835620965682
-0.39477188428219956 0.6400077808596791 -0.6592005206454671
0.813311553441468 0.5771896759686063 0.07332258232049257
-0.85567843435818 0.687279179110058 1.3626822025364862
-0.7519243451373842 -0.35148933578066627 -0.5577327327864762
-0.4971679578969995 -0.2532485475820864 0.829873213982444
-0.432935789359122 0.9012881850903038 0.0156740389248574
-0.9148387700515461 0.8535791219504364 1.2732114878022511
0.33710233143626384 -0.9202565493484268 -0.19872241207674468
0.5493586112608851 0.020854562274449408 0.8353265038145197
-0.7645699172074151 -0.39076081955435266 0.5125799255775981
-1.0098330991970779 0.8172580370546381 1.3966522864285285
0.8474278131450826 0.3916073582541083 -0.3584834789653811
0.1195555023466028 0.5171210444734354 0.8475214174194504
0.5172740362939119 -0.7610717986767533 0.3914037469301408
-1.0470911472603484 0.8276658993192079 1.2779084878081624
-0.6729997095454839 -0.07937076171099285 0.7353721023143545
0.25091909765936876 -0.959766680397976 0.1260465334341294
0.6957807314365477 0.2693482380546861 0.6658385475317108
-1.1666576655906262 0.9151907587913639 1.1918487960585042
0.8920536702252804 -0.1908172833637472 -0.4096690306295575
-0.056104672605377055 0.852717870542263 -0.5193490770073429
0.44843298355895966 0.4862721352415005 0.7499644186600337
-1.2576609016306801 0.9574556236664038 1.2362058366221262
-0.7843563450627721 0.12170601613756696 -0.6082540097449426
0.4937518189076231 -0.47106978460363613 -0.7309607133981708
-0.3754919993756351 -0.8736595320366605 0.3093937860792006
-1.208539604401785 1.1097134322672901 1.3197633287521893
-0.6936425323715847 -0.6644221611667549 -0.27821507381578686
0.2738626833471165 0.11397812483963633 -0.9549912556383019
0.6662273968279504 -0.7386149370643266 0.10290019778369577
-1.2330291152595658 1.0009526427780577 1.3747217543597055
0.8503838195179552 0.2434998493246648 -0.4664278920405807
-0.018424180947720373 0.8997074307870565 0.4361038740770397
0.525840417797677 -0.36226166691206946 0.769583125333757
-1.2004938980648507 0.937963693742387 1.3136466350828326
0.2760461711529787 -0.7905296067351889 0.5466829470237602
0.5607040892456443 -0.3295174039259673 -0.7596243915006724
0.7806473778276503 0.5162180864583508 0.35229128460419323
-1.267725915264731 0.9107741933469742 1.2956302640548465
0.8841909619958475 -0.20682390009379747 -0.4188457449009299
0.46413629524551864 0.49027793358141925 0.7377022342314606
0.05277664646196424 -0.8466705810235469 0.529492841839255
-1.436344013930069 0.8456052500563981 1.327712261554198
-0.4301855478008745 0.7034325724092474 -0.5657945783227248
-0.6046585768738759 0.24086370567776302 0.7591919411225518
0.6703202581954336 0.6687050820958267 0.3217201680730414
-1.607653170004216 0.8179564762456405 1.2864400777992708
-0.028582536243582403 0.5721407113379856 0.8196580142376861
-0.8241398359680644 -0.47751842157786006 0.3045805737166241
0.5656648326767323 -0.6668068969807873 0.48517233886273076
-1.589049967485542 0.7882433945961661 1.2320246481394517
0.254821298194718 -0.9645924931402142 0.06802081820295532
0.8330980675362896 0.1832822988804708 -0.5218759484257943
0.4909305625748731 0.18965288340496358 0.8503043873631159
-1.5948553213244516 0.7455886938811394 1.1155420411969748
0.27309669334177317 -0.31365714904668446 0.9094166430588537
0.6172871686227646 -0.6679213050866731 -0.4157365676013821
0.7378172396631715 0.6749069751690405 0.011209805277833312
-1.6366615955964265 0.8282682826486001 1.0478261872420498
-0.6966417553913059 0.593408198222609 -0.4031846999041048
-0.7042381046676754 -0.672867976156629 0.22648707357181783
-0.13689086629509079 0.4417186070440062 0.8866485846275808
-1.6931309787773787 0.7406069930187416 1.0031787890042747
0.8994822673657441 0.3150417762389568 -0.3027888992878286
-0.4249074679194032 0.46900932852668764 -0.7742639987422119
-0.10191459797058296 0.8250928616361102 0.5557284279067845
-1.7630485080873504 0.7268713518619228 1.1438088855426816
-0.667823990248126 -0.49239149914993796 0.5581774860310245
0.2173203317350357 -0.8462298589771349 -0.48648524736767307
0.7118873494081545 -0.2035831611143759 0.6721384096239792
-1.7489123546807999 0.6974419860053831 1.0073969239875904
-0.870845773371062 -0.2660432966092825 0.4133396789928886
-0.010982565950832659 -0.830137802294905 -0.5574508618910862
0.4914346870287141 -0.4899925789909215 0.7199990781085034
-1.947733574786716 0.6683311807561813 0.9253585231047543
0.7771440739394064 0.5290438033710082 -0.34082477972953606
-0.6290334988759233 0.6365815871732527 -0.44618459075485
-0.01908848881842717 0.561138994746853 0.8275010148431332
-1.840067137973138 0.6397251235542907 0.9056732539705336
0.660396732424468 0.5738105490306857 -0.4843738829285398
-0.10111970172453873 0.7071240803763047 0.6998218108017734
0.744077663891267 -0.4131806014206208 0.5250050332281782
-1.9110160902150244 0.6452403984312443 0.9246147959437484
-0.4754020628160276 -0.8520255342807791 -0.2191932542538678
0.5726803140366469 -0.11056577613247986 -0.8122886980720498
0.6678555517501069 -0.5116914311166179 0.5405009570238071
-1.8797379799550893 0.7464258030228204 0.8882144826608459
-0.18512449774113288 0.261899596984056 0.9471734701203341
-0.4664881475354261 -0.8717386733611352 0.1498669423160575
0.8649383300536501 -0.41410073351283455 0.2835535541826484
-1.8240731215377246 0.719164346018696 0.8601035085309364
0.8289858349798012 -0.46713592499934914 0.3075168461047951
0.5203501231591179 0.8457672790390225 -0.11795835198967446
-0.2049844637649948 0.2578016530800541 0.9442028944589803
-1.9085805562563876 0.7684240701918867 0.7100025573412798
0.6551302568296776 -0.14336092669979938 0.7417897758017915
0.5322098710524513 0.7844460552633314 -0.31842891794475314
-0.5362438630957919 0.6034002743139678 0.5902121965582153
-1.7945530416579984 0.7921966948858904 0.6321711561812406
-0.013099027493420635 0.6302235511970384 0.7763032161791147
-0.9971232454415145 0.04973327493474689 -0.05719974365334643
-0.07465665413205205 -0.7748196379556028 0.6277589791449099
-1.8193397735030588 0.8047412191661336 0.5395436446442765
0.2196145773881106 0.8269907855959943 -0.5175480644349647
-0.9755845041895576 0.1849268633972176 -0.11848124574903839
-0.0022740786224744766 0.5309313650504129 0.8474116766655815
-1.875530615689119 0.8286210665419036 0.4941069107175251
-0.11902737920887384 -0.6798702560782875 0.7236084457107036
0.7328345658869443 0.4315673752721692 0.5260265428305374
-0.6699149051764357 0.5928963191049847 0.4468638515473421
-1.8664760191721603 0.7915283058566355 0.4874475345151563
0.4792401023210848 0.6323537510978857 -0.608653681365159
-0.7856716579638484 0.6181925874497264 0.023644046539471705
0.39121620599974444 0.46687017226965893 0.7930840050312827
-1.9518713118451907 0.7852222340063986 0.3879980773358441
-0.8416643482766479 0.2589951443287141 0.47383889048303135
-0.5397464487577862 -0.37655042752784845 -0.7529169029817017
-0.016577998374816307 -0.8894549996624681 0.45672056205667866
-1.8659281235006404 0.7873302024091696 0.350376902390283
0.37581104846597324 0.4694044218649333 0.7990155995058894
-0.8083342892525954 0.5876871298761206 0.03494056502871328
-0.4531695821236144 -0.6590015221258465 0.6002946938370355
-1.7910665571693156 0.8180005224496623 0.3023367069718257
0.7369660153826212 0.4621056673084333 -0.49329363186236386
-0.6750405604142599 0.46574789073731976 -0.5721891402921404
-0.03466140575736636 0.7546763637526267 0.6551804228986771
-1.8726251662582807 0.9534030380894745 0.2524888412747001
0.0511955369705001 -0.8806335156420441 0.4710251763923714
0.9901338706910963 0.10635949778860965 0.09123360372319192
-0.13044135051943526 0.4617059736365814 0.8773894184641152
-1.6753359065417428 0.8819654425530719 0.09876707926071318
0.950259314588665 0.15280253465459429 -0.2714036974564918
0.12083238447417356 0.622278788571112 0.7734136799836762
0.28706792860245484 -0.7677373612571188 0.5728627702809308
-1.6967001238865174 0.9668391637087892 0.09357956132866777
0.7942961054710026 0.06509213321904717 -0.6040340502542904
0.18714283264052722 0.9196823094929288 0.34519799667508894
0.5779886373982414 -0.3872307981982986 0.7183186316553709
-1.7884777821245286 0.9873726388386481 0.07267949364800186
0.8177649164968323 0.456834212765507 0.3500903009839762
-0.4934652388380361 0.8695798490905615 0.01795065560921923
-0.2962311584587216 -0.18743709839230002 0.9365440416678771
-1.6990051246413473 0.9950656501762374 0.0699778189889117
0.5679815262036851 -0.5063145846176871 -0.64887791517441
0.8194315983330217 0.274111419017157 0.503384264411671
-0.07700583962525841 -0.8176239113879566 0.5705793651371263
-1.6207220287347366 1.014574567931386 0.007792682657995764
-0.1690864785281737 -0.5673511608343684 0.8059296818980448
0.778192294534994 -0.5786524813320346 -0.24408767694293249
0.6048368126180299 0.5858957103822034 0.5393504413014145
-1.5432532088115485 1.0106601921944105 -0.10295679262610336
0.6797161110903895 -0.4350425944844709 -0.5905292620485734
0.5353536825939683 -0.256090700286984 0.8048696605072719
-0.5013808249233387 -0.863224076862614 0.058833045062373454
-1.5861438485115085 0.9732780467930906 -0.19936893389653343
-0.6365298842721914 -0.7635676093114755 0.10860199746821061
0.6905745828663268 -0.5015663507006098 0.5210929908451786
-0.34341853880798545 0.40668820863446653 0.8465620117429068
-1.4802036559680851 0.9587997336195673 -0.2511943119397597
-0.6520875454240678 -0.7324804460956164 0.19558927501769166
0.20914783334326167 -0.42177363477303476 -0.8822491762917213
0.7287242421556693 -0.5343959921562188 0.42823021578251813
-1.4514228331645782 0.9795387828814597 -0.31797061584299874
0.40407230258643023 -0.6323580676093049 -0.6609452264848327
0.6834872543695235 -0.2714874580170902 0.6775980686443069
-0.6079229902252382 -0.7255465092600554 0.32250775319951686
-1.525327308878185 0.8038441802135818 -0.4159873780058211
-0.39993220059671036 0.515739729393228 -0.757672091851422
-0.7573329656361051 0.27966091643090624 0.5901166393876155
0.5162379001370465 0.8098160961882263 0.2787407011789092
-1.5362365224986467 0.7517355767864502 -0.4257094484757996
0.6989131741062096 0.4738324294155613 0.5357277384080249
-0.6859943187516361 0.6560170901205539 0.31472732837943224
-0.20231855149235273 -0.5874720428619349 0.7835450307769514
-1.4401938818741362 0.6697537009653405 -0.4439026268193525
0.07293829003828546 0.9912810358697071 -0.10973529542914452
-0.43854313868685324 0.13069784720439298 0.8891562462572336
0.8957457350304263 -0.016730136976920978 0.4442521388015826
-1.3513866141810036 0.7628134844339186 -0.46681066340845223
-0.7754629270670224 -0.6270948299698964 0.07354393736820831
0.11831371819220281 -0.25873662386510554 -0.9586749050950291
0.6202084378195379 -0.7347151610821921 0.2748349367507786
-1.239782350961613 0.8282112117373176 -0.5077009983780537
0.32539398765611083 0.9449635397197238 -0.03411010842183805
-0.5727181006724653 0.16825291910351847 -0.802299565746945
-0.7524039140537305 0.28059936515404804 0.5959459046860115
-1.40182905460328 0.9244334901259713 -0.6069474185931056
-0.3834237831008943 0.6948952643254049 -0.6083648478992317
-0.10957832112220448 -0.6882834025626616 -0.7171189135751489
-0.917048674158817 -0.20829661707878772 0.34004927194338924
-1.2125026190058148 0.938651190738814 -0.7266672870955154
0.5224919636652667 0.8383822470544867 0.15529709283693388
-0.7394909625750603 0.3549053324510488 0.5720101190396794
0.424446998375899 -0.4137112546006653 0.8054106037287887
