1.0 -2.8522018417909332e-18 -3.0513245210063244e-18
3.264481096329616e-20 0.9999999999999999 -1.1693700056474858e-18
-3.351625129301006e-20 2.1012424567335532e-18 1.0
0.0 0.0 0.0
0.16351774035187075 -0.23900688164329426 -0.9571501038078736
-0.3417215161002748 -0.9238683027777134 0.17231718899861972
-0.9254662149018743 0.2989028087936776 -0.2327429294485877
0.06411099347273219 -0.0501700103261628 -0.0154684879294297
0.24979985936634133 -0.8828478374367726 -0.397718069775128
0.31291760920037015 0.4623024224132172 -0.8296738499486768
0.9163423266356711 0.0827999654903864 0.3917421539990309
0.010937861959447006 0.004908447368196416 0.07444124734530819
-0.3383512294110076 0.5102569190495275 -0.7906682042812634
-0.5781392272722077 -0.775666425250093 -0.2531714171317215
-0.7424775247303058 0.3714555417619476 0.5574482067760658
0.04679635179015961 -0.026027097251748996 0.1511386684831891
0.6175083920673405 -0.5922071420705077 -0.517661678891328
0.5947843201480502 -0.07909028021641906 0.7999853345851886
-0.5146987129398173 -0.8018955190735902 0.3033969302137838
0.010741687160489767 0.08159895110016269 0.216284751765352
-0.3050549535685309 -0.6736192331177338 -0.6731841855666569
-0.9001769891732332 0.4346826706565933 -0.027046842523741895
0.3108409179264685 0.597734990976436 -0.738979297660747
-0.10448174034928423 0.07626571136764082 0.15397905584520835
-0.2591816500665433 -0.9547756874753663 -0.14569758354183704
0.9516719233176932 -0.27819336988811544 0.13011084772544096
-0.1647583757653001 -0.1049342993386564 0.9807366384843828
-0.10229381910564707 0.10262932775183281 0.12355625818901944
0.7691775611421225 -0.1468892854167483 -0.6219234431598556
-0.6367237853712769 -0.09346521438052764 -0.7654067920428391
0.05430177107616381 0.984727672650802 -0.1654195894803156
-0.04681869987311236 0.12098291571802516 0.2847608811360412
0.0620381577992636 -0.4826243574559468 -0.8736274298645578
0.09339829328015373 0.8742796454129491 -0.4763520872412597
0.9936939808297145 -0.052043061374564735 0.09931498734298708
-0.050409555637688244 0.09138924523954743 0.3060745673844203
-0.13273446438072994 -0.6522145381529576 -0.7463225335093499
0.3140349477957545 -0.7418650558513145 0.5924682230593892
-0.9400873123959774 -0.1557309799405498 0.30328943180552603
-0.03932957443207162 0.1683632946640637 0.45566435702185615
-0.8734386171964834 -0.43118915351668935 -0.22622879708409002
0.35582433512720385 -0.2480353809571966 -0.9010363867578188
0.33240441241459323 -0.8674989353741923 0.37007138852391847
0.08528531391465269 -0.01180135417974425 0.36538600492911966
-0.1735870509217498 0.9694658301195096 0.1732134808328375
-0.92199265592589 -0.2217947941738755 0.31738897091044127
0.3461159122269993 -0.10460698901626762 0.9323420113546957
0.07868147035327262 0.037973994681374884 0.5057813725524564
-0.48898782995426493 0.8531637725082134 -0.1816635971204472
-0.7559668951234211 -0.5183940641093059 -0.3997279040373206
-0.43520660172833325 -0.05813029141765145 0.8984519117013218
0.07742838904342127 0.062369149698510276 0.4817188207345295
-0.04872099592435235 0.7599139426791856 -0.6481941661651468
-0.9487497477828092 0.16767114089721818 0.2678822252448295
0.31225170139927433 0.6280255944996244 0.712799077544294
0.05719150688054821 0.013779617901340227 0.5537897153788457
0.35113018209194546 -0.35220453082800834 -0.8675590909147387
-0.22587611560812704 0.8673291778250826 -0.44353138808408854
0.9086733802968747 0.35169815066025856 0.22499132162087615
0.15405582655302227 0.03917486888091156 0.7314147832946128
0.9069117753681166 0.418548903357287 0.04823806923143885
-0.3668975842323081 0.8408571035485393 -0.39792680479296444
-0.20711330294128294 0.34318597722920396 0.9161482987610029
0.24421256048653386 0.05916684341409763 0.8062381519690278
-0.5512996803942191 -0.8250277586887186 -0.12408430016914081
0.6873047770921368 -0.5334212862994072 0.49302396150663524
-0.47294799208833666 0.18652072265105732 0.8611214502675629
0.3460133973174247 0.12870306717820296 0.8521126071663395
-0.6817925471011883 -0.7119316993477385 -0.1682613536814538
0.7164246321541116 -0.6032740247637878 -0.3504234125650349
0.14796920700250935 -0.35946218289765747 0.9213533361017514
0.19312485791442693 0.12035994533706976 0.9200955629824455
0.9603472856190538 -0.2774134495105084 0.02781725161903936
0.2787914689001233 0.9564831978638018 -0.0861058755569273
-0.0027199020862567714 0.09044677216090159 0.9958976618622158
0.09341689743716454 0.15007193427895402 0.8714889556972836
-0.9226433242164632 -0.3151587750953659 -0.22227036229979788
-0.28771631429176847 0.17872661117725078 0.9408907473058711
-0.2568049894393464 0.9320584105829468 -0.2555770550787664
-0.02462373686067798 0.012919098769911493 0.9820602805997796
0.5966167593007312 0.7936729989173016 0.1188706230190562
-0.7903980232316313 0.6067728746550154 -0.08424499982430853
-0.13899081633492683 -0.04369323162769946 0.9893293038459234
-0.05507241630012691 -0.0284967150688447 0.9759777562146854
-0.2013140342237823 0.9177513427619419 -0.342349513592989
-0.9038377363367432 -0.039327670734239796 0.4260633699295114
0.37755627802823594 0.3952013528667555 0.8374167432776439
-0.08160275069988815 -0.026091274193572968 0.9236188743130442
-0.8729348287070856 -0.43782771206693344 0.21515207142406303
0.4386847183186703 -0.8974423823253848 -0.04639516475564469
0.21340027464210784 0.05388438495530249 0.9754779838338127
-0.00545184790949187 0.12176772027626002 0.9492626330184684
0.9938918939390554 -0.06228600338294086 0.09110016859645809
0.10566276152429113 0.29886540841497494 -0.9484278831876256
0.03184710171711415 0.9522609605019198 0.3036213332114218
0.0920536901168863 0.01592346070899262 1.1205062516161926
-0.5235879973541118 -0.8439265423828823 -0.11680216752333869
0.6387231940772156 -0.29809986372700614 -0.7093437276228807
0.563815945047561 -0.4460078047912153 0.6951174280548476
0.06961802366438383 0.020946579745419344 1.0742170592464928
0.9752111637031302 -0.1961826944161772 0.10234366664014827
0.20878238346788766 0.9690235784865182 -0.13192162566155594
-0.0732927101119045 0.15001951561112817 0.9859630656218457
0.04329448615771818 0.06726797275848892 1.0554918665162096
0.9123487241060736 0.2516364617397908 0.3229533611367687
-0.40754521615162714 0.4829174196113971 0.7750465247577738
0.039070373895838104 -0.8387309264384137 0.5431424092638703
0.025399172329529967 0.11679770831945883 1.1641909925457363
0.6138553328896329 -0.769118529119697 0.17786903478683702
0.4869947489774693 0.19161935326956472 -0.8521259622950601
0.6213028052326561 0.6097036997841299 0.49218276694810503
0.028278943399910248 -0.021967701283361958 1.3171100987711986
-0.42459957350472116 -0.7898268900854245 -0.4425922430212125
0.8511302213126867 -0.18153906948547466 -0.49256462463926404
0.3086934512768083 -0.5858469829832565 0.7493276565989946
-0.03568431165769947 0.22501710566935978 1.2229254844855437
-0.6974092070125744 0.3813917209808804 -0.6067626435047814
0.4704855052823488 -0.3950022419292215 -0.7890599496870024
-0.5406139098289926 -0.8357712595870981 0.09603897521471101
-0.05089195877995806 0.160140828721319 1.2118107877103679
-0.8102822460562297 0.33412305788163094 -0.4814593555870966
0.5213577379366793 0.03579807497086984 -0.8525869540690184
-0.2676333111911359 -0.9418494484010406 -0.20320434650791044
-0.08640392001944763 0.033210777005651906 1.2248142641048807
-0.7361136922280088 0.07255315967227932 -0.672958070913601
-0.6426561788397794 -0.3869655520267562 0.6612486027982319
-0.21243605583394465 0.9192356044607468 0.33147736731067523
0.004986503847307533 0.06794367375298589 1.1884226501197785
-0.47606947556443363 -0.6075028689550837 -0.6358442878709273
0.8791468270982139 -0.3111816685066173 -0.3609240504534821
0.021399350772018162 -0.7308255835207912 0.6822287779567948
-0.091379282727411 -0.06576496504598292 1.2286974722607629
0.4105945488829809 0.892105812915909 0.1885688547670542
-0.9108407269003765 0.41085947780483506 0.03953948306750809
-0.04220189831903188 -0.18799126943062383 0.9812636273768627
-0.046541388281305426 0.020702480237072985 1.102259917479508
0.05450458467958295 0.9853677297129884 -0.16149148616070957
-0.5362166953661603 -0.10754862955283513 -0.8372006534461393
-0.8423187701360987 0.1322257301425695 0.5225087541351239
-0.2173269433444978 -0.13458646658946188 1.2867716156371312
0.2382977004664398 0.9199412121660636 -0.31132277551156845
0.29413586672156516 0.2371403565287994 0.9258772264854794
0.925579947129036 -0.31220516237427653 -0.21407744410219393
-0.0918607313191278 0.05708106131372334 1.465270780302318
0.5993661762065776 0.7362371633534369 -0.3141889673623739
-0.7865844920829241 0.6145039646572376 -0.060575179858603695
0.1484726912820277 0.2834435233588404 0.9474260199463025
-0.3672994466783206 0.046098351134811116 1.3809326224073941
0.2705762847884691 0.9624724612679687 0.020839767641478688
-0.17957711738303908 0.07172763779740483 -0.9811248605773958
-0.9458012651227722 0.2617275806472323 0.19224675418157006
-0.25487117001840753 -0.006186792627019131 1.4029844600802541
-0.6217619195210222 -0.0003761023018398869 -0.7832052092272462
0.7615675582320195 0.2331436430424974 -0.6046963439056485
0.1828267469815533 -0.9724426982696526 -0.1446738133110651
-0.40289693829490125 -0.07833551533028008 1.40673292128946
0.9876629935096152 0.08354649199701426 -0.13243971291156115
0.013716947952982837 0.7963652516326396 0.6046611079647225
0.1559881475055692 -0.5990186951662543 0.7853944556265345
-0.4758665339021965 0.023529069774968474 1.4652320933666618
0.6697224130512153 0.4839001612564457 -0.5633050003143175
-0.4253067761250498 0.8717558445821574 0.24321751711665002
0.6087578665052301 0.07668911583820488 0.7896415509288708
-0.4863695380693391 0.04085924400166717 1.5812355794552166
0.7464345456240308 0.5149624613812712 -0.42148502387167625
-0.6312327013967926 0.7484263389470834 -0.20347689842613953
0.2106675266276621 0.4179377425620723 0.8837122055382239
-0.6675863633539437 0.024911241062570342 1.483518654959282
-0.37637074296107115 0.3737369247605883 -0.8477403898098183
0.466836007742593 -0.7138657223265888 -0.5219770525236227
-0.8002553685544816 -0.5922137113753594 0.09420452665402215
-0.7068442611403546 0.10645947981094998 1.5236492664505288
0.7247722233393582 -0.6874863111387798 0.04546935499817536
0.6685632148999784 0.7177028944952625 0.19474501443816966
-0.16651825538016546 -0.11074654167657239 0.9797994083033215
-0.7634419140990768 0.02622684688903884 1.4821646148664092
0.5437065479295453 0.8324615621896644 0.10672217806278252
-0.7069984511019123 0.5228183485821066 -0.4762509009732705
-0.4522575009748374 0.18348799877717598 0.8728087407177951
-0.9160304291913479 -0.02216615154527349 1.600732956883869
0.5738549739617274 -0.6997227298180559 0.42553301558872103
0.8180197049640147 0.46490206399758444 -0.33868695736337723
0.039155749253631064 0.5424525769145278 0.8391735128778657
-0.8907700606359487 0.06453244445077987 1.5157570631298845
-0.6243069731982994 0.6523509458597702 0.42974222642140797
-0.7281925328932528 -0.685140849099321 -0.017831618635787517
0.2828020791058682 -0.32406709587713217 0.9027757855599255
-0.9180137280132277 0.05949294736214048 1.5210266951329399
-0.18948760937662365 -0.9296242784766083 -0.31605669748735904
0.9380887767594513 -0.2664615267793032 0.2213316422155652
-0.2899718525995434 -0.25454965816274483 0.9225625765440092
-1.044588033551439 0.03875898776945955 1.4631650834820358
0.21517506922005006 0.027811074328118312 -0.9761792026939176
0.9742823540823383 -0.07457181464480546 0.212632495909283
-0.06688193528880522 -0.9968279139262617 -0.04314182516319297
-1.0131552069672598 0.08917952513915801 1.4278480842869707
0.021555754851405283 -0.0726898546204121 -0.997120869205324
-0.8876241738895284 -0.4603450401186896 0.014370372274698253
-0.460064114611842 0.8847590779872715 -0.07444433665171198
-1.05508679999157 0.08876073798196554 1.4191748880904085
-0.25521893465770484 0.028070088683078642 -0.9664752550302997
0.9036817793793326 -0.34853546809437636 -0.2487598033981022
-0.34383442455645435 -0.9368748212377463 0.06358668253102336
-1.2510183136401172 -0.013600906001487272 1.5875773789145335
0.6343407426860085 -0.010963437086852336 -0.7729753955143746
0.3438142422200191 0.8995667752379779 0.26939184363949115
0.6923891107257815 -0.43664576846582415 0.5744019866617375
-1.3012229412269969 0.11377112413231778 1.5440977066844437
0.435818139631118 -0.4445261691069363 -0.7825974469082202
-0.7663192431736728 -0.6393027030293601 -0.06361950697195397
-0.4720361406558484 0.6274457534855408 -0.619268799566827
-1.294905892266383 0.1489658952959692 1.5471366746477206
0.5764873996407718 -0.7598004534473974 -0.3006068175899256
0.7699722739779904 0.6282781965065537 -0.11139796507367151
0.2735056724842296 -0.16724013177378616 0.9472201399444351
-1.4520274209398152 0.19012932402249436 1.4549136659788513
-0.16263358959219473 0.2704895599039528 -0.9488862804932529
-0.9176619655960839 0.31190544166327777 0.24619417519493622
0.36255670283099317 0.9107965065594885 0.19749168041900447
-1.5332156811175788 0.11350214117758232 1.3694400089696488
0.6509901954251442 0.019123424632092486 -0.758844915127709
0.4739477910207725 0.770644238612174 0.4260065268420009
0.592945647881499 -0.6369792135447809 0.49261815885083304
-1.5459642767006592 0.05100845805112729 1.3459031319237964
0.4445555216544361 0.734029764039096 -0.5133897501109318
-0.7624203955915557 0.009219350644929193 -0.6470153095403591
-0.47019569460451316 0.6790542439673493 0.5637384815795282
-1.6261783976184543 0.12019662507050727 1.3514417016898057
0.5249673473839279 0.11169315855609191 -0.8437613325705475
0.8456207873393667 -0.18097364392117993 0.5021687289512485
-0.09661055992526332 -0.9771248569050094 -0.18945509598998783
-1.6184407094870767 0.12570399077665256 1.3854258819902763
-0.5617567235558001 0.48303171084118035 -0.6716469055001882
0.7843462808661297 0.5691600508872763 -0.24669094675744654
0.2631153396888304 -0.665384346232042 -0.6985944322464659
-1.6912665461151621 0.12047768311875277 1.4393719070832007
0.6760975175841526 0.6223672222065372 0.3943994839380387
-0.6938188723460217 0.35759073471006714 0.6250950231318049
0.24800532585889623 -0.6962674944775398 0.6735769482971753
-1.74798786001511 0.04848958295615748 1.5509197454042694
0.5382038530648021 0.6417365471266764 -0.5463606376190574
0.4514149938608281 0.32794286846906334 0.8298659862995406
0.7117313350520285 -0.6932730051860009 -0.11318983641897705
-1.7022990209739262 0.17823669384304175 1.5710734294711812
-0.8245252190052373 -0.5593843292009921 -0.08512879329362995
0.4178749752937963 -0.5005605839613927 -0.7581680960778772
0.3814961716163641 -0.6607019346069559 0.6464775128536447
-1.5965751401609845 0.2546809641116948 1.4896730504878424
-0.8633540732763897 -0.07219405652617696 -0.49940740692891755
-0.4976526335706254 0.2854704404045729 0.819053267273298
0.08343546285557743 0.9556646429712113 -0.2823903681846406
-1.72124838745782 0.2135152571345303 1.3761614236202848
-0.2333330660545298 0.971814168641564 -0.03363983697797274
-0.7484976482295302 -0.15741633790568635 0.6441821977622326
0.6207302205817704 0.175488330021165 0.7641317702721376
-1.7339727506905254 0.25290438992274256 1.1740111478853097
0.7700275827289735 0.14156356674964427 -0.6221069916734042
0.6245083014962285 -0.36678137684915185 0.6895359358548749
-0.13056458775989271 -0.9194731355439749 -0.37083970967282526
-1.7403561348352952 0.3615762673221656 1.2676311282748587
0.1475396140825538 -0.9484867594556409 0.28036433518363674
0.41430257352336075 0.3166666339795411 0.8532736479847085
-0.8981007292427748 -0.00973564244991981 0.43968172760193497
-1.8543185520691972 0.33488340280975337 1.0814693537047342
0.9858434532826925 -0.07992269485340316 0.14738882527256644
-0.10427814061917684 0.3960892493536468 0.9122717110830215
-0.1312909051298708 -0.9147267005208154 0.38214844792096986
-1.831680433483641 0.3192905208956665 0.9805979019995338
-0.7204649046881202 -0.11204835761906212 -0.6843794156853289
0.6114097599399404 0.3630946049551049 -0.7030931057494828
0.32727487834500574 -0.9249907481130715 -0.193089603258982
-1.8384149269691152 0.4168937076871708 1.0301514502169569
0.8288910288708831 -0.5553020701946586 0.06765794179394642
0.47043570776178456 0.7573851123365045 0.45283304852744777
-0.30270274566086997 -0.3435208276293781 0.889024988771464
-1.8762667537486453 0.3534497289224619 0.9582407871951978
0.2953294497630005 -0.8780843525208638 0.37649527299691177
0.8841189540141166 0.40053609066751056 0.24063557541818534
-0.3620977370739408 0.26179972878110935 0.8946209437866214
-1.7283480921700833 0.4868385853384944 0.912942746444468
0.7996594156242779 -0.6004517336735313 -0.0013878192003251983
0.5928284650687868 0.7898709800865643 -0.15702686387657422
0.09538303393210272 0.1247457194824073 0.9875933724807562
-1.812197857212052 0.5081919833184101 0.8899544864886018
-0.10056096777140536 -0.4527515357180937 -0.8859476071371784
-0.16336516785921756 0.8858899356039126 -0.4341792441314219
0.9814275579021348 0.10107170342004308 -0.16304994372312073
-1.8621954110591363 0.4888552838934874 0.8182614142651242
0.4973335972884618 -0.8461101922583606 -0.1917198292535857
0.8336133807247379 0.527271242480309 -0.16453959224936215
0.24030740960636732 -0.07798855485946234 0.9675588934622678
-1.8100230998660658 0.4930247665683754 0.7948493914593506
0.206659519427028 -0.9027199026858176 -0.37734238358090505
0.9688904327494396 0.24249327597916046 -0.049484907928624935
0.1361741628678348 -0.3553762321853941 0.9247513862634711
-1.7235852304082213 0.383350274845862 0.582215417599443
0.01947718863896503 0.6512789988971229 -0.7585881804290397
-0.7266329154817385 -0.5119368658184492 -0.4581755993193935
-0.6867493639084272 0.5601394847219091 0.46326964810774757
-1.9438613546932904 0.27516532999314225 0.6608300650514392
-0.028635551474073425 -0.9831428117552565 -0.18058378618043922
0.2516421539010979 -0.1819290197864009 0.9505667531991329
-0.9673973770719665 -0.018222282484393882 0.25260938456488186
-1.88721897610963 0.20649003835497431 0.6092611089080354
-0.9138883541233107 -0.3906345670035055 0.11050383758280914
0.3968057249233116 -0.9170341254295786 0.03991449897519812
0.0857438813661726 0.08032606692670277 0.9930738713494192
-1.8464250646068194 0.35901573213370824 0.5297681199990019
-0.4276790580636961 0.5891370137787987 -0.6855705787761197
0.4951202589870108 0.7872185544261753 0.36761672138531565
0.7562720195855855 -0.18221912908784943 -0.6283711056935296
-1.9089110382199335 0.3289167534335767 0.3004791478188648
-0.21936234580670827 0.6990204449153995 -0.6806244317618102
-0.8453179029521222 -0.48450240823652163 -0.22515472660143424
-0.48715284576513446 0.5259539881397959 0.6971767899295165
-1.734657827672853 0.33211412411497754 0.3114896873228906
-0.3009050703687289 0.8694613572149713 0.3917809066651022
-0.8461042689139613 -0.05387215344509276 -0.5302888623121795
-0.4399599356717274 -0.49105450850622995 0.7518656284836616
-1.797011641265453 0.36917542497836986 0.1637836650814407
-0.17560059089584198 0.9124341415413758 0.3696310056175267
-0.5759658828839216 -0.39971934517706265 0.7130835123940832
0.7983908415135826 -0.08767648179984006 0.5957219775236771
-1.631459843123984 0.21832437859376744 0.08253353395561602
0.42404473869933296 0.09107768144926642 -0.9010490718450835
-0.0624663984655742 0.9955019421641751 0.07122753441724529
0.9034841730290203 0.026081579557789104 0.4278273883846569
-1.497641709853925 0.2921262889581868 0.08679299946177765
-0.002598684752006511 0.6607772756949039 -0.750576686191774
-0.20278348178344263 -0.7353331387569713 -0.6466558895587027
-0.9792205847643126 0.15052448762727147 0.1359056508897262
-1.40964349313651 0.2819273055100407 -0.03534751515957674
-0.5435170750215692 -0.8279977615303711 0.13787334214499594
0.5413528822238881 -0.22024056439060466 0.811437849234893
-0.641503619255751 0.5156683085194622 0.5679437103254205
-1.3251690623804875 0.34835957664031814 -0.0266503761165928
0.4331225849393163 0.21274110286519335 -0.8758685104829149
-0.7447201415395333 0.6318675815269399 -0.214793660084491
0.5077372901501113 0.7453089400073722 0.432108619391469
-1.2898104429530242 0.321726363036613 -0.09235099640255119
-0.25923306942461 0.7201807895799018 -0.6435353160567768
0.1310181099502992 0.6863764820931989 0.7153466427621592
0.9568871435345813 0.10112635750930955 -0.2722886954262385
-1.3017384927297526 0.27415442576150967 -0.05381817427716799
-0.34067182903437687 0.9397441361417489 0.02868623404114107
-0.43259261904137614 -0.183765947843776 0.882663139343694
0.8347495758990222 0.28828914315240234 0.46913097208516635
-1.1820463755515542 0.3861495264803877 -0.12072271236206975
0.5481817976316284 0.8076100415006999 0.21739690020017952
-0.7705902891879997 0.5887495730669673 -0.24405700875805966
-0.3250958271655183 -0.03373645930943794 0.9450792412745448
-1.194504319224218 0.3137024476600981 -0.22273502917431298
0.9396535917231473 0.00764384479468885 -0.3420409320206987
-0.2221647288350488 0.7739195433581955 -0.593035830507865
0.260179431892599 0.6332379369002555 0.7289152362618103
-1.1225775673855285 0.2515148824169021 -0.25784343032274115
-0.2193050878682515 -0.7953578153536873 -0.5650758011445157
0.4027323323405313 0.45373484698046457 -0.7949409547163846
0.8886573158820569 -0.4019093272968228 0.22080995798996972
-1.1592665310376171 0.32922993367978437 -0.3113887675154052
0.21458760378677164 0.9765194932283883 0.018996265687231274
-0.3789206346377656 0.06530914989815338 0.9231218047463022
0.9002069461372592 -0.20528880105818095 0.3840373917523978
-1.0619865050296569 0.23158622893495126 -0.27046383799539186
-0.07579544579959867 0.9784377257639018 0.19213130757971542
-0.628045921800654 0.10281579478746312 -0.7713546743826964
-0.7744760318759653 -0.17913263698868634 0.6067106350847102
-0.9097672321404848 0.3056015756928404 -0.41885433996713484
0.036974456273842965 -0.9993061460262662 0.004306709196032194
0.8547304867978941 0.029391687888971965 -0.5182391340344557
0.517754104190613 0.022842732647942805 0.8552249248740845
-0.8820198970605537 0.41308291102984485 -0.40479351706973105
-0.40101167387429293 -0.8311825139818807 0.3851292311224856
0.9127938880550411 -0.39808773794388647 0.09128764178360636
0.07743929652851694 0.38815109204153925 0.9183363248243245
-0.8135245969517733 0.41424197279500347 -0.29702157668678497
-0.15064359725148255 -0.3724810768592408 -0.9157309462102609
0.7591364511929712 0.5497752099817252 -0.34850853420401146
0.6332602029075973 -0.7476663292713517 0.19994334815264642
-0.6525688748491733 0.48788286143978965 -0.22192248929762867
0.8621001739085762 -0.3981907382743637 0.3134123079166007
0.4008688848164158 0.9142413259204606 0.058879575860894554
-0.3099795186878599 0.07487698978237749 0.9477907787575118
-0.5275658368160919 0.42297723160285877 -0.14617039953565625
-0.5764980465049835 -0.603192614753274 -0.5511871081000531
-0.6679369793168256 -0.04066068622524701 0.743106038598512
-0.4706483699430426 0.7965581858784818 -0.3794540749837526
-0.36675204597335354 0.4784340779380009 -0.04439320881637245
-0.2233738106423416 0.4949064615466605 -0.839744801249202
0.9746062288330032 0.12725888630151205 -0.18424726744294073
0.015679307789697748 -0.8595770202503265 -0.5107659334261057
-0.24613105098288326 0.4304607416777025 -0.06766878739491168
-0.10563190499521768 -0.02043109913312013 -0.9941951417583184
0.7588846638664541 0.6444231726322764 -0.09387363193624981
0.6426009319730045 -0.7643963517371344 -0.05256702851585758
-0.3003896101075843 0.33170761599289017 0.004864252251896958
-0.02497501380615283 0.020673378778775228 -0.9994741903632772
-0.9789492559620837 -0.20309453781347633 0.020261310405832775
-0.20256939499081617 0.9789410493711435 0.02531054518704066
-0.025385404967761246 0.5824711789033254 0.13845358907159255
0.9805487891504967 0.15352943277316305 -0.12227500898852571
-0.19598678210621925 0.7994438158031804 -0.5678718647227419
0.01056738370778501 0.5807910176144158 0.8139841711291554
-0.06854404700648918 0.5052036581160209 0.0036764392907286843
-0.06182222408409916 0.9352666451286037 -0.34850294604456206
-0.7449308602995268 -0.27562577260325605 -0.6075425521545939
-0.664270899880627 0.22205060459276138 0.7137493196777791
-0.026289690970805992 0.5661355769546577 0.06651465913480767
-0.0641356662457226 0.9801922755604244 0.18737559565647646
-0.9970868040806384 -0.07070641684319527 0.028589483471091158
0.04127194780645361 -0.18499551177402648 0.9818724755111509
0.1410642684465173 0.5430815581175007 0.011721312777748835
-0.34768708518340463 0.9066945121567599 -0.23878325810409168
-0.830572043306859 -0.1796731647363884 0.5271315164495748
0.43504491582355553 0.38160400720478727 0.8155456038026068
0.0986604072294891 0.6191457208658309 0.027722370443257992
-0.18839032789007681 -0.8928576994717033 -0.40903901967618644
0.9811335322192557 -0.15269123128635062 -0.11858085848173956
0.04341908683225083 -0.4236619607825401 0.9047797038637644
0.05749955167133793 0.676712869864473 0.1208615033162146
-0.7276525956305225 0.44384712571946217 -0.5229909053310678
-0.633639493331607 -0.7269485739527415 0.2646622006568152
-0.2627190621640186 0.5239708364841886 0.8102062207221375
0.22124029150925942 0.730450262793816 0.1951655692226502
-0.3450750368594487 -0.910818273760692 0.2265652150900459
0.35533234261516716 0.09664707861754056 0.9297298496464788
-0.8687133007063484 0.4013326542060629 0.29029264880135486
0.10352888054726984 0.7686305065911218 0.1979273597751966
-0.11518166856071063 -0.42918796249547875 -0.8958408607014731
-0.9572547984454043 0.2888406176285065 -0.015302504343723147
0.26532241584009775 0.855785736080347 -0.44411127215383617
0.02851116957438805 0.6725434494334556 0.10288434063790984
-0.4558035242686396 0.4125583657697776 -0.7886943577836929
0.8316833561894867 0.5130764554972265 -0.21226166042325595
0.3170902858073817 -0.7526943002493172 -0.5769805571549796
-0.08348524088549092 0.7080122143394384 0.30783652372202813
-0.9869673381697834 0.1364255723619103 -0.08533943318762402
-0.12398930907590879 -0.3066705087736185 0.9437051108569151
0.1025750081104091 0.9419879076264004 0.3195887429320702
-0.10162389428994238 0.6282437875406139 0.38531514976966424
0.06935127533394661 0.9347733538747645 0.3484088465005746
-0.6289100039702095 0.31207182448311693 -0.7120975250147976
-0.7743787516932903 -0.16973309659717128 0.6095312471454799
0.05870727431602284 0.6201448911882399 0.5533148030128431
0.8315389973012183 0.5364202058732237 0.14420552069967948
-0.5107115782497266 0.8404215006399599 -0.18128634603020716
-0.21843886954563174 0.07709967559036145 0.9728006664468368
0.05765571063421008 0.7678688919302913 0.5425117773038515
-0.08863007482740767 0.4185178943011844 -0.9038734277738002
-0.9144863673340609 0.3254755036806415 0.2403753533816472
0.39478988650802505 0.8478846426965914 0.353882394710191
0.14563030470622434 0.8465576764817765 0.6397786375619507
-0.01605370867071565 -0.9747499110638624 0.22271956386680952
0.43389085925735366 0.19389105223577494 0.8798555007550848
-0.9008226024625838 0.11076089298924474 0.4198219953644674
0.18792327348365262 0.7267063682168721 0.5350678134518638
-0.2762686744858627 0.6637199960525096 -0.6950904828444423
-0.21688705477963985 0.6615262925601875 0.7178732570479381
0.9362887083718807 0.34908224027963286 -0.03880667249748021
0.21108054428318423 0.6658626415548097 0.5555739483001879
-0.036553438202940894 0.9640395225550153 -0.2632330571304591
-0.8953983546890553 -0.14856470427759905 -0.41974957057158924
-0.44376238667206264 0.22035532669313782 0.8686303993696598
0.253059913946472 0.7330688325820734 0.7618041336281544
-0.7573083688396077 -0.3340515897506435 -0.5611539795336473
0.6281389877939292 -0.13749732671053702 -0.7658566253101956
0.17867932558541397 -0.9324716990272581 0.31395885121124123
0.23847227199888094 0.7521215342684481 0.881971011296779
-0.242626824065014 -0.517439247276515 -0.8206020860186275
-0.5920254554703012 -0.5911297721104493 0.547787182119188
-0.7685291776629674 0.6187264823976505 -0.1629137960513105
0.08314045534838935 0.887276689784025 0.9431145917812813
-0.9583331517868263 -0.2723765247005045 -0.08606805350932972
0.2856485535523127 -0.9124924216118121 -0.29285107638315977
0.0012297410863858563 -0.3052343605740977 0.9522763240344725
0.11409768417733364 0.8344033933443467 0.9027068805902638
-0.31590376503793094 0.20087304548563295 -0.9272830938126267
0.2508677354096746 0.9602329073492406 0.12254568939393808
0.9150250949071502 -0.19391217882053408 -0.35373453830130985
0.0933862764682918 0.8477603702345736 1.0336710106656506
-0.8489680515010285 0.45808663231093233 -0.2634552930286069
0.09519080643040313 -0.3578271640347351 -0.9289226813309563
-0.5197991158055848 -0.8137050551233092 0.2601787113673793
0.2098536106540239 0.7403349229793621 1.0145658456178315
0.7320321911564986 0.529610757730148 0.42853209799829894
-0.6600756799223311 0.7070445800631929 0.25374620306705
-0.168604677835244 -0.4686142255507439 0.8671639616381877
0.2160281159151734 0.7361262349349316 1.0162880533098084
0.18396436869247457 0.6765836254130785 -0.7130153098809778
0.000787620882651894 -0.7254977557297109 -0.6882237110730408
-0.9829332847759741 0.1260469642374225 -0.13399824433194119
0.2288068331618424 0.7715076965993698 1.088019065545119
0.27436764730039814 -0.2458448229061167 -0.9296672882349866
0.8654450172749717 -0.358312219615135 0.35016714687956096
-0.41919861411671294 -0.9006509548754548 0.11445626783435305
0.11098700031037463 0.7710697472127233 1.1030888192333335
-0.9667537021639134 -0.07154825120436618 -0.24549209566753394
0.2557032584854945 -0.27493336080030095 -0.9268373384647426
-0.0011804350819782613 -0.9587977127298835 0.2840887429013614
0.08841550039732682 0.6524919948567981 1.2033019375034741
0.22964228679579532 -0.7230896002415724 -0.6514636685273019
-0.9207910720315514 -0.37824556539145004 0.09525200807472146
-0.31528986221694466 0.5779885996657055 -0.7526764521927836
0.057057988849576996 0.6698883277348175 1.190667641232363
-0.8791887089630556 -0.37628013138584715 0.2922998721380221
0.44513748020208904 -0.8674494287438068 0.2222232101032847
0.1699369898436266 0.3254903738952757 0.9301492958273438
0.09997734459949136 0.8346831197847753 1.2746630118704618
-0.3351080491006075 -0.8376050504823083 0.4314160939554573
0.5048073095905994 -0.5462412602321597 -0.6684232805102266
0.7955321697868832 -0.006212045950784067 0.6058794517511235
-0.004583906293573404 0.9702189063507568 1.1565734139031594
-0.7186327107390797 -0.47862436725591945 -0.5044652224451794
-0.39623601595410407 -0.31431550451861784 0.8626717112430363
-0.5714580348491488 0.8198313437840345 0.03622924690715536
-0.005231466443659398 1.0197545735022415 1.2563307999970672
-0.814433363034441 -0.3060765033115224 -0.4929654235998998
0.5658815082776956 -0.23102217959942822 -0.7914584333700672
0.12836098559683923 -0.9235505479450506 0.36135492109799194
0.0966661544022781 0.9397005239659203 1.3501254759858763
-0.7235452243167848 -0.28489246153986014 -0.6287428332806894
-0.21500003691815128 -0.772534936780633 0.5974644361415914
-0.6559397877045294 0.5674734451588768 0.497712431075723
0.04221123158031134 0.7859261153556275 1.3642336209671757
-0.389781152721722 -0.8308338348765872 0.3972228431150005
0.8361014650186853 -0.13847158387769698 0.5308100885202476
-0.38601066741612594 0.5390188400103547 0.7486350648033806
-0.04769038688839327 0.7828345024242306 1.4625854164732568
0.28579585977970384 -0.7597544409943129 -0.5840312698601157
0.4862395178088414 0.6401401994309901 -0.5948041832076959
0.8257679465627867 -0.11398731870594064 0.5523721447929825
-0.07157738712079101 0.833998502525663 1.37956457341008
0.2416087493311815 -0.3569713515566976 -0.9023279857083456
-0.6006631016521232 -0.7853332074129469 0.14985275109996407
-0.7621215129336532 0.5057899315462409 -0.404163308132096
-0.13948132871116437 0.763138139491808 1.2321668660317289
0.6670352953674809 -0.20233600124086845 -0.7170230967402479
-0.7099423649746559 -0.4644801094475893 -0.5293770290259919
-0.22593161123929487 0.862159443219814 -0.4534720882670344
-0.27151863481878674 0.7974509620844883 1.5189639377737891
0.8053227698832267 0.02354267068439161 -0.5923690459144507
0.3199766266879497 0.8239072552170003 0.46775245097182483
0.4990695555380248 -0.5662357905972375 0.6559779531247942
-0.2379421024238373 0.7225637010150473 1.5661876501865115
-0.33324070802574396 0.15812411111792485 -0.9294871601643475
0.7071927810685531 -0.610076857605994 -0.35732962322922035
-0.6235617560041562 -0.7764044821298652 0.09147864348347967
-0.2208286497483113 0.7640846154641512 1.6068215391065754
-0.9221213347545754 0.231935699477135 -0.30967211663027133
-0.20587937197571698 -0.9718183156114335 -0.11481278084883932
-0.32757473717138647 -0.04211611667803207 0.9438868018375846
-0.25369983081676933 0.6881727193228453 1.567883522049168
0.8615891603484097 0.04518777741679527 -0.5055899464555716
-0.4548763377219108 -0.37331466748694137 -0.8085310132800928
-0.22528006391772565 0.9266034712538872 -0.3010899137320827
-0.38752157527686354 0.7867704925880858 1.6407878483129534
0.4749508006322184 -0.8791770923466256 -0.03831420025412621
0.454901089798827 0.20801201382386814 0.8659066845582467
-0.7533163830289406 -0.4286930637568559 0.4987346891869419
-0.45837449520509155 0.8242785527706339 1.563928796389034
-0.16814586149656607 0.7647182390630719 -0.6220396263728286
-0.8302966256275831 0.2302688553430714 0.5075265604841968
0.5313509757886742 0.6018159269527614 0.5962247273889509
-0.5352357037284852 0.8052738095426769 1.4303990053829934
0.5435189239147366 -0.35497394105844204 -0.7606443921620095
-0.7386862252842232 -0.6326496083868679 -0.23258630056502633
-0.3986597321402225 0.6882934632475671 -0.6060718885324429
-0.7038884546786831 0.771074391872787 1.466864290482394
-0.8312751061418203 -0.46444737065020697 -0.30540188980807226
0.2569000081377837 -0.808228142893573 0.5298771308211623
-0.4929348812788521 0.3620166129582869 0.7911761280343739
-0.7609045479193257 0.7701978042387548 1.5605872389599096
-0.7514094451641075 0.3113536175931806 -0.5817576521963136
0.5474351410852455 -0.198051177433161 -0.8130746998895915
-0.3683715911472949 -0.9294270744755193 -0.02162823108935742
-0.8213321883612624 0.7582341768193201 1.5013189660577353
-0.17181998236663218 0.8768271013236014 0.4490558649760041
-0.7910996011453719 0.14883205867494373 -0.5933043948783862
-0.5870599115194041 -0.457190129774581 0.6680857033389178
-0.904260606392217 0.8193766075022473 1.5412328770627723
-0.33500967508480334 -0.3410075178328719 -0.8783402350644527
0.42763766936893954 -0.8856935274538735 0.180755945041194
-0.839580132889491 -0.31505567691102704 0.442544394951525
-0.9485225295295951 0.8138692154538913 1.5232960667184183
0.12802469738336866 -0.6570672926735351 -0.7428805420059208
0.8669581138512515 0.43792037422853186 -0.23792641513488821
0.48165697072144004 -0.6135858215147993 0.6257152873619233
-1.0341251562543254 0.7900921079796611 1.4988410009719924
0.9872350744273142 0.13703092561014243 0.0811734471573742
-0.1561507299045786 0.7323896326756505 0.6627387117528939
0.03136539721889071 -0.6669546369719084 0.7444382281526266
-0.9892666927358491 0.7733714809677155 1.5151243990483874
0.9707632672635431 -0.02865279581761108 -0.23832188255171236
-0.2178285738838436 0.3119528073573972 -0.9247897257033659
0.10084299850446579 0.9496656463010089 0.2965915667383514
-0.9837415647796646 0.7919348542692539 1.5815094088493387
-0.4116791897172864 -0.8948392754158898 0.17257843768997913
0.4089452126391582 -0.012159003150529953 0.9124776456409892
-0.814422760667768 0.44622313663278773 0.37094664427477825
-1.1198817558435683 0.7182322697178365 1.5938204169192534
0.7762808278750477 -0.44195341178563746 -0.44951529321760053
0.5539096912730765 0.13778642747883396 0.8210962666678276
-0.3009491840648006 -0.8863926224674831 0.3517632177741497
-1.2457597298596934 0.7061952938968745 1.654257130613332
0.48076143860296744 -0.7884211250776965 0.3837436913807644
0.6608448798079181 0.038143230035179033 -0.7495523834375049
0.5763261041759717 0.6139511343796463 0.5393625725266373
-1.231563107642999 0.8298597277561109 1.5525174725149933
-0.028783359031915683 -0.8728809802534305 -0.4870824688392566
0.4517408060327789 -0.44604403348987054 0.7726410018840478
-0.8916846362237733 -0.19779608681422006 0.40715526331867813
-1.2565097447290696 0.8703547949728327 1.540119634480288
-0.8304501702562123 -0.5214126558458946 0.19616623276918768
0.3106003258088243 -0.14103773274789036 0.940018702326298
-0.4624706073151307 0.8415684981320967 0.27907539601987585
-1.3989467287284356 0.8235059212309003 1.4525861997814238
0.43624385859552867 0.009843230120878253 -0.8997746038153474
0.47626069679801597 -0.8509223104144504 0.22159975006145216
-0.7634581563684477 -0.5251989725539712 -0.37589794734754556
-1.4269378963350696 0.7778814814274498 1.421523694497367
0.02665615479226293 -0.6266596306906383 -0.7788359841658996
0.9995160807215254 0.02917432488085303 0.010735185837983672
0.015994673219169423 -0.7787462264924153 0.6271347703838547
-1.4683873703994454 0.7623222099648922 1.4430136405605554
0.2448308408696129 0.5527549007416085 -0.7965664189376239
0.04314367940399753 -0.8269682456576173 -0.5605906051399739
-0.9686051297198057 0.10288353283077033 -0.22631530806420322
-1.6119354524204668 0.7949309970883802 1.3535051825773345
0.23543629971891314 -0.9292006379091152 0.2848777316617461
0.5324293642964708 -0.12190555141528589 -0.8376499285376011
0.8130734949281445 0.3488901428568809 0.4660327331072269
-1.5896879864164661 0.7168169324281011 1.4042748817832778
0.004517226601427693 0.8373792131522879 -0.5466028675774275
-0.9767671899399825 -0.11341879341027564 -0.18182604465343227
-0.21425261083593083 0.5347260683079391 0.8174132731624146
-1.6803623851036955 0.9090062225234735 1.4393082118735492
-0.2947134843612405 -0.44984963829351465 -0.8430768422862462
-0.7100345394506294 0.6935426309225843 -0.12185493860442534
0.6395261872462967 0.5627017961234523 -0.5238056252884228
-1.7109296089806638 0.7855401565127443 1.407652369973168
0.045967622751553396 -0.7454406317446198 -0.6649842169998533
0.9873462922607774 -0.06723197117496528 0.14361794819580767
-0.15176704316754125 -0.6631726237365204 0.73291811663211
-1.6339212705552972 0.8516661265461744 1.3775795555995474
-0.4198288049921012 0.6439456132487912 -0.6395914900025224
0.8547576654175215 0.5174777629229124 -0.0400625985941774
0.3051771164202818 -0.5635152749040251 -0.7676703622179728
-1.679810739962011 0.8685139232131048 1.2935417246612417
0.06980633399484483 0.9144377081180587 -0.3986596624819267
-0.8267703732687323 0.276652226877563 0.48980928641082766
0.5581910537880586 0.29540781183663206 0.7753433793510421
-1.6430999581223658 0.8614022266221063 1.2115108444779707
0.031124487704348194 0.6023046859431731 -0.7976587443596976
0.30806445057566917 0.7534131306250348 0.5809163725075166
0.9508563331841094 -0.26381184682706954 -0.16209999096099084
-1.8439355308345866 0.8531055000228308 1.2290354053394732
-0.23475041804128263 -0.021180874489410976 -0.9718241018012931
-0.5275363306465387 -0.836950261542892 0.14567073558936353
-0.8164542260434353 0.546869631064551 0.18530089075045558
-1.7976078748474358 0.8497710707218963 1.0331088329220397
-0.3423911028311854 -0.6016029814851308 -0.7216927666528381
0.13428094103592284 -0.7915685445327509 0.5961448907203123
-0.9299126863318233 0.10720456292100258 0.35180957822335146
-1.9065937945891902 0.9166730125808371 1.11249487472403
-0.3656389476068605 -0.9250275616327847 -0.10310719054276073
0.9258484843317552 -0.3728332729386772 0.06163812522253613
-0.09545903749339603 -0.07292418809636926 0.9927593428426519
-1.7748673965893567 0.8530469372230849 1.0326751094531994
-0.3398125995693864 -0.48546542121505426 -0.805512163741422
0.8811307583500256 -0.46379887850509327 -0.09219078988620154
-0.3288411515419893 -0.7410897436998672 0.5853634874955634
-1.8351175301187972 0.8517528228507323 0.9021819111139988
-0.038172044385015515 -0.9672342489712411 -0.25099748843880054
0.6785371771565588 0.15930485052805773 -0.7170832769147627
0.7335732257497072 -0.19768401897515311 0.6502244734074721
-1.87059710978086 0.9998585781030205 0.9331450840219645
