1.0 -5.278588039881629e-18 1.835411259571579e-18
2.1629113038853533e-18 0.9999999999999999 -1.6687932656351827e-18
5.325419946412195e-19 2.965771420305194e-19 0.9999999999999999
0.0 0.0 0.0
0.7020548724318287 0.20904985024322834 -0.6807475125944156
-0.7073034669821195 0.3157278006520516 -0.6324856753768706
0.08270989076419893 0.9255340746341911 0.36951909983889697
-0.03442710780560723 0.08034429076320966 -0.06620922639469404
0.2224801665040607 0.07435446598247518 -0.9720972090471856
-0.11953144630427948 0.9916461250046724 0.04849301024831243
0.967581335313183 0.10540653751539243 0.2295081975666024
-0.07262723297260831 0.01189395155042893 -0.143246629283254
0.9533870677568864 0.07848915467325043 -0.2913609553159484
0.015487978136444031 0.9515765136981823 0.30702293195456043
0.30135081459194685 -0.2972241137011799 0.9060047077123979
-0.10384641832807312 0.07311565523238481 -0.20241139096607907
-0.7284131397960587 -0.10950659411359372 0.6763297651114085
-0.42253297352161673 -0.7052693525553777 -0.5692638463547541
0.5393323956577846 -0.7004306808350694 0.46745646603074603
-0.19450522876884851 0.058074772783624315 -0.3566611869034003
-0.9000411342425504 0.06002387117267979 0.4316514021297631
-0.3094969363346571 -0.7853534450885981 -0.5361260594492299
0.3068192265416225 -0.6161302474486852 0.7254272878518823
-0.05355391332911774 0.020479406492772783 -0.3378128943205314
-0.5452645372157436 -0.7973700409087975 -0.2586257591418345
0.6831126031640764 -0.6014822292209275 0.414218337239045
-0.48584400958009116 0.049187968684244944 0.872660236169445
-0.025683433311102694 -0.11366833361655106 -0.4539599955805549
0.5312043627676976 -0.8461784134578759 0.042472704882191195
0.5157075416328636 0.28315640410446363 -0.8086210922840237
0.6722116832950379 0.4514465382820769 0.5867941412789546
-0.11395152216565266 -0.13716587605162767 -0.40583871479791805
-0.3636704447659523 0.6575243212459175 0.6598513359103891
-0.40824230871677974 -0.7492050043734547 0.5215649838400133
0.8373064384736584 -0.07970152800471159 0.5408925705163113
-0.036479333628222144 -0.10673690518466046 -0.480074414749866
0.2406044028160616 -0.9121783553169922 0.3317207599597523
0.17003558820956605 0.3760881590162625 0.9108491475128501
-0.9556135512489897 -0.16274990892752214 0.24559108579995112
-0.1588460276075587 0.04441462729602022 -0.5887450887055692
-0.5291822839675682 -0.8071827345221967 0.26157836294980463
0.5800561959132225 -0.11914483415109685 0.8058164700981612
-0.6192748316039017 0.5781532834601708 0.5312598660032948
-0.12278812193272627 0.006651966619789116 -0.6342982014767844
0.5020458316524627 -0.5575777794020027 0.6611016501527177
0.33837001229992447 0.8301238276708924 0.44317087991306486
-0.7958987227112894 0.0012047867179084393 0.6054279460527271
-0.1860121895766324 -0.055201980155185904 -0.5837772111919004
-0.4927575847636194 0.8066696061061973 -0.3263037040857081
-0.8535009579032271 -0.3750111063173057 0.3618066285012305
0.16949019341629 0.4567826503157746 0.8732820865825466
-0.16626815227880165 -0.06031639823069189 -0.6419701383386796
0.7881571832829329 0.1063103879222396 -0.6062228929951284
0.49517595470350356 0.475438853785979 0.7271588491428531
0.3655264514735084 -0.8733020265671417 0.3220782136388511
-0.2731001543168094 0.017300745908161427 -0.7088552967896418
0.11039244454376528 0.8367887294653026 0.5362802896461691
-0.839487063878373 0.3673515772734544 -0.4003936034003688
-0.5320481588544562 -0.4060000180586879 0.7430259209526868
-0.2086690054717035 -0.04354180211945593 -0.7705729906743529
-0.08585306135204689 -0.8619895477492964 -0.49960236776302996
0.25826095987414804 -0.5035684096098486 0.8244518287847785
-0.9622526235136326 -0.05824632324448543 0.2658506599183518
-0.0794726000230612 -0.09025817287433094 -0.8850254276502753
0.7079813234019703 -0.6750244232869177 0.20761590155126383
0.22839718495714864 0.49702613282177505 0.8371378151898814
-0.6682794903534449 -0.5452591227888136 0.5060585821798577
-0.021662419070515214 -0.08475453640623326 -0.8434666683631856
0.2055545512879181 0.7701828218337489 -0.603791789680047
-0.198468554833478 0.6369537517580687 0.7449168363832647
0.9583095866240509 -0.03328789054008474 0.28378586330611416
-0.10854486257172681 -0.05109102171965384 -0.8523706658664696
0.37099342737044605 0.6911941513807321 0.6201723273019841
-0.9286272060514786 0.27896957328232763 0.2445976283824913
-0.003945170889705144 -0.6666530648166971 0.7453577952455169
-0.16892361924571872 -0.13151375967774215 -1.031770835358745
0.40773120075679803 0.8744511888152762 0.2628518963084619
-0.9093668890379176 0.3628639112889343 0.20342533783172265
0.08250656762301734 -0.3219717074028519 0.9431471294988379
-0.08038121363760534 -0.12423261989196378 -0.9386218913939655
-0.5604960741971027 -0.6045627395267557 0.5659929045080596
0.33672380189473744 0.45802861968641656 0.8226953597997526
-0.7566108608358085 0.6517010208354477 -0.053152165430794304
-0.04416358207156842 -0.040554689990221604 -1.0376181214856461
0.20300655315822347 0.9005155480117114 -0.38452595904308834
-0.9622425011989111 0.2561909817991666 0.09196181896682287
0.18132493270557642 0.35133829669063815 0.9185217253996082
-0.030415343198093997 0.02661234519000071 -1.2079831858400227
0.5690597071461009 -0.7710829068498414 -0.28566012256650974
-0.01501899463235154 -0.35708195751077115 0.9339519868701212
-0.8221590486578392 -0.5271840398590485 -0.2147816622647324
0.06530818611616514 0.10116544127476368 -1.1842406493778308
0.29590316422550866 -0.7138823892992026 -0.6346750092434326
0.10968316796163949 -0.6346427065441151 0.7649825946912362
-0.9488997280815419 -0.2959745933613543 -0.10949156314825191
0.17216075493520852 0.1143889337698008 -1.2147453062849602
0.9867988020009612 0.11792200655620177 -0.11100739899188507
0.12540395701404664 -0.12263485507956659 0.9844972925873422
0.10248084185855931 -0.9854209112931037 -0.1358032233331075
0.2358948559566931 0.11910711536078512 -1.2875517269457486
-0.7115197897774003 0.5606400290239368 0.42358223493315283
0.23775335498754058 -0.37517767803792756 0.8959444711569576
0.661220267098389 0.7381895865741578 0.13365241477269021
0.09661554503050356 -0.0770384535654377 -1.2458343582391367
0.5429622300726 -0.8300001259439869 -0.12763722144798012
0.3409120982654999 0.07895806822485335 0.9367742206498954
-0.7674443821751721 -0.5521449008809829 0.32582825312585906
0.11935569965897304 -0.29593474782037266 -1.3682731018954366
-0.8819235122829338 0.4605870310431679 -0.10034867732216159
-0.42350075866576203 -0.6806739486992236 0.597771070319398
0.20702047097530812 0.569686520948719 0.7953613016419129
0.10940541025622216 -0.35597336842431365 -1.418793573921073
-0.7401837915570074 0.4883186590886088 -0.46224745175428333
-0.32316910860407816 0.34449857861162775 0.8814099715763851
0.5896521263274415 0.8017889316199156 -0.09718256117832529
0.2522891920757491 -0.39809474694293057 -1.4035186462799498
-0.5380279796664945 -0.05297649007612094 0.841259709430688
0.6137930986259634 -0.7086652102718117 0.3479251413042022
0.5777400632303766 0.7035530727174351 0.4137981193048552
0.16981385651464015 -0.33577049588610736 -1.5545331825263078
-0.4923760009025086 0.5495348799885285 0.6749642152745514
-0.37040011674096046 -0.8340506829788886 0.40885738441972586
0.7876352856288753 -0.04869538496018594 0.6142137751505553
0.3519600806944882 -0.4651919064544326 -1.5085697944400387
-0.34067550939121355 0.1288663012706928 0.9313072053920551
-0.7346004011875784 -0.6547003231251698 -0.17812780460392266
0.5867725852518308 -0.7448227004392275 0.317705250691322
0.4687014098671194 -0.5620474299296151 -1.659274712002282
-0.8180248078005223 0.4298555301829744 -0.38217641625142523
-0.16962967978636037 0.4545996468950755 0.8743941824344794
0.5496009410544921 0.7801040393474362 -0.2989569905259427
0.45661052264886065 -0.6824254606069715 -1.643756836391419
0.09844202633252618 -0.0962278834901071 -0.9904787516748431
0.9492099847493815 -0.28981927799743606 0.1224969820793951
-0.29884692171798655 -0.9522316984262142 0.06281009555773717
0.4763927234320088 -0.7309964995393952 -1.7501364031599098
0.29483269256142036 0.8144545691601538 0.4997363560061077
-0.6235897436353285 -0.23227022431582 0.7464493467466164
0.724023200271582 -0.5317073586457505 0.43940415994106974
0.535798313407746 -0.7386507989817604 -1.797194387159101
0.050640202175688195 -0.5936495681126543 -0.8031279566797829
0.9343009665726469 0.31228952443178437 -0.17192388539037534
0.3528709752189982 -0.7416564770282743 0.5704618637010636
0.4592705230826995 -0.8264110468742646 -1.7191114636731681
0.14214295882113645 -0.48548496768152993 -0.8626122574735928
0.838262778412436 0.522494419413403 -0.1559333055892174
0.5264131783068734 -0.7009301450644608 0.48123258348811104
0.6121231132145445 -0.7497110661265738 -1.7985625125004407
-0.504678111910854 -0.8483583954763075 0.1599652658502289
0.6181252442722116 -0.48444405703132143 -0.6190603194943626
0.6026789507779196 -0.21354832340662652 0.7688790927884775
0.7676792187535015 -0.7989942268443184 -1.7773209271517694
0.30310782622479726 -0.7082491211939973 -0.6375803898698171
0.24675826976577275 -0.5879034049937489 0.7703763249716984
-0.9204542522791443 -0.39083478042192976 -0.00343191804122925
0.814831728562748 -0.9287544843920609 -1.5546932329180638
-0.699473956666175 0.02725831291566771 -0.7141378416752843
-0.2847918225247051 -0.9271328981210576 0.24355567869218364
-0.6554609687500976 0.3737409998880952 0.6562679930082856
0.8197935707713637 -0.8771307429591082 -1.6622476347183435
0.06122450146623241 0.8364031650426966 0.5446832240082152
-0.7142167757847064 -0.344493522749732 0.6092772601531641
0.6972407723371039 -0.4263247972437729 0.5762818505025731
0.9367389077668585 -1.022038130581685 -1.5636568600477168
-0.8176320158791789 0.09545495509693071 -0.5677722649504094
-0.5158771405729126 -0.5593279603526486 0.6488631292067398
-0.2556338223409355 0.8234319020128896 0.5065679933186644
0.994589174483914 -0.9877001485242206 -1.432731842943055
-0.6983670142391796 0.6349019687967941 0.330427701514397
-0.5476225446670127 -0.17672077784765414 -0.8178504366941587
-0.46086198161344927 -0.7521093007531305 0.4711023148820012
1.1095245958585007 -1.0373429239507594 -1.4701789955096363
0.05811332568988084 -0.17266913938278353 -0.9832639287106882
0.9893815537099668 0.14139196403248167 0.03364532677766831
0.13321632674791573 -0.9747788649407453 0.17905177316273785
1.0532223102221572 -0.9440859891646639 -1.4492460005614312
0.5577646970533565 0.7813346022368607 -0.28002623610057076
-0.18492175352408904 0.4458835830240814 0.875780956928424
0.8091364960620392 -0.43669647035216336 0.39318396054532284
1.304754254682704 -0.9570802455644237 -1.5452038834660966
-0.8315071694644847 -0.5550349771431461 -0.023045928453751852
0.5335375586942787 -0.7863722926414766 -0.311379770942658
0.15470406605085682 -0.2712098334760086 0.9500057410991011
1.4823939293220985 -1.0064205430688957 -1.2925455252628508
-0.006033565064396715 -0.07377334372667789 -0.9972561967931809
0.4808602420178113 -0.8746177631438846 0.06179168105171848
-0.876776103590275 -0.47916834622804005 0.04075168810831608
1.3221963961852874 -1.0929720511170384 -1.4005795526392673
-0.22455871090411647 -0.5478715868350069 0.8058588425748578
0.8869027663474104 -0.4575151002492029 -0.06390403000199557
0.4037042163887453 0.7003677887385298 0.5886481747136283
1.237782533758605 -1.0678019916330594 -1.3242965218117504
0.7260908843724592 0.2727266702860069 0.6311989025083293
-0.6856730232837193 0.355840864284402 0.6350034791521846
-0.05142366939652074 -0.89386659426965 0.4453737609689075
1.2952186496481528 -1.0853206767091346 -1.2732268877964452
-0.21308567480448862 -0.5104275673894704 -0.8331011863757151
0.9528440768899155 -0.2971300305262356 -0.061665722794718325
-0.2160634312566089 -0.8069547658926095 0.5496714128290032
1.3580922566528146 -1.1456837065069099 -1.1137042382461777
-0.24195099744567108 0.8306417419081072 -0.5014920036495841
-0.5431635479639035 0.3123266392802365 0.7793747107399449
0.804009927938636 0.4609620637306509 0.3756068080566925
1.5051165397990767 -1.11776962334847 -1.1378301133514046
-0.850873196203149 -0.5160221475948251 -0.0986696145431677
-0.20947236106759887 0.16098185879829874 0.9644723280608838
-0.4818049391644034 0.841311958126618 -0.24506714847979058
1.4919816934779846 -1.1090594558568212 -1.247098754180281
-0.006954756039606517 -0.926529579131087 -0.3761572534839011
0.9485330901594965 -0.12521039324366953 0.2908746140627067
-0.3166018938898151 -0.3547742488200058 0.879713794153364
1.5123460693124329 -0.9967166962568657 -1.2238651685359878
-0.5055289726116609 0.26173386610299487 0.8221527641499984
-0.3264244192528612 -0.9400704264482561 0.0985591942766768
0.798677864929773 -0.21854621743584218 0.5606694629475443
1.583633175600773 -1.0990598734026533 -1.166432267816149
0.28607775868127033 -0.9494690958250782 0.12910614763858205
0.9056408198378612 0.3119315855969957 0.2872509775014214
-0.31300778785025823 0.034747851984349466 0.9491139581116042
1.3555725006206993 -1.0839820329861238 -1.1124971948020936
0.5729134793200304 -0.5957195033766393 -0.5629280401446665
0.7811774236819975 0.6047473776462178 0.15505775405435324
0.24805886825489473 -0.5285805923834395 0.8118301799728691
1.4083430761076958 -1.2103982331959386 -1.0994778546530322
0.6862585869464642 -0.09835436060033119 -0.7206766938728728
0.42927609590289106 0.8546207053965286 0.29214009933305046
0.5871721385087405 -0.5098533494920569 0.6287118446790845
1.4182283636327422 -1.1942185491854764 -0.9913681220186102
0.08238691787331534 -0.5470819038612103 0.8330142256298013
0.7847163465561542 0.5508758122368619 0.2841779779023709
-0.6143560773688271 0.6302667394214602 0.4746884331554217
1.6108358811151473 -1.10236357551213 -0.9086605252667582
0.13341376243253694 0.7186489371271718 -0.6824544685935973
-0.5624450391896184 0.6218781914862821 0.5449068417740786
0.8159999665324144 0.3111457393129587 0.48716784528525897
1.5117225243042802 -0.9831236709288542 -0.7200265489807567
-0.400338540257554 0.8848153907853858 -0.238389589251982
-0.8132023669077626 -0.22311914745891326 0.5375119928294882
0.4224097532384585 0.40904534456162167 0.8088571280840828
1.5308495701056297 -1.0152322097802826 -0.7988403925661093
-0.7416850878392917 0.3533342869705572 0.5701374336646616
-0.12229939803756187 -0.9069933302808728 0.4029977760781845
0.6595039822360999 0.22917017030867162 0.7159160590806025
1.600888213291416 -1.1573872103112373 -0.5986104873439129
-0.5200520270322988 0.3873905363890784 0.761231695948821
-0.5283767338063635 -0.8461499171747736 0.06963355950494232
0.6710911466448234 -0.36600422944669175 0.6447293073098047
1.610259487112087 -1.1753734105785147 -0.685563255851088
0.2757455981380821 -0.646715541558091 0.7111424876999796
0.7854898141554324 -0.27483007128143416 -0.5545045864217997
0.5540495495494372 0.7114963619381495 0.4322050525163617
1.6243524105074238 -1.0706034406412304 -0.6647615558801665
0.3786674875981523 -0.06036262445882883 -0.9235616971141937
0.8288267845512013 0.4662039589729778 0.3093544154195019
0.41189510962681947 -0.8826153389929992 0.22656668410029673
1.668396194516548 -0.9683582069002644 -0.6596941432738526
-0.6356128438780042 -0.12414114600385594 -0.7619607941166869
-0.6329730465664262 -0.4812478073299436 0.6064199470240795
-0.44197378629923395 0.8677488440317649 0.2273093083667376
1.5226803667122022 -0.9247242145058912 -0.5060219587531982
0.5230777472306125 -0.7862193138123131 -0.32901133171609825
0.219085123314156 -0.24902448432742136 0.943392631511313
-0.8236451554776998 -0.5655487262925611 0.04198999812736739
1.543507230291198 -0.918891515401217 -0.42391484616729697
0.7078629433488731 0.7052521208786912 0.039359187742422974
-0.6762922269606754 0.6606064010507678 0.3259248275842554
0.2038579590983906 -0.25732888374763657 0.9445758892894534
1.536991853263457 -0.9420324605324366 -0.35049108972914805
-0.47584492519605714 0.42682200447755014 0.7690215090077475
-0.019709360595380115 -0.8793115681440453 0.4758396908076984
0.8793073809854867 0.21126934904284433 0.42682802089950994
1.4941577209730894 -0.9335819702549842 -0.35558495235411414
-0.7105687440245363 -0.45866304915520734 0.533591534446121
-0.04204818779512986 -0.729308905568745 -0.6828905044337122
0.702369572395014 -0.5076777401283489 0.4989382055918878
1.4999504880505614 -0.8236930774387519 -0.4277730962392484
0.5693866006105979 0.5248778180801086 -0.6326942138286477
-0.7968381418978027 0.16317019765595903 -0.5817427610146976
-0.20210627996335265 0.8353912934843231 0.5111489559510524
1.5014728198608283 -0.7707651511148539 -0.34557959112335146
0.5622523152119842 -0.7704883151414841 -0.3003669720687493
0.7261789397382259 0.6337824130694596 -0.2664277705337642
0.3956467549764137 -0.06832022568250237 0.9158573641609793
1.4220462136113017 -0.7907749417408156 -0.27292833812481787
0.0505808641624755 -0.48630973765441976 -0.872321104229055
0.3240076956558301 -0.8182062493199567 0.4749285515670745
-0.9447007378551666 -0.30666079716451283 0.11618272857789015
1.4647295922721273 -0.7241666594159152 -0.18490427946625368
0.07869168260618235 0.5385218279179169 -0.8389291819576887
-0.6163784413304998 0.6876865670898251 0.383620345328388
0.7835081483049487 0.48690980745233886 0.3860481823321691
1.4981650245524223 -0.6108701847285699 -0.00205164679103643
-0.7982600376072548 -0.5972009991622031 -0.07830107853510136
0.5887665555392134 -0.8011016504567797 0.1076608960760429
-0.1270223241601475 0.039840348484342036 0.9910989334475176
1.5204551786475307 -0.569972597497823 0.05432848574536827
0.8235684259803502 -0.5028429767854086 0.262456551738904
0.08563495503289781 0.5676324818596563 0.8188165402681777
-0.5607139955647785 -0.6518751867054379 0.5105454992484929
1.4475082971631934 -0.40095978826272066 0.16485710449489108
-0.47936786294198597 -0.7993440976709445 -0.36229228977330613
0.7171939175784624 -0.11888266245541781 -0.6866594776038181
0.5058056782118913 -0.588995612095309 0.6302719492524916
1.3299680138358216 -0.4163456761416761 0.26019292188089943
-0.15597881450575504 -0.10646876230045024 0.9820057343669162
0.9183426646432278 0.3504874397557136 0.18386580873616815
-0.36375628209089766 0.9304960805538848 0.043105819320175334
1.3091148461819493 -0.49350826341206827 0.16512345987933832
-0.8586494211547542 -0.5096633939849629 0.054436035431528626
0.4226071785441247 -0.6438548792709764 0.6378517581900275
-0.29004119469756984 0.5706957894544745 0.7682331387792233
1.1917566503584418 -0.32139543651796054 0.1447891450600391
-0.8221993988625441 0.44359452358665974 0.3566678278577827
-0.49603307264148455 -0.8657351513501055 -0.06673609275904328
0.2791769711027883 -0.2317900209188815 0.9318441033459643
1.1427723408508208 -0.26491409923409825 0.2742379322646521
0.17408781824171632 0.008425110164410094 0.9846937980511868
-0.9353194466572621 -0.31136119809618873 0.16802307432052152
0.30801078853632535 -0.9502540977992927 -0.04632406375693374
1.049862756326412 -0.23744864022340284 0.16513263994101174
0.7081850827384959 -0.6824945853264235 0.1807606114090111
-0.1545111381421608 0.10000033992202503 0.98291731087868
-0.688911895152193 -0.7240162058728973 -0.03463456760652395
1.0240206080642786 -0.25522630473567104 0.18698850009950152
0.6965257535588391 0.31057113414388865 -0.6468359708366946
-0.46615869128184917 0.8811779454930919 -0.07888031729474763
0.5454798592007897 0.35647022723103716 0.7585378697250884
0.9826530517089268 -0.29785377709617306 0.3614703877788906
0.32930347477163074 0.017380518358351235 -0.9440639578479955
0.940774618872398 0.07934422583661022 0.3296175194846342
0.08063481321921732 -0.9966947959871129 0.009777145683096664
0.9989526147428515 -0.19297882553390697 0.45308350190035995
-0.22888393724527162 0.04881789759048419 -0.9722288459445715
0.6404206369739519 -0.7446190071108708 -0.1881589265418342
-0.7331250542836912 -0.6657014984676052 0.13916732700923973
0.9266789169879768 -0.0739888454862738 0.3953244220959579
-0.7737133345720588 -0.25135047785172454 0.5815406399706707
0.6250961028182949 -0.15355100061084923 0.7652949192221544
-0.10306112564380707 0.9556381638373589 0.27592210279718654
0.8965570350337699 -0.08359995776388186 0.23435032091811978
-0.9685351196280153 -0.1387891865673488 -0.20658276117384305
-0.24592773165480425 0.40635498192529595 0.879997138135585
-0.03818857391130778 0.9031122933286637 -0.4277005898053067
0.756018091325149 0.0397525804209259 0.40543507244110394
0.8130226175358342 0.5549812360183652 -0.17604142348953705
-0.5726312978286847 0.7075066255834263 -0.41416006511508824
-0.10530104426209466 0.4375282444298211 0.8930174823895415
0.7504052719686661 0.012136831308853263 0.34418471382693816
-0.7655585148932176 0.04155034949465895 0.642022524842578
0.3997789199911141 -0.7511454454197168 0.5253163602664135
0.5040787571843403 0.6588272992699998 0.5584350570091698
0.7393995292528398 -0.01768763633236635 0.1204848866706375
-0.618547788220106 -0.4711375560648547 0.628830481958672
0.7223426136413874 -0.6559069746708175 0.21910644090948767
0.3092246068313105 0.5897582569427843 0.7460326256973775
0.7161253537007501 0.13586372190131202 0.19947165198934091
0.6766903972992206 0.5705469257122053 -0.4653660962573729
-0.6150808716591429 0.09066522991039798 -0.7832345608422937
-0.4046785952351288 0.8162442982945853 0.41228403677411357
0.6649911668935515 0.2057730642417544 0.2840118161949692
0.14089040943916598 0.927781337950231 0.3455017992064752
-0.5605597675273255 -0.21289565949681005 0.8002800915511319
0.8160406701313974 -0.3064263579724212 0.4900812662835465
0.6133211150275989 0.2935975695678185 0.2132500852826559
0.8137251880478463 0.5475625185063272 -0.19499997195678373
-0.5712402282395288 0.8153572594047559 -0.09422005220299239
0.10740355404789396 0.18806102546688558 0.9762670897755517
0.5472307445415421 0.23692732852642923 0.16670888832606157
-0.9946806459272585 0.09551260257804238 0.03857106268149983
0.065372902619746 0.29596656632228086 0.952958639253335
0.07960384564431722 0.9504110317520483 -0.300635883632457
0.42709465365848276 0.22835394761212996 0.17122838029339027
0.35120160910109793 -0.6972644982180852 0.6248839632650585
0.38373304342700043 0.7159612268532215 0.5832226979278545
-0.8540523538962501 0.034959483357882196 0.5190091200921593
0.34604017679225213 0.2521849593908084 0.20890355110447104
0.5374556055270262 -0.0033965206879793047 0.8432856952315292
-0.5939751989226614 0.708320012522769 0.3814144948527591
-0.598610267676764 -0.7058837633511351 0.3786726163681564
0.38708221375971236 0.14655167838913588 0.20514629966589557
0.20954808417926366 -0.756062555107782 0.6200472396063962
0.8129599903958012 -0.21763645383560437 -0.540122094015158
0.5433106845200402 0.6172546383365386 0.5690428505054169
0.4102872970780984 0.28680376411364017 0.18153999127518375
0.714972255162065 -0.5273052618623109 0.4590901103515447
-0.4354643996843945 0.17785456310360664 0.8824611264558829
-0.5469778990226148 -0.8308527851782876 -0.1024613322828442
0.3784370587752629 0.34209264857082394 0.10540114422562506
0.930985462786008 -0.18542259488836657 -0.31445665752668145
-0.055861150017789296 0.7788925756793288 -0.6246647300471092
0.3607550665589435 0.5991197898258772 0.7147796668906298
0.32689274704103033 0.1386062616556085 0.0065753676545283885
0.9835920776215562 0.05718988687193848 -0.17110186613375747
0.09336437099425643 0.6501737669175507 0.7540279807193406
0.15436848946756532 -0.7576300771239604 0.6341656424638733
0.32967503683305316 0.32843541894620293 -0.12712535604581404
-0.7457055903449485 -0.5666403314239402 0.3504871082178098
0.3623009588757255 -0.7863262910067519 -0.5004292657827977
0.5591600827786157 -0.24619140263424713 0.7916623909539695
0.28729222017422706 0.29686135848884676 -0.12362973661553246
0.6368120647684521 0.751375345921879 0.17293161456326425
-0.45943038632058075 0.1896713171982351 0.8677265033895448
0.6191875706483797 -0.6320284639695868 0.46598946480562853
0.38118245134480916 0.42581178066847963 -0.19135895366681205
0.3697883848333845 -0.6918802983187121 0.6201268636138735
0.7847296901955279 -0.12477094204718715 -0.6071503313750641
0.4974495449800315 0.7111489492422359 0.4968007408432781
0.3545447771622691 0.46816583356294333 -0.25793840542757485
-0.6905221229016164 -0.5348989021283035 -0.48688949188790326
-0.21045114579830718 -0.4954402691439004 0.8427624483839893
-0.6920177816186754 0.684412760704407 0.22954203855552097
0.28037925324535923 0.43620197674190836 -0.21305172919523452
-0.5562714591889355 0.4863076970066771 0.6738448165082415
-0.2333476238437152 -0.8696692567271067 0.4349998496925712
0.7975651693735314 0.08473768790445335 0.5972503076621699
0.15447234849092634 0.41757305119620264 -0.378588980875204
0.7859763717161471 0.2892750259623518 -0.5464078029960948
-0.23879476302123392 0.9572433698573822 0.1632848425497108
0.5702792240051333 0.0021412008746148283 0.8214477203877815
0.16671230036715257 0.3780381303020017 -0.511642533317943
-0.3378850353623044 0.9361737009654183 0.09701137273877936
-0.5068593378064624 -0.2678429067766344 0.8193622334102293
0.7930495401416843 0.22767873276079229 0.5650081177129467
0.17704744581202925 0.454217297452211 -0.44757853702578393
0.3263214126221707 0.6735628113189609 0.6631941376318419
-0.10022099363453552 -0.6729927307349948 0.7328281319935076
0.9399308693621367 -0.3056037440928234 -0.15210651928308713
0.23874258620231856 0.3177254539826138 -0.6159684515578999
-0.2858953621461713 0.5217244712739666 -0.803782075906553
-0.6930832908203456 0.4666579981272553 0.5494231892356972
0.6617391245524715 0.7141655937316671 0.22818252950489937
0.2684204533972963 0.3611564317749404 -0.5882625173871966
-0.546976142130052 -0.6102202994540502 0.573104008984783
-0.009530741092533873 -0.6800075261624416 -0.7331427429766615
0.8370932720326292 -0.40647330539076765 0.3661325002762631
0.16751792220439982 0.3011557569655982 -0.6308014841211881
0.8478430592890895 -0.041767330735543715 -0.5285995916616246
0.3480694947218526 0.7958837052738852 0.4953957758573131
0.4000124936302879 -0.6040068304315914 0.6893217043621651
0.1466781677690018 0.2631510956082863 -0.6462861543293876
0.9164420519460617 -0.3312833524428839 -0.22446689000692616
0.29520083258074914 0.9383845529401061 -0.17969842094625949
0.2701669704802177 0.09842052951423495 0.9577698327471895
0.17668161293464063 0.36776450713441694 -0.7851231417014481
0.3730409558425356 -0.8447843068132234 0.38364059937583117
0.5987685290943647 -0.09665871134672292 -0.7950687043295616
0.7087426255101336 0.5263042240007461 0.46977238972044055
0.13215519459235298 0.3289944312501325 -0.7873441809223396
0.2691812323615167 -0.961603891866209 -0.05346435497084681
0.0968013080368391 -0.0282184474803204 0.9949038992099783
-0.9582119258443584 -0.2729849081761258 0.08548822940366183
0.14543520354453732 0.37276039590268795 -0.8849415817535181
0.9547392618509984 0.010840636373159511 -0.29724478139286303
0.27829718839747536 -0.3852982582699652 0.8798274281461728
-0.1049900094270179 -0.9227280995786677 -0.370875812629247
0.18864520864447398 0.35869470762668965 -0.9496101396350229
-0.5995341185346856 0.733799958838828 0.31952402560456467
0.19138867652794678 -0.2562019088764023 0.9474865498593764
0.7771281511954249 0.629203672549877 0.013160593320912179
0.1550341072479661 0.3356984351097925 -0.9133410360438792
0.04991339448674855 -0.706496130251127 -0.7059539253262664
0.3911900156931528 -0.6365324472557164 0.6646790042191826
-0.9189550086679968 -0.3093380510556181 0.24460205012907177
0.16285181855297362 0.278991936282899 -1.0417893885576526
-0.7463825701453158 -0.5042427304695315 0.43434152546277177
0.6500862007339128 -0.41267688196793967 0.6380328256223659
-0.1424800768933599 0.7585756334951772 0.6358160903555954
0.30770999985007347 0.33319765158836223 -1.0461873550643341
0.830725335178133 -0.05756212061289383 0.5536982144512922
-0.07655713319370423 0.9733763702965623 0.2160522006159438
-0.5513923971645728 -0.22186921497931775 0.8042013992259172
0.24940753587244927 0.2698893937741564 -1.005251894224402
0.6364339082315972 0.2815673859772375 -0.7181028917622404
0.05505158595525097 0.9120356018233664 0.4063986461018971
0.7693639732784503 -0.29817793402325693 0.5649494046663422
0.20216416779021024 0.32723157158062816 -1.070472395806038
-0.920746327615812 0.325428722562497 0.21522330109600799
-0.31690025562163876 -0.9455668602900928 0.0740151264544048
0.22759504594863172 -5.517324134681045e-05 0.9737556175024419
0.37974132557455975 0.30077541761898224 -1.0498502659007647
0.18302756211455037 0.223553407701299 -0.9573533118123394
-0.8941579829482312 -0.36691210236535415 -0.2566247260725991
-0.40863418298694726 0.902994285854968 0.13273603192733013
0.234733239134832 0.2743979454936859 -1.1929089652423914
0.9508662888470195 0.265417782852617 -0.15939228652108234
0.22827536044456756 -0.2532514399596769 0.9400818963230814
0.20914796994085802 -0.9302770603918153 -0.3013974040610468
0.2659073337372253 0.3162598797361637 -1.3356369046950725
0.687029963978437 -0.1426479314911979 0.712489858466875
-0.05999182296764087 0.9660586064266383 0.25126282867176547
-0.7241479136146777 -0.21536785376730191 0.6551525436056554
0.33225795626716953 0.42969333337980814 -1.2902683529695125
-0.7447248979704211 -0.5827627372436455 0.325227422750479
0.4694500768656009 -0.11107290675879664 0.8759454336355125
-0.47434355044892607 0.8050152068053585 0.3562965751561025
0.4393712045825309 0.38935823013792337 -1.3969963993265586
-0.9856888120762379 0.15752856539560225 0.060019294557019265
0.06644167533300596 0.0358201246819681 0.9971470078912652
0.15492941188416245 0.9868640958734969 -0.04577391610935982
0.24047896467233276 0.3461996283734702 -1.4864548014783991
0.8376244668481041 -0.25109121036059784 0.48511687044071733
-0.37212647406526606 0.3878386450786011 0.8432695087570009
-0.39988455755942787 -0.8868669127262228 0.23142598712714638
0.3772051399597613 0.3024253451672485 -1.4353549016494376
-0.24615018300785704 0.7538048191653529 -0.6092517924402674
-0.12109828200062096 0.5997478456741235 0.7909732805510148
0.9616359822991213 0.26847776077773094 -0.05634361941030197
0.4351487887150766 0.09283933418586107 -1.4992785235069959
-0.37382300910943683 0.9023766252573139 0.21441160092334444
-0.5529440871000243 -0.40242249601535524 0.729595434113489
0.7446538065062664 0.15418134715126164 0.6493989163263154
0.4763124133220103 0.1015377918001058 -1.4932381899388036
-0.8430073420419728 0.5364051110735218 0.04010164117298977
-0.43883382788171554 -0.7289442545230954 0.5254191723806448
0.31106999853218364 0.42533423156186684 0.8498974221198276
0.5090833213988719 -0.045248513131813536 -1.6398809678187514
0.6677115150405516 -0.4559296450520777 -0.5884635933303358
-0.009016614924339236 0.7854888066552842 -0.618811097859734
0.7443651839416907 0.41849247421308805 0.5203681854594747
0.48348874748511445 -0.002656745451356461 -1.688242890436117
0.5251419720239159 0.7828599296691859 -0.33370163894562627
-0.6532274991814667 0.11948063518378356 -0.7476753757459721
-0.5454538492047796 0.610618123527403 0.5741287789433493
0.7482437563734649 -0.03142132664096137 -1.635617267517565
-0.6612171274618527 0.030036693385859542 0.7495930860661011
0.07465924819112145 -0.9916027275193284 0.10559093706375744
0.7464704052434615 0.12578271325045123 0.6534221991752414
0.7342391190989259 -0.11004333745493794 -1.705071196656141
0.06283369506368532 -0.7156310019768486 0.6956464406898532
0.8422222119779278 -0.33594309840327186 -0.42166780168015733
0.5354561837456283 0.6123830961157288 0.581611451346854
0.7384167692251411 -0.32689913735831366 -1.7272005566388307
0.6944800345876517 0.6053708046792824 0.38887458558918764
-0.15327519305986842 0.6525386119768241 -0.7420923778669748
-0.7029963192958818 0.45576297031581325 0.5459622336271851
0.8070972172338348 -0.28488608456444614 -1.9209523823586987
0.48800614436921774 -0.39808758113457704 -0.7767723285511801
0.8728354688091366 0.22550796311991358 0.43278775437237316
0.0028813400143541585 -0.8891973949648446 0.4575139045208492
0.8743153440055689 -0.31468710669355504 -1.8872745735880594
-0.38315120107072737 0.8249133855173595 0.4155867206339218
-0.8022356936949495 -0.07417908676672015 -0.5923819891057915
-0.4578356172390672 -0.5603697604774778 0.6901960536781623
0.899765757938563 -0.2239518933657394 -1.9127144058373475
-0.812517254768173 -0.06572554185208138 -0.5792196638907878
-0.5477576553558237 -0.2538717265395215 0.7971893493527091
-0.19944282727564638 0.9650019061278919 0.17027278926565345
0.9790279184999371 -0.2859940513570649 -1.923176481242332
0.17522096765956077 -0.9677786813201066 0.18083362782612689
0.5831836488012049 0.25001015875509575 0.7729112101971335
-0.7932175660422713 -0.029971026776946193 0.6081990813905573
1.09686079840345 -0.3214725641096288 -1.8423457868765911
0.682505748851944 0.2432325513790851 -0.6892195110868082
0.5337634345744697 0.4783101021551906 0.6973639922509473
0.4992827072442211 -0.8438339835098423 0.1966207902487634
1.2591512622431318 -0.4610446731180831 -1.7692447165425407
0.7067934590209342 0.36824727565153903 0.6040164351735494
-0.32135398336606075 0.927784170096724 -0.18960197373486348
-0.6302171534147227 -0.060093607334329835 0.7740893546404154
1.210343002581385 -0.46888957828532235 -1.8103530691529204
-0.3056740232271206 0.9198851586966331 0.24571022218719027
-0.9330296925352751 -0.23795608835337537 -0.2698758861310038
-0.18978672832696047 -0.31174922140633415 0.9310173787713518
1.4095781517991766 -0.6183829975690074 -1.8010687574391053
-0.5908243870353541 0.7796141937735356 0.20767188163402858
-0.1072764300582548 -0.33102902684993596 0.937502595347086
0.7996356765888224 0.531620679274938 0.27921404601430966
1.4141455291284468 -0.6291033212635693 -1.7084136862147292
0.8959413377378249 0.11510102766265418 -0.42900020594144256
-0.1635180979909931 0.9834817347054453 -0.07763015568013165
0.41297804468009297 0.1397013230155036 0.899962722376083
1.5342619942901166 -0.5555292922559328 -1.6929342784084167
0.5729595025501609 0.25799399850843074 0.7779175990275347
-0.686948590556167 0.6688575981482306 0.2841333544002332
-0.44701079878234196 -0.6971864005238698 0.5604567883031047
1.4893842707735105 -0.4647822058739136 -1.7259163950875491
0.6073566527275328 -0.24784192187988 -0.7547797158149139
0.7181529514079609 -0.23493532222498256 0.6550284782342441
-0.3396673217086627 -0.9398821536726621 0.03529920879903327
1.5581041944169685 -0.5826475620673627 -1.7052899891711744
-0.4334568616754971 -0.8982839265787935 -0.0721225594569614
0.5116373767617705 -0.3111857229642891 0.8008691521240899
-0.7418504493843826 0.31024105876587826 0.5944804808797713
1.7103174130570806 -0.5743606114273064 -1.6802941010852632
-0.08260185164968695 0.2701026631985166 0.9592814046275312
-0.23841821382393708 -0.9399756403933471 0.24413717535416943
0.9676426848680191 -0.20854407743935216 0.14204123726538592
1.6618115090725987 -0.5293856009082165 -1.6366865593702749
-0.61639983097248 0.7097304855712029 -0.34107866603473713
-0.09587994380446438 -0.49757689784018483 -0.8621048599054187
-0.7815745081526663 -0.4986979392211675 0.37475531240545035
1.720892590572962 -0.5222183031365433 -1.5311117014176299
-0.6045881339635378 0.7390975402233139 0.29699926595809334
-0.7475019995876212 -0.6552577659499133 0.10898458348934942
0.27516119926041427 -0.1561159759828784 0.9486380013365432
1.645910790973271 -0.52691987032928 -1.4230223061568725
-0.6291841857545509 0.04490234196154899 -0.7759579897610877
-0.48783848423296267 -0.8000167588374854 0.34926819229206546
-0.6050963995424727 0.5982951923858019 0.5252626311643955
1.7812184490712164 -0.3917752292432598 -1.4562895222603556
0.7841387251903453 -0.5294676732322954 -0.32371344079145575
-0.04982409960964444 0.4662300036227895 -0.8832596067509776
0.6185814053121043 0.7087258505384927 0.3392092186189111
1.8829415566073238 -0.4445754901305819 -1.4486848818611238
-0.5956548077414626 0.7955236919992559 -0.11107199585311682
-0.5758354383483962 -0.32650932293911356 0.7495369297423504
0.5600083471978592 0.5104244062556003 0.6525774405772453
1.8182842718932852 -0.5344449799769124 -1.457899474660165
0.11933120238342597 0.9868216485340617 -0.10927865442601456
-0.1811192999002029 0.1298541451012914 0.9748502820480867
0.9761945740514539 -0.09653734463810577 0.19422811047612062
1.8088816664495668 -0.4603465015646202 -1.4084079445843656
-0.04073149534941349 0.6872770458991043 0.7252529887858886
-0.41705586421564156 -0.6712944402969464 0.6127218969085688
0.9079674648942517 -0.2775136052308101 0.3139753630790637
1.9089747531482026 -0.41817105759095696 -1.5153963635002579
-0.4520899727990909 -0.1577479852892111 -0.8779128320723707
0.39226590030475883 -0.9191139789542817 -0.036850017451796904
-0.8010873694566507 -0.3610344440177662 0.4774009719157903
1.8727064877511 -0.52105810126832 -1.3581767919523702
0.3080485351133496 -0.4426885041295174 0.8420998013530329
0.9499513448934015 0.09479793714939715 -0.2976665926919334
0.05194423351572925 0.8916501078532655 0.44973449332320936
1.740033496412651 -0.4830986394780814 -1.1946558550827637
-0.11371174803575805 -0.9906822926403328 0.07494852239469152
0.3846943689891356 0.025648797253360105 0.9226874487521424
-0.9160125439137901 0.1337529698756051 0.37819361291872966
1.858354520175711 -0.5592165898678056 -1.1646137436340034
0.0034483467545046846 0.4101401981754151 -0.9120155800847884
-0.3520760836824843 0.8541230748794666 0.3827745698073122
0.9359646885290077 0.3197789066551416 0.1473462634791973
1.9231370940095946 -0.4723250133322833 -1.1185478956697772
-0.9144681840207567 0.25109034788951895 -0.31733327823192736
-0.38020372585345674 -0.26466461516982376 0.88622697591363
0.13853584208219272 0.9310775094673664 0.33749249013160537
1.979930074129505 -0.5061308311838901 -1.1151138089921393
-0.7616616342964282 0.28041641397376527 -0.5841561991901637
0.08117883694876664 -0.8531133365631265 -0.5153722681365794
-0.6428696339945278 -0.439959833761598 0.6270188411780947
1.9957774772539754 -0.576888938238492 -1.1155506746301196
0.5168678580299979 -0.6069544346891703 -0.6036993856012991
0.6698195781992617 0.7258837983966876 -0.15631953979066612
0.533093934559866 -0.3235723274559971 0.7817355039761672
1.9978275767711204 -0.5525600884637623 -0.9497593130671054
-0.8442600701575829 0.416458629711727 0.33732135537054236
-0.5207190614148008 -0.7863333070477054 -0.3324636403475276
0.12678944708797815 -0.4563362690340054 0.8807273195315041
1.9027004349094163 -0.47390377132640477 -0.9125045737375226
0.5910635026222854 -0.7356024447992145 -0.3309569719670392
0.38289605152989825 -0.1052577937426496 0.9177753247438308
-0.7099534689550544 -0.6691856481052911 0.21944481832373858
1.8789402460879627 -0.5399120745836753 -0.9024185326991249
-0.9347793015119602 0.06078029752291859 0.34998957576525735
0.3477541385871827 -0.044462384893778344 0.9365308615626822
0.0724839490491932 0.997159481278622 0.02042594671718376
1.986944956602451 -0.43765266583858553 -0.8070482781591393
0.2912493167495223 -0.20716363042290373 -0.9339472018260404
-0.07875161384917843 0.9677653782697313 -0.2392234671316564
0.9533997694869427 0.14322308584125326 0.26554596558789906
1.8659905530314596 -0.3664087247585932 -0.7892075411235993
0.7803774343148989 -0.025419146187646544 0.6247915550399448
-0.006202429632864455 0.9988093855037166 0.04838285826397783
-0.6252778675017044 -0.04163208458909557 0.7792903314661219
1.9802131211635428 -0.22766737878406207 -0.5840190084049482
0.2035394911640378 0.8953755782817748 0.39607371156651977
-0.7670826200993847 0.39722586120392656 -0.5037821825317117
-0.608404167949939 -0.20128136679863692 0.7676776976853635
1.8853299489141497 -0.2985304058007079 -0.5978284845637135
0.5679891593170611 0.07578033223220935 0.819539691071822
0.10533324884587274 0.9808704521591463 -0.16369998987548867
-0.8162675436666141 0.17930452380312303 0.5491419202760406
1.9716944510814187 -0.2705789830099197 -0.6703527068158853
0.29376524350171657 -0.8045184975308963 -0.5161897726698942
0.8638247373265184 0.4546579955013993 -0.2170110755310857
0.4092790421154617 -0.3821466018765748 0.8285246990673488
1.9218846020947769 -0.25289228829414284 -0.585186854680822
-0.6713265559250627 0.7392042280874475 0.05382523783053526
